run_date,run_id,run_timestamp,source_name,source_category,source_tier,coverage_focus,enabled,platform_type,source_priority_tier,source_status,activation_type,source_url,feed_url,last_success_at,last_successful_fetch,last_article_count,failure_count,fetch_attempts,fetch_success_rate,entries_found,articles_saved,signal_density_score,gp_signal_count,deal_signal_count,capital_markets_signal_count,residential_sector_signal_count,california_signal_count,la_signal_count,institutional_signal_count,source_quality_score,source_priority_label
2026-07-06,20260706-000644-f35b7e56,2026-07-06 00:06:44,Connect CRE Orange County,Site / Parcel Source Expansion,Tier 2,development_pipeline;gp_activity,Yes,Other,Tier 2,Working,RSS,https://www.connectcre.com/feed?story-market=orange-county,https://www.connectcre.com/feed?story-market=orange-county,2026-07-06 00:06:44,2026-07-06 00:06:44,4,0,1,100,10,4,100,3,1,2,3,3,0,3,92,Production Source
2026-07-06,20260706-000644-f35b7e56,2026-07-06 00:06:44,Connect CRE,Core Multifamily News,Tier 1,development_pipeline;gp_activity;national_multifamily,Yes,Other,Tier 1,Working,RSS,https://www.connectcre.com/feed/,https://www.connectcre.com/feed/,2026-07-06 00:06:44,2026-07-06 00:06:44,4,0,1,100,10,4,100,0,4,4,4,1,0,2,90,Production Source
2026-07-06,20260706-000644-f35b7e56,2026-07-06 00:06:44,Yield PRO,Core Multifamily News,Tier 1,lease_up_supply;national_multifamily,Yes,Other,Tier 1,Working,RSS,https://yieldpro.com/feed/,https://yieldpro.com/feed/,2026-07-06 00:06:44,2026-07-06 00:06:44,9,0,1,100,10,9,100,7,6,3,8,0,0,4,90,Production Source
2026-07-06,20260706-000644-f35b7e56,2026-07-06 00:06:44,Connect CRE Texas,Site / Parcel Source Expansion,Tier 2,development_pipeline;gp_activity;sunbelt,Yes,Other,Tier 2,Working,RSS,https://www.connectcre.com/feed?story-market=texas,https://www.connectcre.com/feed?story-market=texas,2026-07-06 00:06:44,2026-07-06 00:06:44,5,0,1,100,10,5,100,2,2,3,5,0,0,0,80,Production Source
2026-07-06,20260706-000644-f35b7e56,2026-07-06 00:06:44,Urbanize LA,Regional / California / LA Sources,Tier 2,development_pipeline;entitlement;la_california,Yes,Other,Tier 2,Working,RSS,https://la.urbanize.city/rss.xml,https://la.urbanize.city/rss.xml,2026-07-06 00:06:44,2026-07-06 00:06:44,10,0,1,100,10,10,100,9,1,0,10,1,0,2,80,Production Source
2026-07-06,20260706-000644-f35b7e56,2026-07-06 00:06:44,Commercial Observer,Core Multifamily News,Tier 1,national_multifamily,Yes,Other,Tier 1,Working,RSS,https://commercialobserver.com/feed/,https://commercialobserver.com/feed/,2026-07-06 00:06:44,2026-07-06 00:06:44,3,0,1,100,17,3,59,1,3,2,3,0,0,1,76,High Value Source
2026-07-06,20260706-000644-f35b7e56,2026-07-06 00:06:44,Connect CRE Apartments,Site / Parcel Source Expansion,Tier 2,development_pipeline;gp_activity;national_multifamily,Yes,Other,Tier 2,Working,RSS,https://www.connectcre.com/feed?property-sector=apartments,https://www.connectcre.com/feed?property-sector=apartments,2026-07-06 00:06:44,2026-07-06 00:06:44,9,0,1,100,10,9,100,5,1,0,5,0,0,1,76,High Value Source
2026-07-06,20260706-000644-f35b7e56,2026-07-06 00:06:44,Connect CRE South Florida,Site / Parcel Source Expansion,Tier 2,development_pipeline;gp_activity;sunbelt,Yes,Other,Tier 2,Working,RSS,https://www.connectcre.com/feed?story-market=south-florida,https://www.connectcre.com/feed?story-market=south-florida,2026-07-06 00:06:44,2026-07-06 00:06:44,6,0,1,100,10,6,100,5,1,0,5,0,0,0,76,High Value Source
2026-07-06,20260706-000644-f35b7e56,2026-07-06 00:06:44,REBusiness Online,Site / Parcel Source Expansion,Tier 2,development_pipeline;gp_activity,Yes,Other,Tier 2,Working,RSS,https://rebusinessonline.com/feed/atom/,https://rebusinessonline.com/feed/atom/,2026-07-06 00:06:44,2026-07-06 00:06:44,4,0,1,100,20,4,70,1,4,3,4,1,0,1,76,High Value Source
2026-07-06,20260706-000644-f35b7e56,2026-07-06 00:06:44,SF YIMBY,Regional / California / LA Sources,Tier 2,development_pipeline;entitlement;la_california,Yes,Other,Tier 2,Working,RSS,https://sfyimby.com/feed,https://sfyimby.com/feed,2026-07-06 00:06:44,2026-07-06 00:06:44,3,0,1,100,5,3,100,3,0,0,3,1,0,0,76,High Value Source
2026-07-06,20260706-000644-f35b7e56,2026-07-06 00:06:44,NAHB Eye on Housing - Multifamily,Public Agency / Housing Data,Tier 3,national_multifamily,Yes,Other,Tier 3,Working,RSS,https://eyeonhousing.org/category/multifamily/feed/,https://eyeonhousing.org/category/multifamily/feed/,2026-07-06 00:06:44,2026-07-06 00:06:44,15,0,1,100,18,15,100,7,0,1,15,0,0,1,70,High Value Source
2026-07-06,20260706-000644-f35b7e56,2026-07-06 00:06:44,Connect CRE California,Regional / California / LA Sources,Tier 2,development_pipeline;entitlement;la_california,Yes,Other,Tier 2,Working,RSS,https://www.connectcre.com/feed?story-market=california,https://www.connectcre.com/feed?story-market=california,2026-07-06 00:06:44,2026-07-06 00:06:44,4,0,1,100,10,4,60,1,1,1,1,0,0,2,68,High Value Source
2026-07-06,20260706-000644-f35b7e56,2026-07-06 00:06:44,Multifamily Executive,Core Multifamily News,Tier 1,national_multifamily,Yes,Other,Tier 1,Working,RSS,https://www.multifamilyexecutive.com/rss.xml,https://www.multifamilyexecutive.com/rss.xml,2026-07-06 00:06:44,2026-07-06 00:06:44,4,0,1,100,10,4,60,0,0,0,4,0,0,2,66,High Value Source
2026-07-06,20260706-000644-f35b7e56,2026-07-06 00:06:44,Bisnow,Core Multifamily News,Tier 1,national_multifamily,Yes,Other,Tier 1,Working,RSS,https://www.bisnow.com/rss,https://www.bisnow.com/rss,2026-07-06 00:06:44,2026-07-06 00:06:44,3,0,1,100,30,3,17,2,0,0,3,0,0,0,56,Validation Candidate
2026-07-06,20260706-000644-f35b7e56,2026-07-06 00:06:44,Connect CRE Atlanta,Site / Parcel Source Expansion,Tier 2,development_pipeline;gp_activity;sunbelt,Yes,Other,Tier 2,Working,RSS,https://www.connectcre.com/feed?story-market=atlanta,https://www.connectcre.com/feed?story-market=atlanta,2026-07-06 00:06:44,2026-07-06 00:06:44,2,0,1,100,10,2,40,2,0,0,2,0,0,0,55,Validation Candidate
2026-07-06,20260706-000644-f35b7e56,2026-07-06 00:06:44,HousingWire,Core Multifamily News,Tier 1,national_multifamily,Yes,Other,Tier 1,Working,RSS,https://www.housingwire.com/feed/,https://www.housingwire.com/feed/,2026-07-06 00:06:44,2026-07-06 00:06:44,1,0,1,100,10,1,20,1,0,0,1,0,0,0,54,Validation Candidate
2026-07-06,20260706-000644-f35b7e56,2026-07-06 00:06:44,Multifamily Dive,Core Multifamily News,Tier 1,national_multifamily,Yes,Other,Tier 1,Working,RSS,https://www.multifamilydive.com/feeds/news/,https://www.multifamilydive.com/feeds/news/,2026-07-06 00:06:44,2026-07-06 00:06:44,2,0,1,100,10,2,20,0,0,0,2,0,0,0,50,Validation Candidate
2026-07-06,20260706-000644-f35b7e56,2026-07-06 00:06:44,Connect CRE Phoenix,Site / Parcel Source Expansion,Tier 2,development_pipeline;gp_activity;sunbelt,Yes,Other,Tier 2,Working,RSS,https://www.connectcre.com/feed?story-market=phoenix,https://www.connectcre.com/feed?story-market=phoenix,2026-07-06 00:06:44,2026-07-06 00:06:44,1,0,1,100,10,1,20,1,0,0,1,0,0,0,46,Validation Candidate
2026-07-06,20260706-000644-f35b7e56,2026-07-06 00:06:44,Blackstone Real Estate Source Expansion,Developer / GP Source Expansion,Tier 1,capital_markets;gp_activity;institutional_capital,Yes,Institutional Capital Platform,Tier 1,Working,RSS,https://www.blackstone.com/news/rss/,https://www.blackstone.com/news/rss/,2026-07-06 00:06:44,2026-07-06 00:06:44,0,0,1,100,10,0,0,0,0,0,0,0,0,0,45,Validation Candidate
2026-07-06,20260706-000644-f35b7e56,2026-07-06 00:06:44,Construction Dive,Core Multifamily News,Tier 1,national_multifamily,Yes,Other,Tier 1,Working,RSS,https://www.constructiondive.com/feeds/news/,https://www.constructiondive.com/feeds/news/,2026-07-06 00:06:44,2026-07-06 00:06:44,0,0,1,100,10,0,0,0,0,0,0,0,0,0,45,Validation Candidate
2026-07-06,20260706-000644-f35b7e56,2026-07-06 00:06:44,Blackstone Real Estate,Developer / GP Newsrooms,Tier 3,gp_activity;institutional_capital,Yes,Other,Tier 3,Working,RSS,https://www.blackstone.com/news/rss/,https://www.blackstone.com/news/rss/,2026-07-06 00:06:44,2026-07-06 00:06:44,0,0,1,100,10,0,0,0,0,0,0,0,0,0,32,Manual Review
2026-07-06,20260706-000644-f35b7e56,2026-07-06 00:06:44,Federal Reserve - Press Releases,Public Agency / Housing Data,Tier 3,lease_up_supply;national_multifamily,Yes,Other,Tier 3,Working,RSS,https://www.federalreserve.gov/feeds/press_all.xml,https://www.federalreserve.gov/feeds/press_all.xml,2026-07-06 00:06:44,2026-07-06 00:06:44,0,0,1,100,20,0,0,0,0,0,0,0,0,0,32,Manual Review
2026-07-06,20260706-000644-f35b7e56,2026-07-06 00:06:44,WealthManagement Real Estate,Institutional Real Estate / Capital Markets,Tier 3,institutional_capital;capital_markets,Yes,Other,Tier 3,Working,RSS,https://www.wealthmanagement.com/rss.xml,https://www.wealthmanagement.com/rss.xml,2026-07-06 00:06:44,2026-07-06 00:06:44,0,0,1,100,50,0,0,0,0,0,0,0,0,0,32,Manual Review
2026-07-06,20260706-000644-f35b7e56,2026-07-06 00:06:44,Berkadia Research,Brokerage / Debt / Research,Tier 1,capital_markets;institutional_capital,Yes,Other,Tier 1,Failed,RSS,https://berkadia.com/feed/,https://berkadia.com/feed/,,,0,1,1,0,0,0,0,0,0,0,0,0,0,0,24,Failed Critical Source
2026-07-06,20260706-000644-f35b7e56,2026-07-06 00:06:44,Berkadia Source Expansion,Developer / GP Source Expansion,Tier 1,capital_markets;gp_activity;institutional_capital,Yes,Lender / Debt Platform,Tier 1,Failed,RSS,https://berkadia.com/feed/,https://berkadia.com/feed/,,,0,1,1,0,0,0,0,0,0,0,0,0,0,0,24,Failed Critical Source
2026-07-06,20260706-000644-f35b7e56,2026-07-06 00:06:44,Commercial Property Executive,Core Multifamily News,Tier 1,capital_markets;development_pipeline;national_multifamily,Yes,Other,Tier 1,Failed,RSS,https://www.commercialsearch.com/news/feed/,https://www.commercialsearch.com/news/feed/,,,0,1,1,0,0,0,0,0,0,0,0,0,0,0,24,Failed Critical Source
2026-07-06,20260706-000644-f35b7e56,2026-07-06 00:06:44,GlobeSt,Core Multifamily News,Tier 1,national_multifamily,Yes,Other,Tier 1,Failed,RSS,https://www.globest.com/feed/,https://www.globest.com/feed/,,,0,1,1,0,0,0,0,0,0,0,0,0,0,0,24,Failed Critical Source
2026-07-06,20260706-000644-f35b7e56,2026-07-06 00:06:44,Hines Source Expansion,Developer / GP Source Expansion,Tier 1,capital_markets;gp_activity;institutional_capital,Yes,Institutional Capital Platform,Tier 1,Failed,RSS,https://www.hines.com/news/feed,https://www.hines.com/news/feed,,,0,1,1,0,0,0,0,0,0,0,0,0,0,0,24,Failed Critical Source
2026-07-06,20260706-000644-f35b7e56,2026-07-06 00:06:44,Multi-Housing News,Core Multifamily News,Tier 1,national_multifamily,Yes,Other,Tier 1,Failed,RSS,https://www.multihousingnews.com/feed/,https://www.multihousingnews.com/feed/,,,0,1,1,0,0,0,0,0,0,0,0,0,0,0,24,Failed Critical Source
2026-07-06,20260706-000644-f35b7e56,2026-07-06 00:06:44,NMHC News,Institutional Real Estate / Capital Markets,Tier 1,capital_markets;institutional_capital,Yes,Other,Tier 1,Failed,RSS,https://www.nmhc.org/news/rss/,https://www.nmhc.org/news/rss/,,,0,1,1,0,0,0,0,0,0,0,0,0,0,0,24,Failed Critical Source
2026-07-06,20260706-000644-f35b7e56,2026-07-06 00:06:44,The Real Deal,Core Multifamily News,Tier 1,national_multifamily,Yes,Other,Tier 1,Failed,RSS,https://therealdeal.com/feed/,https://therealdeal.com/feed/,,,0,1,1,0,0,0,0,0,0,0,0,0,0,0,24,Failed Critical Source
2026-07-06,20260706-000644-f35b7e56,2026-07-06 00:06:44,Urban Land Institute,Institutional Real Estate / Capital Markets,Tier 1,capital_markets;institutional_capital,Yes,Other,Tier 1,Failed,RSS,https://urbanland.uli.org/feed/,https://urbanland.uli.org/feed/,,,0,1,1,0,0,0,0,0,0,0,0,0,0,0,24,Failed Critical Source
2026-07-06,20260706-000644-f35b7e56,2026-07-06 00:06:44,Walker & Dunlop Insights,Brokerage / Debt / Research,Tier 1,capital_markets;institutional_capital,Yes,Other,Tier 1,Failed,RSS,https://www.walkerdunlop.com/insights/feed/,https://www.walkerdunlop.com/insights/feed/,,,0,1,1,0,0,0,0,0,0,0,0,0,0,0,24,Failed Critical Source
2026-07-06,20260706-000644-f35b7e56,2026-07-06 00:06:44,Walker & Dunlop Source Expansion,Developer / GP Source Expansion,Tier 1,capital_markets;gp_activity;institutional_capital,Yes,Lender / Debt Platform,Tier 1,Failed,RSS,https://www.walkerdunlop.com/insights/feed/,https://www.walkerdunlop.com/insights/feed/,,,0,1,1,0,0,0,0,0,0,0,0,0,0,0,24,Failed Critical Source
2026-07-06,20260706-000644-f35b7e56,2026-07-06 00:06:44,Apollo Real Estate Source Expansion,Developer / GP Source Expansion,Tier 1,capital_markets;gp_activity;institutional_capital,No,Institutional Capital Platform,Tier 1,Disabled,Manual,,,,,0,0,0,0,0,0,0,0,0,0,0,0,0,0,20,Manual Review
2026-07-06,20260706-000644-f35b7e56,2026-07-06 00:06:44,BGO Source Expansion,Developer / GP Source Expansion,Tier 1,capital_markets;gp_activity;institutional_capital,No,Institutional Capital Platform,Tier 1,Disabled,Manual,,,,,0,0,0,0,0,0,0,0,0,0,0,0,0,0,20,Manual Review
2026-07-06,20260706-000644-f35b7e56,2026-07-06 00:06:44,Brookfield Real Estate Source Expansion,Developer / GP Source Expansion,Tier 1,capital_markets;gp_activity;institutional_capital,No,Institutional Capital Platform,Tier 1,Disabled,Manual,,,,,0,0,0,0,0,0,0,0,0,0,0,0,0,0,20,Manual Review
2026-07-06,20260706-000644-f35b7e56,2026-07-06 00:06:44,CBRE Capital Markets Source Expansion,Developer / GP Source Expansion,Tier 1,capital_markets;gp_activity;institutional_capital,No,Brokerage / Advisor,Tier 1,Disabled,Manual,,,,,0,0,0,0,0,0,0,0,0,0,0,0,0,0,20,Manual Review
2026-07-06,20260706-000644-f35b7e56,2026-07-06 00:06:44,CBRE Multifamily / Living Sector,Brokerage / Debt / Research,Tier 1,capital_markets;institutional_capital;national_multifamily,No,Other,Tier 1,Disabled,Manual,,,,,0,0,0,0,0,0,0,0,0,0,0,0,0,0,20,Manual Review
2026-07-06,20260706-000644-f35b7e56,2026-07-06 00:06:44,CBRE Research Public Insights,Brokerage / Debt / Research,Tier 1,capital_markets;institutional_capital;national_multifamily,No,Other,Tier 1,Disabled,Manual,,,,,0,0,0,0,0,0,0,0,0,0,0,0,0,0,20,Manual Review
2026-07-06,20260706-000644-f35b7e56,2026-07-06 00:06:44,CIM Group Source Expansion,Developer / GP Source Expansion,Tier 1,capital_markets;gp_activity;institutional_capital,No,Institutional Capital Platform,Tier 1,Disabled,Manual,,,,,0,0,0,0,0,0,0,0,0,0,0,0,0,0,20,Manual Review
2026-07-06,20260706-000644-f35b7e56,2026-07-06 00:06:44,Carlyle Real Estate Source Expansion,Developer / GP Source Expansion,Tier 1,capital_markets;gp_activity;institutional_capital,No,Institutional Capital Platform,Tier 1,Disabled,Manual,,,,,0,0,0,0,0,0,0,0,0,0,0,0,0,0,20,Manual Review
2026-07-06,20260706-000644-f35b7e56,2026-07-06 00:06:44,Carmel Partners Source Expansion,Developer / GP Source Expansion,Tier 1,capital_markets;gp_activity;institutional_capital,No,Institutional Capital Platform,Tier 1,Disabled,Manual,,,,,0,0,0,0,0,0,0,0,0,0,0,0,0,0,20,Manual Review
2026-07-06,20260706-000644-f35b7e56,2026-07-06 00:06:44,Cushman & Wakefield Multifamily,Brokerage / Debt / Research,Tier 1,capital_markets;institutional_capital;national_multifamily,No,Other,Tier 1,Disabled,Manual,,,,,0,0,0,0,0,0,0,0,0,0,0,0,0,0,20,Manual Review
2026-07-06,20260706-000644-f35b7e56,2026-07-06 00:06:44,Cushman & Wakefield Research Public Insights,Brokerage / Debt / Research,Tier 1,capital_markets;lease_up_supply;national_multifamily,No,Other,Tier 1,Disabled,Manual,,,,,0,0,0,0,0,0,0,0,0,0,0,0,0,0,20,Manual Review
2026-07-06,20260706-000644-f35b7e56,2026-07-06 00:06:44,Cushman & Wakefield Source Expansion,Developer / GP Source Expansion,Tier 1,gp_activity;institutional_capital,No,Brokerage / Advisor,Tier 1,Disabled,Manual,,,,,0,0,0,0,0,0,0,0,0,0,0,0,0,0,20,Manual Review
2026-07-06,20260706-000644-f35b7e56,2026-07-06 00:06:44,Eastdil Secured Source Expansion,Developer / GP Source Expansion,Tier 1,gp_activity;institutional_capital,No,Brokerage / Advisor,Tier 1,Disabled,Manual,,,,,0,0,0,0,0,0,0,0,0,0,0,0,0,0,20,Manual Review
2026-07-06,20260706-000644-f35b7e56,2026-07-06 00:06:44,Fannie Mae Multifamily,Institutional Real Estate / Capital Markets,Tier 1,capital_markets;institutional_capital;national_multifamily,No,Other,Tier 1,Disabled,Manual,,,,,0,0,0,0,0,0,0,0,0,0,0,0,0,0,20,Manual Review
2026-07-06,20260706-000644-f35b7e56,2026-07-06 00:06:44,Fannie Mae Multifamily Research,Institutional Real Estate / Capital Markets,Tier 1,capital_markets;lease_up_supply;national_multifamily,No,Other,Tier 1,Disabled,Manual,,,,,0,0,0,0,0,0,0,0,0,0,0,0,0,0,20,Manual Review
2026-07-06,20260706-000644-f35b7e56,2026-07-06 00:06:44,Fannie Mae Multifamily Source Expansion,Developer / GP Source Expansion,Tier 1,capital_markets;gp_activity;institutional_capital;national_multifamily,No,Lender / Debt Platform,Tier 1,Disabled,Manual,,,,,0,0,0,0,0,0,0,0,0,0,0,0,0,0,20,Manual Review
2026-07-06,20260706-000644-f35b7e56,2026-07-06 00:06:44,Freddie Mac Multifamily,Institutional Real Estate / Capital Markets,Tier 1,capital_markets;institutional_capital;national_multifamily,No,Other,Tier 1,Disabled,Manual,,,,,0,0,0,0,0,0,0,0,0,0,0,0,0,0,20,Manual Review
2026-07-06,20260706-000644-f35b7e56,2026-07-06 00:06:44,Freddie Mac Multifamily Research,Institutional Real Estate / Capital Markets,Tier 1,capital_markets;lease_up_supply;national_multifamily,No,Other,Tier 1,Disabled,Manual,,,,,0,0,0,0,0,0,0,0,0,0,0,0,0,0,20,Manual Review
2026-07-06,20260706-000644-f35b7e56,2026-07-06 00:06:44,Freddie Mac Multifamily Source Expansion,Developer / GP Source Expansion,Tier 1,capital_markets;gp_activity;institutional_capital;national_multifamily,No,Lender / Debt Platform,Tier 1,Disabled,Manual,,,,,0,0,0,0,0,0,0,0,0,0,0,0,0,0,20,Manual Review
2026-07-06,20260706-000644-f35b7e56,2026-07-06 00:06:44,GID Source Expansion,Developer / GP Source Expansion,Tier 1,capital_markets;gp_activity;institutional_capital,No,Institutional Capital Platform,Tier 1,Disabled,Manual,,,,,0,0,0,0,0,0,0,0,0,0,0,0,0,0,20,Manual Review
2026-07-06,20260706-000644-f35b7e56,2026-07-06 00:06:44,Greystone Source Expansion,Developer / GP Source Expansion,Tier 1,capital_markets;gp_activity;institutional_capital,No,Lender / Debt Platform,Tier 1,Disabled,Manual,,,,,0,0,0,0,0,0,0,0,0,0,0,0,0,0,20,Manual Review
2026-07-06,20260706-000644-f35b7e56,2026-07-06 00:06:44,Harbor Group International Source Expansion,Developer / GP Source Expansion,Tier 1,capital_markets;gp_activity;institutional_capital,No,Institutional Capital Platform,Tier 1,Disabled,Manual,,,,,0,0,0,0,0,0,0,0,0,0,0,0,0,0,20,Manual Review
2026-07-06,20260706-000644-f35b7e56,2026-07-06 00:06:44,JLL Capital Markets Source Expansion,Developer / GP Source Expansion,Tier 1,capital_markets;gp_activity;institutional_capital,No,Brokerage / Advisor,Tier 1,Disabled,Manual,,,,,0,0,0,0,0,0,0,0,0,0,0,0,0,0,20,Manual Review
2026-07-06,20260706-000644-f35b7e56,2026-07-06 00:06:44,JLL Living / Multifamily,Brokerage / Debt / Research,Tier 1,capital_markets;institutional_capital;national_multifamily,No,Other,Tier 1,Disabled,Manual,,,,,0,0,0,0,0,0,0,0,0,0,0,0,0,0,20,Manual Review
2026-07-06,20260706-000644-f35b7e56,2026-07-06 00:06:44,JLL Research Public Insights,Brokerage / Debt / Research,Tier 1,capital_markets;institutional_capital;development_pipeline,No,Other,Tier 1,Disabled,Manual,,,,,0,0,0,0,0,0,0,0,0,0,0,0,0,0,20,Manual Review
2026-07-06,20260706-000644-f35b7e56,2026-07-06 00:06:44,KKR Real Estate Source Expansion,Developer / GP Source Expansion,Tier 1,capital_markets;gp_activity;institutional_capital,No,Institutional Capital Platform,Tier 1,Disabled,Manual,,,,,0,0,0,0,0,0,0,0,0,0,0,0,0,0,20,Manual Review
2026-07-06,20260706-000644-f35b7e56,2026-07-06 00:06:44,Kennedy Wilson Source Expansion,Developer / GP Source Expansion,Tier 1,capital_markets;gp_activity;institutional_capital,No,Institutional Capital Platform,Tier 1,Disabled,Manual,,,,,0,0,0,0,0,0,0,0,0,0,0,0,0,0,20,Manual Review
2026-07-06,20260706-000644-f35b7e56,2026-07-06 00:06:44,LivCor Source Expansion,Developer / GP Source Expansion,Tier 1,capital_markets;gp_activity;institutional_capital,No,Institutional Capital Platform,Tier 1,Disabled,Manual,,,,,0,0,0,0,0,0,0,0,0,0,0,0,0,0,20,Manual Review
2026-07-06,20260706-000644-f35b7e56,2026-07-06 00:06:44,MBA Commercial / Multifamily,Institutional Real Estate / Capital Markets,Tier 1,capital_markets;institutional_capital;national_multifamily,No,Other,Tier 1,Disabled,Manual,,,,,0,0,0,0,0,0,0,0,0,0,0,0,0,0,20,Manual Review
2026-07-06,20260706-000644-f35b7e56,2026-07-06 00:06:44,Marcus & Millichap Capital Corporation Source Expansion,Developer / GP Source Expansion,Tier 1,capital_markets;gp_activity;institutional_capital,No,Lender / Debt Platform,Tier 1,Disabled,Manual,,,,,0,0,0,0,0,0,0,0,0,0,0,0,0,0,20,Manual Review
2026-07-06,20260706-000644-f35b7e56,2026-07-06 00:06:44,Marcus & Millichap Research,Brokerage / Debt / Research,Tier 1,capital_markets;institutional_capital,No,Other,Tier 1,Disabled,Manual,,,,,0,0,0,0,0,0,0,0,0,0,0,0,0,0,20,Manual Review
2026-07-06,20260706-000644-f35b7e56,2026-07-06 00:06:44,Marcus & Millichap Research Public Insights,Brokerage / Debt / Research,Tier 1,capital_markets;lease_up_supply;national_multifamily,No,Other,Tier 1,Disabled,Manual,,,,,0,0,0,0,0,0,0,0,0,0,0,0,0,0,20,Manual Review
2026-07-06,20260706-000644-f35b7e56,2026-07-06 00:06:44,Newmark Source Expansion,Developer / GP Source Expansion,Tier 1,gp_activity;institutional_capital,No,Brokerage / Advisor,Tier 1,Disabled,Manual,,,,,0,0,0,0,0,0,0,0,0,0,0,0,0,0,20,Manual Review
2026-07-06,20260706-000644-f35b7e56,2026-07-06 00:06:44,Northmarq Source Expansion,Developer / GP Source Expansion,Tier 1,capital_markets;gp_activity;institutional_capital,No,Lender / Debt Platform,Tier 1,Disabled,Manual,,,,,0,0,0,0,0,0,0,0,0,0,0,0,0,0,20,Manual Review
2026-07-06,20260706-000644-f35b7e56,2026-07-06 00:06:44,Nuveen Real Estate Source Expansion,Developer / GP Source Expansion,Tier 1,capital_markets;gp_activity;institutional_capital,No,Institutional Capital Platform,Tier 1,Disabled,Manual,,,,,0,0,0,0,0,0,0,0,0,0,0,0,0,0,20,Manual Review
2026-07-06,20260706-000644-f35b7e56,2026-07-06 00:06:44,PERE,Institutional Real Estate / Capital Markets,Tier 1,capital_markets;institutional_capital,No,Other,Tier 1,Disabled,Manual,,,,,0,0,0,0,0,0,0,0,0,0,0,0,0,0,20,Manual Review
2026-07-06,20260706-000644-f35b7e56,2026-07-06 00:06:44,PGIM Real Estate Source Expansion,Developer / GP Source Expansion,Tier 1,capital_markets;gp_activity;institutional_capital,No,Institutional Capital Platform,Tier 1,Disabled,Manual,,,,,0,0,0,0,0,0,0,0,0,0,0,0,0,0,20,Manual Review
2026-07-06,20260706-000644-f35b7e56,2026-07-06 00:06:44,Starwood Capital Source Expansion,Developer / GP Source Expansion,Tier 1,capital_markets;gp_activity;institutional_capital,No,Institutional Capital Platform,Tier 1,Disabled,Manual,,,,,0,0,0,0,0,0,0,0,0,0,0,0,0,0,20,Manual Review
2026-07-06,20260706-000644-f35b7e56,2026-07-06 00:06:44,Waterton Source Expansion,Developer / GP Source Expansion,Tier 1,capital_markets;gp_activity;institutional_capital,No,Institutional Capital Platform,Tier 1,Disabled,Manual,,,,,0,0,0,0,0,0,0,0,0,0,0,0,0,0,20,Manual Review
2026-07-06,20260706-000644-f35b7e56,2026-07-06 00:06:44,California YIMBY,Regional / California / LA Sources,Tier 2,development_pipeline;entitlement;la_california,Yes,Other,Tier 2,Failed,RSS,https://californiayimby.com/feed,https://californiayimby.com/feed,,,0,1,1,0,0,0,0,0,0,0,0,0,0,0,17,Manual Review
2026-07-06,20260706-000644-f35b7e56,2026-07-06 00:06:44,Connect CRE Charlotte,Site / Parcel Source Expansion,Tier 2,development_pipeline;gp_activity;sunbelt,Yes,Other,Tier 2,Failed,RSS,https://www.connectcre.com/feed?story-market=charlotte,https://www.connectcre.com/feed?story-market=charlotte,,,0,1,1,0,0,0,0,0,0,0,0,0,0,0,17,Manual Review
2026-07-06,20260706-000644-f35b7e56,2026-07-06 00:06:44,Atlanta Business Chronicle,Site / Parcel Source Expansion,Tier 2,development_pipeline;gp_activity;sunbelt,No,Other,Tier 2,Disabled,Manual,,,,,0,0,0,0,0,0,0,0,0,0,0,0,0,0,13,Manual Review
2026-07-06,20260706-000644-f35b7e56,2026-07-06 00:06:44,Austin Business Journal,Site / Parcel Source Expansion,Tier 2,development_pipeline;gp_activity,No,Other,Tier 2,Disabled,Manual,,,,,0,0,0,0,0,0,0,0,0,0,0,0,0,0,13,Manual Review
2026-07-06,20260706-000644-f35b7e56,2026-07-06 00:06:44,CBRE Newsroom,Site / Parcel Source Expansion,Tier 2,development_pipeline;gp_activity;institutional_capital,No,Other,Tier 2,Disabled,Manual,,,,,0,0,0,0,0,0,0,0,0,0,0,0,0,0,13,Manual Review
2026-07-06,20260706-000644-f35b7e56,2026-07-06 00:06:44,CRE Daily,Site / Parcel Source Expansion,Tier 2,development_pipeline;gp_activity,No,Other,Tier 2,Disabled,Manual,,,,,0,0,0,0,0,0,0,0,0,0,0,0,0,0,13,Manual Review
2026-07-06,20260706-000644-f35b7e56,2026-07-06 00:06:44,California HCD,Regional / California / LA Sources,Tier 2,development_pipeline;entitlement;la_california,No,Other,Tier 2,Disabled,Manual,,,,,0,0,0,0,0,0,0,0,0,0,0,0,0,0,13,Manual Review
2026-07-06,20260706-000644-f35b7e56,2026-07-06 00:06:44,Charlotte Business Journal,Site / Parcel Source Expansion,Tier 2,development_pipeline;gp_activity;sunbelt,No,Other,Tier 2,Disabled,Manual,,,,,0,0,0,0,0,0,0,0,0,0,0,0,0,0,13,Manual Review
2026-07-06,20260706-000644-f35b7e56,2026-07-06 00:06:44,Cushman & Wakefield Newsroom,Site / Parcel Source Expansion,Tier 2,development_pipeline;gp_activity;institutional_capital,No,Other,Tier 2,Disabled,Manual,,,,,0,0,0,0,0,0,0,0,0,0,0,0,0,0,13,Manual Review
2026-07-06,20260706-000644-f35b7e56,2026-07-06 00:06:44,Dallas Business Journal,Site / Parcel Source Expansion,Tier 2,development_pipeline;gp_activity,No,Other,Tier 2,Disabled,Manual,,,,,0,0,0,0,0,0,0,0,0,0,0,0,0,0,13,Manual Review
2026-07-06,20260706-000644-f35b7e56,2026-07-06 00:06:44,Denver Business Journal,Site / Parcel Source Expansion,Tier 2,development_pipeline;gp_activity,No,Other,Tier 2,Disabled,Manual,,,,,0,0,0,0,0,0,0,0,0,0,0,0,0,0,13,Manual Review
2026-07-06,20260706-000644-f35b7e56,2026-07-06 00:06:44,Institutional Property Advisors,Site / Parcel Source Expansion,Tier 2,development_pipeline;gp_activity,No,Other,Tier 2,Disabled,Manual,,,,,0,0,0,0,0,0,0,0,0,0,0,0,0,0,13,Manual Review
2026-07-06,20260706-000644-f35b7e56,2026-07-06 00:06:44,JLL Newsroom,Site / Parcel Source Expansion,Tier 2,development_pipeline;gp_activity;institutional_capital,No,Other,Tier 2,Disabled,Manual,,,,,0,0,0,0,0,0,0,0,0,0,0,0,0,0,13,Manual Review
2026-07-06,20260706-000644-f35b7e56,2026-07-06 00:06:44,LA Business Journal,Regional / California / LA Sources,Tier 2,development_pipeline;entitlement;gp_activity;la_california,No,Other,Tier 2,Disabled,Manual,,,,,0,0,0,0,0,0,0,0,0,0,0,0,0,0,13,Manual Review
2026-07-06,20260706-000644-f35b7e56,2026-07-06 00:06:44,LA City Planning Public Notices,Regional / California / LA Sources,Tier 2,entitlement;development_pipeline;la_california,No,Other,Tier 2,Disabled,Manual,,,,,0,0,0,0,0,0,0,0,0,0,0,0,0,0,13,Manual Review
2026-07-06,20260706-000644-f35b7e56,2026-07-06 00:06:44,Los Angeles Business Journal,Site / Parcel Source Expansion,Tier 2,development_pipeline;entitlement;gp_activity;la_california,No,Other,Tier 2,Disabled,Manual,,,,,0,0,0,0,0,0,0,0,0,0,0,0,0,0,13,Manual Review
2026-07-06,20260706-000644-f35b7e56,2026-07-06 00:06:44,Los Angeles City Planning,Regional / California / LA Sources,Tier 2,development_pipeline;entitlement;la_california,No,Other,Tier 2,Disabled,Manual,,,,,0,0,0,0,0,0,0,0,0,0,0,0,0,0,13,Manual Review
2026-07-06,20260706-000644-f35b7e56,2026-07-06 00:06:44,Marcus & Millichap Newsroom,Site / Parcel Source Expansion,Tier 2,development_pipeline;gp_activity;institutional_capital,No,Other,Tier 2,Disabled,Manual,,,,,0,0,0,0,0,0,0,0,0,0,0,0,0,0,13,Manual Review
2026-07-06,20260706-000644-f35b7e56,2026-07-06 00:06:44,Nashville Business Journal,Site / Parcel Source Expansion,Tier 2,development_pipeline;gp_activity;sunbelt,No,Other,Tier 2,Disabled,Manual,,,,,0,0,0,0,0,0,0,0,0,0,0,0,0,0,13,Manual Review
2026-07-06,20260706-000644-f35b7e56,2026-07-06 00:06:44,Orange County Business Journal,Site / Parcel Source Expansion,Tier 2,development_pipeline;gp_activity,No,Other,Tier 2,Disabled,Manual,,,,,0,0,0,0,0,0,0,0,0,0,0,0,0,0,13,Manual Review
2026-07-06,20260706-000644-f35b7e56,2026-07-06 00:06:44,Phoenix Business Journal,Site / Parcel Source Expansion,Tier 2,development_pipeline;gp_activity;sunbelt,No,Other,Tier 2,Disabled,Manual,,,,,0,0,0,0,0,0,0,0,0,0,0,0,0,0,13,Manual Review
2026-07-06,20260706-000644-f35b7e56,2026-07-06 00:06:44,San Francisco Business Times,Site / Parcel Source Expansion,Tier 2,development_pipeline;gp_activity,No,Other,Tier 2,Disabled,Manual,,,,,0,0,0,0,0,0,0,0,0,0,0,0,0,0,13,Manual Review
2026-07-06,20260706-000644-f35b7e56,2026-07-06 00:06:44,South Florida Business Journal,Site / Parcel Source Expansion,Tier 2,development_pipeline;gp_activity;sunbelt,No,Other,Tier 2,Disabled,Manual,,,,,0,0,0,0,0,0,0,0,0,0,0,0,0,0,13,Manual Review
2026-07-06,20260706-000644-f35b7e56,2026-07-06 00:06:44,Urbanize California,Regional / California / LA Sources,Tier 2,development_pipeline;entitlement;la_california,No,Other,Tier 2,Disabled,Manual,,,,,0,0,0,0,0,0,0,0,0,0,0,0,0,0,13,Manual Review
2026-07-06,20260706-000644-f35b7e56,2026-07-06 00:06:44,Hines Newsroom,Developer / GP Newsrooms,Tier 3,gp_activity;institutional_capital,Yes,Other,Tier 3,Failed,RSS,https://www.hines.com/news/feed,https://www.hines.com/news/feed,,,0,1,1,0,0,0,0,0,0,0,0,0,0,0,11,Manual Review
2026-07-06,20260706-000644-f35b7e56,2026-07-06 00:06:44,AHV Communities Source Expansion,Developer / GP Source Expansion,Tier 3,gp_activity;institutional_capital,No,BTR / SFR Platform,Tier 3,Disabled,Manual,,,,,0,0,0,0,0,0,0,0,0,0,0,0,0,0,7,Manual Review
2026-07-06,20260706-000644-f35b7e56,2026-07-06 00:06:44,AMLI Residential Source Expansion,Developer / GP Source Expansion,Tier 3,gp_activity;institutional_capital;national_multifamily,No,Multifamily Developer / Operator,Tier 3,Disabled,Manual,,,,,0,0,0,0,0,0,0,0,0,0,0,0,0,0,7,Manual Review
2026-07-06,20260706-000644-f35b7e56,2026-07-06 00:06:44,Alliance Residential Source Expansion,Developer / GP Source Expansion,Tier 3,gp_activity;institutional_capital;national_multifamily,No,Multifamily Developer / Operator,Tier 3,Disabled,Manual,,,,,0,0,0,0,0,0,0,0,0,0,0,0,0,0,7,Manual Review
2026-07-06,20260706-000644-f35b7e56,2026-07-06 00:06:44,American Campus Communities Source Expansion,Developer / GP Source Expansion,Tier 3,gp_activity;institutional_capital;national_multifamily,No,Student Housing Platform,Tier 3,Disabled,Manual,,,,,0,0,0,0,0,0,0,0,0,0,0,0,0,0,7,Manual Review
2026-07-06,20260706-000644-f35b7e56,2026-07-06 00:06:44,American Homes 4 Rent Source Expansion,Developer / GP Source Expansion,Tier 3,gp_activity;institutional_capital,No,BTR / SFR Platform,Tier 3,Disabled,Manual,,,,,0,0,0,0,0,0,0,0,0,0,0,0,0,0,7,Manual Review
2026-07-06,20260706-000644-f35b7e56,2026-07-06 00:06:44,Atria Senior Living Source Expansion,Developer / GP Source Expansion,Tier 3,gp_activity;institutional_capital;national_multifamily,No,Senior Housing Platform,Tier 3,Disabled,Manual,,,,,0,0,0,0,0,0,0,0,0,0,0,0,0,0,7,Manual Review
2026-07-06,20260706-000644-f35b7e56,2026-07-06 00:06:44,AvalonBay Newsroom,Developer / GP Newsrooms,Tier 3,gp_activity;institutional_capital,No,Other,Tier 3,Disabled,Manual,,,,,0,0,0,0,0,0,0,0,0,0,0,0,0,0,7,Manual Review
2026-07-06,20260706-000644-f35b7e56,2026-07-06 00:06:44,AvalonBay Source Expansion,Developer / GP Source Expansion,Tier 3,gp_activity;institutional_capital;national_multifamily,No,Multifamily Developer / Operator,Tier 3,Disabled,Manual,,,,,0,0,0,0,0,0,0,0,0,0,0,0,0,0,7,Manual Review
2026-07-06,20260706-000644-f35b7e56,2026-07-06 00:06:44,Avenue Development Source Expansion,Developer / GP Source Expansion,Tier 3,gp_activity;institutional_capital;national_multifamily,No,Senior Housing Platform,Tier 3,Disabled,Manual,,,,,0,0,0,0,0,0,0,0,0,0,0,0,0,0,7,Manual Review
2026-07-06,20260706-000644-f35b7e56,2026-07-06 00:06:44,BB Living Source Expansion,Developer / GP Source Expansion,Tier 3,gp_activity;institutional_capital,No,BTR / SFR Platform,Tier 3,Disabled,Manual,,,,,0,0,0,0,0,0,0,0,0,0,0,0,0,0,7,Manual Review
2026-07-06,20260706-000644-f35b7e56,2026-07-06 00:06:44,Bridge Investment Group Source Expansion,Developer / GP Source Expansion,Tier 3,gp_activity;institutional_capital;national_multifamily,No,Senior Housing Platform,Tier 3,Disabled,Manual,,,,,0,0,0,0,0,0,0,0,0,0,0,0,0,0,7,Manual Review
2026-07-06,20260706-000644-f35b7e56,2026-07-06 00:06:44,Brookdale Source Expansion,Developer / GP Source Expansion,Tier 3,gp_activity;institutional_capital;national_multifamily,No,Senior Housing Platform,Tier 3,Disabled,Manual,,,,,0,0,0,0,0,0,0,0,0,0,0,0,0,0,7,Manual Review
2026-07-06,20260706-000644-f35b7e56,2026-07-06 00:06:44,Brookfield Real Estate,Developer / GP Newsrooms,Tier 3,gp_activity;institutional_capital,No,Other,Tier 3,Disabled,Manual,,,,,0,0,0,0,0,0,0,0,0,0,0,0,0,0,7,Manual Review
2026-07-06,20260706-000644-f35b7e56,2026-07-06 00:06:44,CA Ventures Source Expansion,Developer / GP Source Expansion,Tier 3,gp_activity;institutional_capital;national_multifamily,No,Student Housing Platform,Tier 3,Disabled,Manual,,,,,0,0,0,0,0,0,0,0,0,0,0,0,0,0,7,Manual Review
2026-07-06,20260706-000644-f35b7e56,2026-07-06 00:06:44,Camden Property Trust Newsroom,Developer / GP Newsrooms,Tier 3,gp_activity;institutional_capital,No,Other,Tier 3,Disabled,Manual,,,,,0,0,0,0,0,0,0,0,0,0,0,0,0,0,7,Manual Review
2026-07-06,20260706-000644-f35b7e56,2026-07-06 00:06:44,Camden Property Trust Source Expansion,Developer / GP Source Expansion,Tier 3,gp_activity;institutional_capital;national_multifamily,No,Multifamily Developer / Operator,Tier 3,Disabled,Manual,,,,,0,0,0,0,0,0,0,0,0,0,0,0,0,0,7,Manual Review
2026-07-06,20260706-000644-f35b7e56,2026-07-06 00:06:44,Christopher Todd Communities Source Expansion,Developer / GP Source Expansion,Tier 3,gp_activity;institutional_capital,No,BTR / SFR Platform,Tier 3,Disabled,Manual,,,,,0,0,0,0,0,0,0,0,0,0,0,0,0,0,7,Manual Review
2026-07-06,20260706-000644-f35b7e56,2026-07-06 00:06:44,Core Spaces Source Expansion,Developer / GP Source Expansion,Tier 3,gp_activity;institutional_capital;national_multifamily,No,Student Housing Platform,Tier 3,Disabled,Manual,,,,,0,0,0,0,0,0,0,0,0,0,0,0,0,0,7,Manual Review
2026-07-06,20260706-000644-f35b7e56,2026-07-06 00:06:44,Crescent Communities Newsroom,Developer / GP Newsrooms,Tier 3,gp_activity;institutional_capital,No,Other,Tier 3,Disabled,Manual,,,,,0,0,0,0,0,0,0,0,0,0,0,0,0,0,7,Manual Review
2026-07-06,20260706-000644-f35b7e56,2026-07-06 00:06:44,Discovery Senior Living Source Expansion,Developer / GP Source Expansion,Tier 3,gp_activity;institutional_capital;national_multifamily,No,Senior Housing Platform,Tier 3,Disabled,Manual,,,,,0,0,0,0,0,0,0,0,0,0,0,0,0,0,7,Manual Review
2026-07-06,20260706-000644-f35b7e56,2026-07-06 00:06:44,Equity Residential Newsroom,Developer / GP Newsrooms,Tier 3,gp_activity;institutional_capital,No,Other,Tier 3,Disabled,Manual,,,,,0,0,0,0,0,0,0,0,0,0,0,0,0,0,7,Manual Review
2026-07-06,20260706-000644-f35b7e56,2026-07-06 00:06:44,Equity Residential Source Expansion,Developer / GP Source Expansion,Tier 3,gp_activity;institutional_capital;national_multifamily,No,Multifamily Developer / Operator,Tier 3,Disabled,Manual,,,,,0,0,0,0,0,0,0,0,0,0,0,0,0,0,7,Manual Review
2026-07-06,20260706-000644-f35b7e56,2026-07-06 00:06:44,Erickson Senior Living Source Expansion,Developer / GP Source Expansion,Tier 3,gp_activity;institutional_capital;national_multifamily,No,Senior Housing Platform,Tier 3,Disabled,Manual,,,,,0,0,0,0,0,0,0,0,0,0,0,0,0,0,7,Manual Review
2026-07-06,20260706-000644-f35b7e56,2026-07-06 00:06:44,Essex Property Trust Newsroom,Developer / GP Newsrooms,Tier 3,gp_activity;institutional_capital,No,Other,Tier 3,Disabled,Manual,,,,,0,0,0,0,0,0,0,0,0,0,0,0,0,0,7,Manual Review
2026-07-06,20260706-000644-f35b7e56,2026-07-06 00:06:44,Essex Property Trust Source Expansion,Developer / GP Source Expansion,Tier 3,gp_activity;institutional_capital;national_multifamily,No,Multifamily Developer / Operator,Tier 3,Disabled,Manual,,,,,0,0,0,0,0,0,0,0,0,0,0,0,0,0,7,Manual Review
2026-07-06,20260706-000644-f35b7e56,2026-07-06 00:06:44,Fairfield Residential Source Expansion,Developer / GP Source Expansion,Tier 3,gp_activity;institutional_capital;national_multifamily,No,Multifamily Developer / Operator,Tier 3,Disabled,Manual,,,,,0,0,0,0,0,0,0,0,0,0,0,0,0,0,7,Manual Review
2026-07-06,20260706-000644-f35b7e56,2026-07-06 00:06:44,Gilbane Development Source Expansion,Developer / GP Source Expansion,Tier 3,gp_activity;institutional_capital;national_multifamily,No,Student Housing Platform,Tier 3,Disabled,Manual,,,,,0,0,0,0,0,0,0,0,0,0,0,0,0,0,7,Manual Review
2026-07-06,20260706-000644-f35b7e56,2026-07-06 00:06:44,Greystar Newsroom,Developer / GP Newsrooms,Tier 3,gp_activity;institutional_capital,No,Other,Tier 3,Disabled,Manual,,,,,0,0,0,0,0,0,0,0,0,0,0,0,0,0,7,Manual Review
2026-07-06,20260706-000644-f35b7e56,2026-07-06 00:06:44,Greystar Source Expansion,Developer / GP Source Expansion,Tier 3,gp_activity;institutional_capital;national_multifamily,No,Multifamily Developer / Operator,Tier 3,Disabled,Manual,,,,,0,0,0,0,0,0,0,0,0,0,0,0,0,0,7,Manual Review
2026-07-06,20260706-000644-f35b7e56,2026-07-06 00:06:44,Hanover Company Source Expansion,Developer / GP Source Expansion,Tier 3,gp_activity;institutional_capital;national_multifamily,No,Multifamily Developer / Operator,Tier 3,Disabled,Manual,,,,,0,0,0,0,0,0,0,0,0,0,0,0,0,0,7,Manual Review
2026-07-06,20260706-000644-f35b7e56,2026-07-06 00:06:44,Harrison Street Source Expansion,Developer / GP Source Expansion,Tier 3,gp_activity;institutional_capital;national_multifamily,No,Student Housing Platform,Tier 3,Disabled,Manual,,,,,0,0,0,0,0,0,0,0,0,0,0,0,0,0,7,Manual Review
2026-07-06,20260706-000644-f35b7e56,2026-07-06 00:06:44,Holland Partner Group Source Expansion,Developer / GP Source Expansion,Tier 3,gp_activity;institutional_capital;national_multifamily,No,Multifamily Developer / Operator,Tier 3,Disabled,Manual,,,,,0,0,0,0,0,0,0,0,0,0,0,0,0,0,7,Manual Review
2026-07-06,20260706-000644-f35b7e56,2026-07-06 00:06:44,Invitation Homes Source Expansion,Developer / GP Source Expansion,Tier 3,gp_activity;institutional_capital,No,BTR / SFR Platform,Tier 3,Disabled,Manual,,,,,0,0,0,0,0,0,0,0,0,0,0,0,0,0,7,Manual Review
2026-07-06,20260706-000644-f35b7e56,2026-07-06 00:06:44,JPI Source Expansion,Developer / GP Source Expansion,Tier 3,gp_activity;institutional_capital;national_multifamily,No,Multifamily Developer / Operator,Tier 3,Disabled,Manual,,,,,0,0,0,0,0,0,0,0,0,0,0,0,0,0,7,Manual Review
2026-07-06,20260706-000644-f35b7e56,2026-07-06 00:06:44,Kairoi Residential Source Expansion,Developer / GP Source Expansion,Tier 3,gp_activity;institutional_capital;national_multifamily,No,Multifamily Developer / Operator,Tier 3,Disabled,Manual,,,,,0,0,0,0,0,0,0,0,0,0,0,0,0,0,7,Manual Review
2026-07-06,20260706-000644-f35b7e56,2026-07-06 00:06:44,Kennedy Wilson Newsroom,Developer / GP Newsrooms,Tier 3,gp_activity;institutional_capital,No,Other,Tier 3,Disabled,Manual,,,,,0,0,0,0,0,0,0,0,0,0,0,0,0,0,7,Manual Review
2026-07-06,20260706-000644-f35b7e56,2026-07-06 00:06:44,LV Collective Source Expansion,Developer / GP Source Expansion,Tier 3,gp_activity;institutional_capital;national_multifamily,No,Student Housing Platform,Tier 3,Disabled,Manual,,,,,0,0,0,0,0,0,0,0,0,0,0,0,0,0,7,Manual Review
2026-07-06,20260706-000644-f35b7e56,2026-07-06 00:06:44,Landmark Properties Source Expansion,Developer / GP Source Expansion,Tier 3,gp_activity;institutional_capital;national_multifamily,No,Student Housing Platform,Tier 3,Disabled,Manual,,,,,0,0,0,0,0,0,0,0,0,0,0,0,0,0,7,Manual Review
2026-07-06,20260706-000644-f35b7e56,2026-07-06 00:06:44,Lincoln Property Company Source Expansion,Developer / GP Source Expansion,Tier 3,gp_activity;institutional_capital;national_multifamily,No,Multifamily Developer / Operator,Tier 3,Disabled,Manual,,,,,0,0,0,0,0,0,0,0,0,0,0,0,0,0,7,Manual Review
2026-07-06,20260706-000644-f35b7e56,2026-07-06 00:06:44,MAA Newsroom,Developer / GP Newsrooms,Tier 3,gp_activity;institutional_capital,No,Other,Tier 3,Disabled,Manual,,,,,0,0,0,0,0,0,0,0,0,0,0,0,0,0,7,Manual Review
2026-07-06,20260706-000644-f35b7e56,2026-07-06 00:06:44,MAA Source Expansion,Developer / GP Source Expansion,Tier 3,gp_activity;institutional_capital;national_multifamily,No,Multifamily Developer / Operator,Tier 3,Disabled,Manual,,,,,0,0,0,0,0,0,0,0,0,0,0,0,0,0,7,Manual Review
2026-07-06,20260706-000644-f35b7e56,2026-07-06 00:06:44,Mill Creek Residential Newsroom,Developer / GP Newsrooms,Tier 3,gp_activity;institutional_capital,No,Other,Tier 3,Disabled,Manual,,,,,0,0,0,0,0,0,0,0,0,0,0,0,0,0,7,Manual Review
2026-07-06,20260706-000644-f35b7e56,2026-07-06 00:06:44,Mill Creek Residential Source Expansion,Developer / GP Source Expansion,Tier 3,gp_activity;institutional_capital;national_multifamily,No,Multifamily Developer / Operator,Tier 3,Disabled,Manual,,,,,0,0,0,0,0,0,0,0,0,0,0,0,0,0,7,Manual Review
2026-07-06,20260706-000644-f35b7e56,2026-07-06 00:06:44,Mortgage Professional America Commercial,Institutional Real Estate / Capital Markets,Tier 3,capital_markets;financing;institutional_capital,No,Other,Tier 3,Disabled,Manual,,,,,0,0,0,0,0,0,0,0,0,0,0,0,0,0,7,Manual Review
2026-07-06,20260706-000644-f35b7e56,2026-07-06 00:06:44,NexMetro Communities Source Expansion,Developer / GP Source Expansion,Tier 3,gp_activity;institutional_capital,No,BTR / SFR Platform,Tier 3,Disabled,Manual,,,,,0,0,0,0,0,0,0,0,0,0,0,0,0,0,7,Manual Review
2026-07-06,20260706-000644-f35b7e56,2026-07-06 00:06:44,Pretium Source Expansion,Developer / GP Source Expansion,Tier 3,gp_activity;institutional_capital,No,BTR / SFR Platform,Tier 3,Disabled,Manual,,,,,0,0,0,0,0,0,0,0,0,0,0,0,0,0,7,Manual Review
2026-07-06,20260706-000644-f35b7e56,2026-07-06 00:06:44,Progress Residential Source Expansion,Developer / GP Source Expansion,Tier 3,gp_activity;institutional_capital,No,BTR / SFR Platform,Tier 3,Disabled,Manual,,,,,0,0,0,0,0,0,0,0,0,0,0,0,0,0,7,Manual Review
2026-07-06,20260706-000644-f35b7e56,2026-07-06 00:06:44,Quarterra Source Expansion,Developer / GP Source Expansion,Tier 3,gp_activity;institutional_capital;national_multifamily,No,Multifamily Developer / Operator,Tier 3,Disabled,Manual,,,,,0,0,0,0,0,0,0,0,0,0,0,0,0,0,7,Manual Review
2026-07-06,20260706-000644-f35b7e56,2026-07-06 00:06:44,Quinn Residences Source Expansion,Developer / GP Source Expansion,Tier 3,gp_activity;institutional_capital,No,BTR / SFR Platform,Tier 3,Disabled,Manual,,,,,0,0,0,0,0,0,0,0,0,0,0,0,0,0,7,Manual Review
2026-07-06,20260706-000644-f35b7e56,2026-07-06 00:06:44,Related California Newsroom,Developer / GP Newsrooms,Tier 3,development_pipeline;entitlement;gp_activity;institutional_capital;la_california,No,Other,Tier 3,Disabled,Manual,,,,,0,0,0,0,0,0,0,0,0,0,0,0,0,0,7,Manual Review
2026-07-06,20260706-000644-f35b7e56,2026-07-06 00:06:44,Related Companies Newsroom,Developer / GP Newsrooms,Tier 3,gp_activity;institutional_capital,No,Other,Tier 3,Disabled,Manual,,,,,0,0,0,0,0,0,0,0,0,0,0,0,0,0,7,Manual Review
2026-07-06,20260706-000644-f35b7e56,2026-07-06 00:06:44,Scion Group Source Expansion,Developer / GP Source Expansion,Tier 3,gp_activity;institutional_capital;national_multifamily,No,Student Housing Platform,Tier 3,Disabled,Manual,,,,,0,0,0,0,0,0,0,0,0,0,0,0,0,0,7,Manual Review
2026-07-06,20260706-000644-f35b7e56,2026-07-06 00:06:44,Sparrow Partners Source Expansion,Developer / GP Source Expansion,Tier 3,gp_activity;institutional_capital;national_multifamily,No,Senior Housing Platform,Tier 3,Disabled,Manual,,,,,0,0,0,0,0,0,0,0,0,0,0,0,0,0,7,Manual Review
2026-07-06,20260706-000644-f35b7e56,2026-07-06 00:06:44,Sunrise Senior Living Source Expansion,Developer / GP Source Expansion,Tier 3,gp_activity;institutional_capital;national_multifamily,No,Senior Housing Platform,Tier 3,Disabled,Manual,,,,,0,0,0,0,0,0,0,0,0,0,0,0,0,0,7,Manual Review
2026-07-06,20260706-000644-f35b7e56,2026-07-06 00:06:44,The Dinerstein Companies Source Expansion,Developer / GP Source Expansion,Tier 3,gp_activity;institutional_capital;national_multifamily,No,Student Housing Platform,Tier 3,Disabled,Manual,,,,,0,0,0,0,0,0,0,0,0,0,0,0,0,0,7,Manual Review
2026-07-06,20260706-000644-f35b7e56,2026-07-06 00:06:44,Toll Brothers Apartment Living Newsroom,Developer / GP Newsrooms,Tier 3,gp_activity;institutional_capital;national_multifamily,No,Other,Tier 3,Disabled,Manual,,,,,0,0,0,0,0,0,0,0,0,0,0,0,0,0,7,Manual Review
2026-07-06,20260706-000644-f35b7e56,2026-07-06 00:06:44,Toll Brothers Apartment Living Source Expansion,Developer / GP Source Expansion,Tier 3,gp_activity;institutional_capital;national_multifamily,No,Multifamily Developer / Operator,Tier 3,Disabled,Manual,,,,,0,0,0,0,0,0,0,0,0,0,0,0,0,0,7,Manual Review
2026-07-06,20260706-000644-f35b7e56,2026-07-06 00:06:44,Trammell Crow Residential Newsroom,Developer / GP Newsrooms,Tier 3,gp_activity;institutional_capital,No,Other,Tier 3,Disabled,Manual,,,,,0,0,0,0,0,0,0,0,0,0,0,0,0,0,7,Manual Review
2026-07-06,20260706-000644-f35b7e56,2026-07-06 00:06:44,Trammell Crow Residential Source Expansion,Developer / GP Source Expansion,Tier 3,gp_activity;institutional_capital;national_multifamily,No,Multifamily Developer / Operator,Tier 3,Disabled,Manual,,,,,0,0,0,0,0,0,0,0,0,0,0,0,0,0,7,Manual Review
2026-07-06,20260706-000644-f35b7e56,2026-07-06 00:06:44,Tricon Residential Source Expansion,Developer / GP Source Expansion,Tier 3,gp_activity;institutional_capital,No,BTR / SFR Platform,Tier 3,Disabled,Manual,,,,,0,0,0,0,0,0,0,0,0,0,0,0,0,0,7,Manual Review
2026-07-06,20260706-000644-f35b7e56,2026-07-06 00:06:44,UDR Newsroom,Developer / GP Newsrooms,Tier 3,gp_activity;institutional_capital,No,Other,Tier 3,Disabled,Manual,,,,,0,0,0,0,0,0,0,0,0,0,0,0,0,0,7,Manual Review
2026-07-06,20260706-000644-f35b7e56,2026-07-06 00:06:44,UDR Source Expansion,Developer / GP Source Expansion,Tier 3,gp_activity;institutional_capital;national_multifamily,No,Multifamily Developer / Operator,Tier 3,Disabled,Manual,,,,,0,0,0,0,0,0,0,0,0,0,0,0,0,0,7,Manual Review
2026-07-06,20260706-000644-f35b7e56,2026-07-06 00:06:44,Ventas Source Expansion,Developer / GP Source Expansion,Tier 3,gp_activity;institutional_capital;national_multifamily,No,Senior Housing Platform,Tier 3,Disabled,Manual,,,,,0,0,0,0,0,0,0,0,0,0,0,0,0,0,7,Manual Review
2026-07-06,20260706-000644-f35b7e56,2026-07-06 00:06:44,Welltower Source Expansion,Developer / GP Source Expansion,Tier 3,gp_activity;institutional_capital;national_multifamily,No,Senior Housing Platform,Tier 3,Disabled,Manual,,,,,0,0,0,0,0,0,0,0,0,0,0,0,0,0,7,Manual Review
2026-07-06,20260706-000644-f35b7e56,2026-07-06 00:06:44,Wood Partners Source Expansion,Developer / GP Source Expansion,Tier 3,gp_activity;institutional_capital;national_multifamily,No,Multifamily Developer / Operator,Tier 3,Disabled,Manual,,,,,0,0,0,0,0,0,0,0,0,0,0,0,0,0,7,Manual Review
