run_date,run_id,run_timestamp,pattern_type,entity_name,market_or_region,residential_sector,first_seen_date,last_seen_date,observation_count,current_run_signal_count,recurring_lender_score,recurring_capital_partner_score,refinancing_frequency,construction_financing_frequency,capital_flow_direction,debt_market_stress_label,capital_rotation_signal,capital_flow_strength_score
2026-09-21,20260921-005246-91e60804,2026-09-21 00:52:46,Institutional Capital Flow,Acquires 280-Unit Buckhead Apartment Community ParkProperty Capital,Atlanta / Georgia,Apartment,2026-08-13,2026-09-21,39,1,0,100,0,0,Stable,No Clear Stress,Stable capital pattern,100
2026-09-21,20260921-005246-91e60804,2026-09-21 00:52:46,Institutional Capital Flow,Affinius Capital,Other / Unknown,Apartment,2026-07-03,2026-09-21,7,1,0,100,0,0,Stable,No Clear Stress,Stable capital pattern,100
2026-09-21,20260921-005246-91e60804,2026-09-21 00:52:46,Institutional Capital Flow,Alliance Residential,Phoenix / Arizona,Apartment,2026-06-23,2026-07-14,17,0,0,100,0,0,Fading,No Clear Stress,Capital flow fading,100
2026-09-21,20260921-005246-91e60804,2026-09-21 00:52:46,Institutional Capital Flow,Arcus Real Estate Capital,Phoenix / Arizona,BTR / Single-Family Rental,2026-07-28,2026-08-10,15,0,0,100,0,0,Fading,No Clear Stress,Capital flow fading,100
2026-09-21,20260921-005246-91e60804,2026-09-21 00:52:46,Market-Level Capital Concentration,Arizona,Arizona,Apartment,2026-05-22,2026-09-10,18,0,0,0,0,0,Fading,No Clear Stress,Capital flow fading,100
2026-09-21,20260921-005246-91e60804,2026-09-21 00:52:46,Market-Level Capital Concentration,Atlanta / Georgia,Atlanta / Georgia,Student Housing,2026-06-01,2026-08-23,78,0,0,0,29,28,Fading,Refinancing Stress Watch,Capital flow fading,100
2026-09-21,20260921-005246-91e60804,2026-09-21 00:52:46,Market-Level Capital Concentration,Atlanta / Georgia,Atlanta / Georgia,Mixed-Use Residential,2026-06-01,2026-08-28,73,0,0,0,0,0,Fading,No Clear Stress,Capital flow fading,100
2026-09-21,20260921-005246-91e60804,2026-09-21 00:52:46,Market-Level Capital Concentration,Atlanta / Georgia,Atlanta / Georgia,Apartment,2026-06-01,2026-09-21,347,5,0,0,6,0,Stable,Refinancing Stress Watch,Stable capital pattern,100
2026-09-21,20260921-005246-91e60804,2026-09-21 00:52:46,Market-Level Capital Concentration,Atlanta / Georgia,Atlanta / Georgia,Multifamily,2026-07-13,2026-09-11,13,0,0,0,3,2,Fading,Refinancing Stress Watch,Capital flow fading,100
2026-09-21,20260921-005246-91e60804,2026-09-21 00:52:46,Market-Level Capital Concentration,Atlanta / Georgia,Atlanta / Georgia,BTR / Single-Family Rental,2026-06-01,2026-09-04,17,0,0,0,0,0,Fading,No Clear Stress,Capital flow fading,100
2026-09-21,20260921-005246-91e60804,2026-09-21 00:52:46,Market-Level Capital Concentration,Atlanta / Georgia,Atlanta / Georgia,Affordable Housing,2026-06-12,2026-09-01,31,0,0,0,0,3,Fading,No Clear Stress,Capital flow fading,100
2026-09-21,20260921-005246-91e60804,2026-09-21 00:52:46,Institutional Capital Flow,Atlanta Student Housing Project Radnor Property Group,Atlanta / Georgia,Student Housing,2026-07-25,2026-08-20,28,0,0,100,0,0,Fading,No Clear Stress,Capital flow fading,100
2026-09-21,20260921-005246-91e60804,2026-09-21 00:52:46,Market-Level Capital Concentration,Austin / Texas,Austin / Texas,Mixed-Use Residential,2026-06-25,2026-08-01,9,0,0,0,0,0,Fading,No Clear Stress,Capital flow fading,100
2026-09-21,20260921-005246-91e60804,2026-09-21 00:52:46,Market-Level Capital Concentration,Austin / Texas,Austin / Texas,Apartment,2026-06-04,2026-09-18,34,0,0,0,11,8,Fading,Refinancing Stress Watch,Capital flow fading,100
2026-09-21,20260921-005246-91e60804,2026-09-21 00:52:46,Institutional Capital Flow,AvalonBay,Miami / Florida,Mixed-Use Residential,2026-07-10,2026-07-24,15,0,0,100,0,0,Fading,No Clear Stress,Capital flow fading,100
2026-09-21,20260921-005246-91e60804,2026-09-21 00:52:46,Institutional Capital Flow,Avison Young,New York City / New York,Apartment,2026-06-02,2026-09-21,8,1,0,100,0,0,Stable,No Clear Stress,Stable capital pattern,100
2026-09-21,20260921-005246-91e60804,2026-09-21 00:52:46,Institutional Capital Flow,Bascom Group,California,Apartment,2026-07-14,2026-08-24,42,0,0,100,0,0,Fading,No Clear Stress,Capital flow fading,100
2026-09-21,20260921-005246-91e60804,2026-09-21 00:52:46,Recurring Lender,Berkadia,Florida,Apartment,2026-05-19,2026-08-12,28,0,100,0,3,0,Fading,Refinancing Stress Watch,Capital flow fading,100
2026-09-21,20260921-005246-91e60804,2026-09-21 00:52:46,Recurring Lender,Berkadia,Other / Unknown,Apartment,2026-05-20,2026-08-27,11,0,100,0,0,1,Fading,No Clear Stress,Capital flow fading,100
2026-09-21,20260921-005246-91e60804,2026-09-21 00:52:46,Recurring Lender,Berkadia,Miami / Florida,General Residential,2026-06-26,2026-09-14,16,0,100,0,1,14,Fading,Refinancing Stress Watch,Capital flow fading,100
2026-09-21,20260921-005246-91e60804,2026-09-21 00:52:46,Recurring Lender,Berkadia,Sun Belt,Apartment,2026-05-19,2026-06-25,25,0,100,0,1,0,Fading,Refinancing Stress Watch,Capital flow fading,100
2026-09-21,20260921-005246-91e60804,2026-09-21 00:52:46,Recurring Lender,Berkadia,Phoenix / Arizona,Apartment,2026-08-18,2026-08-31,13,0,100,0,0,13,Fading,No Clear Stress,Capital flow fading,100
2026-09-21,20260921-005246-91e60804,2026-09-21 00:52:46,Institutional Capital Flow,Berkadia,Phoenix / Arizona,Apartment,2026-08-19,2026-08-31,10,0,0,100,0,0,Fading,No Clear Stress,Capital flow fading,100
2026-09-21,20260921-005246-91e60804,2026-09-21 00:52:46,Recurring Lender,Berkadia,Miami / Florida,Mixed-Use Residential,2026-06-05,2026-06-18,16,0,100,0,0,4,Fading,No Clear Stress,Capital flow fading,100
2026-09-21,20260921-005246-91e60804,2026-09-21 00:52:46,Recurring Lender,Berkadia,Florida,Multifamily,2026-05-29,2026-07-14,9,0,100,0,8,0,Fading,Refinancing Stress Watch,Capital flow fading,100
2026-09-21,20260921-005246-91e60804,2026-09-21 00:52:46,Recurring Lender,Berkadia,Sarasota / Florida,Multifamily,2026-06-01,2026-06-02,7,0,100,0,7,0,Fading,Refinancing Stress Watch,Capital flow fading,100
2026-09-21,20260921-005246-91e60804,2026-09-21 00:52:46,Recurring Lender,Berkadia,Houston / Texas,Senior Housing,2026-06-01,2026-06-11,12,0,100,0,0,0,Fading,No Clear Stress,Capital flow fading,100
2026-09-21,20260921-005246-91e60804,2026-09-21 00:52:46,Recurring Lender,Berkadia,Miami / Florida,Apartment,2026-06-01,2026-09-21,39,2,100,0,8,24,Stable,Refinancing Stress Watch,Stable capital pattern,100
2026-09-21,20260921-005246-91e60804,2026-09-21 00:52:46,Institutional Capital Flow,Berkadia,Miami / Florida,Apartment,2026-06-16,2026-09-21,15,1,0,100,0,0,Stable,No Clear Stress,Stable capital pattern,100
2026-09-21,20260921-005246-91e60804,2026-09-21 00:52:46,Market-Level Capital Concentration,Beverly Hills / California,Beverly Hills / California,Mixed-Use Residential,2026-06-13,2026-06-20,8,0,0,0,0,8,Fading,No Clear Stress,Capital flow fading,100
2026-09-21,20260921-005246-91e60804,2026-09-21 00:52:46,Market-Level Capital Concentration,Beverly Hills / California,Beverly Hills / California,Affordable Housing,2026-06-20,2026-08-31,20,0,0,0,0,0,Fading,No Clear Stress,Capital flow fading,100
2026-09-21,20260921-005246-91e60804,2026-09-21 00:52:46,Recurring Capital Partner,Blackstone,Sun Belt,General Residential,2026-05-20,2026-05-27,11,0,0,100,0,0,Fading,No Clear Stress,Capital flow fading,100
2026-09-21,20260921-005246-91e60804,2026-09-21 00:52:46,Recurring Capital Partner,Blackstone,New York,General Residential,2026-05-19,2026-05-28,19,0,0,100,0,0,Fading,No Clear Stress,Capital flow fading,100
2026-09-21,20260921-005246-91e60804,2026-09-21 00:52:46,Institutional Capital Flow,Blackstone,New York,General Residential,2026-05-19,2026-06-02,19,0,0,100,0,0,Fading,No Clear Stress,Capital flow fading,100
2026-09-21,20260921-005246-91e60804,2026-09-21 00:52:46,Recurring Capital Partner,Brookfield,Phoenix / Arizona,Mixed-Use Residential,2026-09-04,2026-09-21,18,1,0,100,0,0,Stable,No Clear Stress,Stable capital pattern,100
2026-09-21,20260921-005246-91e60804,2026-09-21 00:52:46,Institutional Capital Flow,Brookfield,Phoenix / Arizona,Mixed-Use Residential,2026-09-04,2026-09-21,14,1,0,100,0,0,Stable,No Clear Stress,Stable capital pattern,100
2026-09-21,20260921-005246-91e60804,2026-09-21 00:52:46,Recurring Capital Partner,Brookfield,National,Apartment,2026-05-21,2026-08-25,14,0,0,100,0,0,Fading,No Clear Stress,Capital flow fading,100
2026-09-21,20260921-005246-91e60804,2026-09-21 00:52:46,Institutional Capital Flow,Brookfield,National,Apartment,2026-05-22,2026-08-25,10,0,0,100,0,0,Fading,No Clear Stress,Capital flow fading,100
2026-09-21,20260921-005246-91e60804,2026-09-21 00:52:46,Recurring Lender,CBRE,Phoenix / Arizona,Apartment,2026-06-13,2026-07-23,20,0,100,0,0,0,Fading,No Clear Stress,Capital flow fading,100
2026-09-21,20260921-005246-91e60804,2026-09-21 00:52:46,Recurring Lender,CBRE,Miami / Florida,General Residential,2026-07-09,2026-09-02,10,0,100,0,9,0,Fading,Refinancing Stress Watch,Capital flow fading,100
2026-09-21,20260921-005246-91e60804,2026-09-21 00:52:46,Recurring Lender,CBRE,Los Angeles / California,Affordable Housing,2026-06-01,2026-08-04,20,0,100,0,0,0,Fading,No Clear Stress,Capital flow fading,100
2026-09-21,20260921-005246-91e60804,2026-09-21 00:52:46,Recurring Lender,CBRE,California,General Residential,2026-05-20,2026-09-21,60,2,100,0,0,0,Stable,No Clear Stress,Stable capital pattern,100
2026-09-21,20260921-005246-91e60804,2026-09-21 00:52:46,Recurring Lender,CBRE,Seattle,Apartment,2026-06-12,2026-09-18,19,0,100,0,1,0,Fading,Refinancing Stress Watch,Capital flow fading,100
2026-09-21,20260921-005246-91e60804,2026-09-21 00:52:46,Recurring Lender,CBRE,California,Apartment,2026-05-21,2026-08-28,47,0,100,0,0,0,Fading,No Clear Stress,Capital flow fading,100
2026-09-21,20260921-005246-91e60804,2026-09-21 00:52:46,Recurring Lender,CBRE,Other / Unknown,Apartment,2026-06-23,2026-09-15,9,0,100,0,0,0,Fading,No Clear Stress,Capital flow fading,100
2026-09-21,20260921-005246-91e60804,2026-09-21 00:52:46,Recurring Lender,CBRE,New York,Apartment,2026-06-16,2026-09-08,17,0,100,0,0,0,Fading,No Clear Stress,Capital flow fading,100
2026-09-21,20260921-005246-91e60804,2026-09-21 00:52:46,Institutional Capital Flow,CIM Group,Atlanta / Georgia,Mixed-Use Residential,2026-07-13,2026-08-10,25,0,0,100,0,0,Fading,No Clear Stress,Capital flow fading,100
2026-09-21,20260921-005246-91e60804,2026-09-21 00:52:46,Market-Level Capital Concentration,California,California,Affordable Housing,2026-05-19,2026-09-21,223,1,0,0,9,3,Stable,Refinancing Stress Watch,Stable capital pattern,100
2026-09-21,20260921-005246-91e60804,2026-09-21 00:52:46,Market-Level Capital Concentration,California,California,General Residential,2026-05-19,2026-09-21,128,2,0,0,2,0,Stable,Refinancing Stress Watch,Stable capital pattern,100
2026-09-21,20260921-005246-91e60804,2026-09-21 00:52:46,Market-Level Capital Concentration,California,California,Multifamily,2026-05-25,2026-09-15,39,0,0,0,7,1,Fading,Refinancing Stress Watch,Capital flow fading,100
2026-09-21,20260921-005246-91e60804,2026-09-21 00:52:46,Market-Level Capital Concentration,California,California,Student Housing,2026-08-01,2026-09-21,14,1,0,0,0,0,Stable,No Clear Stress,Stable capital pattern,100
2026-09-21,20260921-005246-91e60804,2026-09-21 00:52:46,Market-Level Capital Concentration,California,California,Senior Housing,2026-05-20,2026-09-08,95,0,0,0,0,0,Fading,No Clear Stress,Capital flow fading,100
2026-09-21,20260921-005246-91e60804,2026-09-21 00:52:46,Market-Level Capital Concentration,California,California,Apartment,2026-05-19,2026-09-21,521,4,0,0,31,72,Stable,Refinancing Stress Watch,Stable capital pattern,100
2026-09-21,20260921-005246-91e60804,2026-09-21 00:52:46,Market-Level Capital Concentration,California,California,Mixed-Use Residential,2026-05-19,2026-09-09,28,0,0,0,0,0,Fading,No Clear Stress,Capital flow fading,100
2026-09-21,20260921-005246-91e60804,2026-09-21 00:52:46,Institutional Capital Flow,Camden Property Trust,Phoenix / Arizona,Apartment,2026-07-14,2026-07-23,9,0,0,100,0,0,Fading,No Clear Stress,Capital flow fading,100
2026-09-21,20260921-005246-91e60804,2026-09-21 00:52:46,Market-Level Capital Concentration,Colorado,Colorado,Apartment,2026-07-07,2026-08-31,18,0,0,0,1,1,Fading,Monitor Debt Conditions,Capital flow fading,100
2026-09-21,20260921-005246-91e60804,2026-09-21 00:52:46,Institutional Capital Flow,Crescent Communities,Phoenix / Arizona,Apartment,2026-07-21,2026-07-31,10,0,0,100,0,0,Fading,No Clear Stress,Capital flow fading,100
2026-09-21,20260921-005246-91e60804,2026-09-21 00:52:46,Market-Level Capital Concentration,Dallas / Texas,Dallas / Texas,Apartment,2026-06-04,2026-09-21,127,2,0,0,13,4,Stable,Refinancing Stress Watch,Stable capital pattern,100
2026-09-21,20260921-005246-91e60804,2026-09-21 00:52:46,Market-Level Capital Concentration,Dallas / Texas,Dallas / Texas,Mixed-Use Residential,2026-06-10,2026-09-15,35,0,0,0,5,0,Fading,Refinancing Stress Watch,Capital flow fading,100
2026-09-21,20260921-005246-91e60804,2026-09-21 00:52:46,Market-Level Capital Concentration,Dallas / Texas,Dallas / Texas,Multifamily,2026-06-16,2026-09-15,19,0,0,0,1,0,Fading,Monitor Debt Conditions,Capital flow fading,100
2026-09-21,20260921-005246-91e60804,2026-09-21 00:52:46,Market-Level Capital Concentration,Dallas / Texas,Dallas / Texas,BTR / Single-Family Rental,2026-07-20,2026-09-16,13,0,0,0,0,0,Fading,No Clear Stress,Capital flow fading,100
2026-09-21,20260921-005246-91e60804,2026-09-21 00:52:46,Market-Level Capital Concentration,Dallas / Texas,Dallas / Texas,Affordable Housing,2026-06-17,2026-09-17,15,0,0,0,1,0,Fading,Monitor Debt Conditions,Capital flow fading,100
2026-09-21,20260921-005246-91e60804,2026-09-21 00:52:46,Institutional Capital Flow,Delray Beach Mixed-Use Venture Pebb Capital,Miami / Florida,Mixed-Use Residential,2026-09-10,2026-09-21,12,1,0,100,0,0,Stable,No Clear Stress,Stable capital pattern,100
2026-09-21,20260921-005246-91e60804,2026-09-21 00:52:46,Market-Level Capital Concentration,Denver / Colorado,Denver / Colorado,General Residential,2026-06-01,2026-07-20,9,0,0,0,2,3,Fading,Refinancing Stress Watch,Capital flow fading,100
2026-09-21,20260921-005246-91e60804,2026-09-21 00:52:46,Market-Level Capital Concentration,Denver / Colorado,Denver / Colorado,Multifamily,2026-07-17,2026-09-18,7,0,0,0,2,1,Fading,Refinancing Stress Watch,Capital flow fading,100
2026-09-21,20260921-005246-91e60804,2026-09-21 00:52:46,Market-Level Capital Concentration,Denver / Colorado,Denver / Colorado,Apartment,2026-06-11,2026-09-10,14,0,0,0,6,0,Fading,Refinancing Stress Watch,Capital flow fading,100
2026-09-21,20260921-005246-91e60804,2026-09-21 00:52:46,Institutional Capital Flow,Doral Center Offices Banyan Street Capital,Miami / Florida,General Residential,2026-08-24,2026-09-02,9,0,0,100,0,0,Fading,No Clear Stress,Capital flow fading,100
2026-09-21,20260921-005246-91e60804,2026-09-21 00:52:46,Institutional Capital Flow,Douglas Final Phase 13th Floor Investments,Miami / Florida,Apartment,2026-06-13,2026-06-22,10,0,0,100,0,0,Fading,No Clear Stress,Capital flow fading,100
2026-09-21,20260921-005246-91e60804,2026-09-21 00:52:46,Institutional Capital Flow,Dwight Capital,Texas,Apartment,2026-06-08,2026-07-06,10,0,0,100,0,0,Fading,No Clear Stress,Capital flow fading,100
2026-09-21,20260921-005246-91e60804,2026-09-21 00:52:46,Institutional Capital Flow,Edgewater Rental Community S3 Capital,Miami / Florida,Mixed-Use Residential,2026-07-10,2026-07-28,20,0,0,100,0,0,Fading,No Clear Stress,Capital flow fading,100
2026-09-21,20260921-005246-91e60804,2026-09-21 00:52:46,Institutional Capital Flow,Elme Communities,Riverside / California,Apartment,2026-06-26,2026-07-31,11,0,0,100,0,0,Fading,No Clear Stress,Capital flow fading,100
2026-09-21,20260921-005246-91e60804,2026-09-21 00:52:46,Recurring Lender,Fannie Mae,California,Apartment,2026-06-30,2026-09-10,43,0,100,0,7,0,Fading,Refinancing Stress Watch,Capital flow fading,100
2026-09-21,20260921-005246-91e60804,2026-09-21 00:52:46,Recurring Lender,Fannie Mae,Other / Unknown,Affordable Housing,2026-05-21,2026-07-26,5,0,100,0,4,0,Fading,Refinancing Stress Watch,Capital flow fading,100
2026-09-21,20260921-005246-91e60804,2026-09-21 00:52:46,Recurring Lender,Fannie Mae,New York City / New York,Apartment,2026-09-18,2026-09-21,5,1,100,0,4,0,Stable,Refinancing Stress Watch,Stable capital pattern,100
2026-09-21,20260921-005246-91e60804,2026-09-21 00:52:46,Recurring Lender,Fannie Mae,Other / Unknown,Apartment,2026-05-20,2026-08-11,11,0,100,0,4,0,Fading,Refinancing Stress Watch,Capital flow fading,100
2026-09-21,20260921-005246-91e60804,2026-09-21 00:52:46,Recurring Lender,Fannie Mae,California,Affordable Housing,2026-08-29,2026-09-02,5,0,100,0,5,0,Fading,Refinancing Stress Watch,Capital flow fading,100
2026-09-21,20260921-005246-91e60804,2026-09-21 00:52:46,Institutional Capital Flow,Fannie Mae,California,Apartment,2026-06-30,2026-09-10,28,0,0,100,0,0,Fading,No Clear Stress,Capital flow fading,100
2026-09-21,20260921-005246-91e60804,2026-09-21 00:52:46,Market-Level Capital Concentration,Florida,Florida,Affordable Housing,2026-05-26,2026-08-20,11,0,0,0,0,3,Fading,No Clear Stress,Capital flow fading,100
2026-09-21,20260921-005246-91e60804,2026-09-21 00:52:46,Market-Level Capital Concentration,Florida,Florida,General Residential,2026-06-10,2026-09-08,9,0,0,0,3,0,Fading,Refinancing Stress Watch,Capital flow fading,100
2026-09-21,20260921-005246-91e60804,2026-09-21 00:52:46,Market-Level Capital Concentration,Florida,Florida,Multifamily,2026-05-29,2026-09-15,21,0,0,0,13,2,Fading,Refinancing Stress Watch,Capital flow fading,100
2026-09-21,20260921-005246-91e60804,2026-09-21 00:52:46,Market-Level Capital Concentration,Florida,Florida,Student Housing,2026-05-22,2026-07-21,7,0,0,0,1,2,Fading,Monitor Debt Conditions,Capital flow fading,100
2026-09-21,20260921-005246-91e60804,2026-09-21 00:52:46,Market-Level Capital Concentration,Florida,Florida,Apartment,2026-05-19,2026-09-10,64,0,0,0,12,9,Fading,Refinancing Stress Watch,Capital flow fading,100
2026-09-21,20260921-005246-91e60804,2026-09-21 00:52:46,Market-Level Capital Concentration,Florida,Florida,Mixed-Use Residential,2026-06-13,2026-09-11,11,0,0,0,3,2,Fading,Refinancing Stress Watch,Capital flow fading,100
2026-09-21,20260921-005246-91e60804,2026-09-21 00:52:46,Recurring Lender,Freddie Mac,New York,Apartment,2026-05-29,2026-06-01,8,0,100,0,8,0,Fading,Refinancing Stress Watch,Capital flow fading,100
2026-09-21,20260921-005246-91e60804,2026-09-21 00:52:46,Recurring Lender,Freddie Mac,New York City / New York,Affordable Housing,2026-06-05,2026-09-01,6,0,100,0,6,0,Fading,Refinancing Stress Watch,Capital flow fading,100
2026-09-21,20260921-005246-91e60804,2026-09-21 00:52:46,Recurring Lender,Freddie Mac,California,Apartment,2026-07-14,2026-09-21,26,1,100,0,5,0,Stable,Refinancing Stress Watch,Stable capital pattern,100
2026-09-21,20260921-005246-91e60804,2026-09-21 00:52:46,Recurring Lender,Freddie Mac,Other / Unknown,Apartment,2026-05-27,2026-09-03,15,0,100,0,6,1,Fading,Refinancing Stress Watch,Capital flow fading,100
2026-09-21,20260921-005246-91e60804,2026-09-21 00:52:46,Institutional Capital Flow,Freddie Mac,California,Apartment,2026-07-21,2026-09-21,15,1,0,100,0,0,Stable,No Clear Stress,Stable capital pattern,100
2026-09-21,20260921-005246-91e60804,2026-09-21 00:52:46,Recurring Lender,Freddie Mac,Other / Unknown,Multifamily,2026-07-03,2026-09-14,7,0,100,0,0,3,Fading,No Clear Stress,Capital flow fading,100
2026-09-21,20260921-005246-91e60804,2026-09-21 00:52:46,Recurring Lender,Freddie Mac,New York City / New York,Apartment,2026-06-01,2026-06-02,7,0,100,0,2,0,Fading,Refinancing Stress Watch,Capital flow fading,100
2026-09-21,20260921-005246-91e60804,2026-09-21 00:52:46,Institutional Capital Flow,Freestone Capital,California,Affordable Housing,2026-06-02,2026-07-07,44,0,0,100,0,0,Fading,No Clear Stress,Capital flow fading,100
2026-09-21,20260921-005246-91e60804,2026-09-21 00:52:46,Market-Level Capital Concentration,Georgia,Georgia,Apartment,2026-06-23,2026-09-02,9,0,0,0,2,0,Fading,Refinancing Stress Watch,Capital flow fading,100
2026-09-21,20260921-005246-91e60804,2026-09-21 00:52:46,Institutional Capital Flow,Greystar,Miami / Florida,Apartment,2026-06-05,2026-06-17,16,0,0,100,0,0,Fading,No Clear Stress,Capital flow fading,100
2026-09-21,20260921-005246-91e60804,2026-09-21 00:52:46,Institutional Capital Flow,Hanover Company,Los Angeles / California,Mixed-Use Residential,2026-06-04,2026-06-09,10,0,0,100,0,0,Fading,No Clear Stress,Capital flow fading,100
2026-09-21,20260921-005246-91e60804,2026-09-21 00:52:46,Institutional Capital Flow,Harbor Group International,Miami / Florida,Apartment,2026-08-07,2026-08-20,15,0,0,100,0,0,Fading,No Clear Stress,Capital flow fading,100
2026-09-21,20260921-005246-91e60804,2026-09-21 00:52:46,Institutional Capital Flow,Healthcare Capital,Phoenix / Arizona,General Residential,2026-08-18,2026-08-31,13,0,0,100,0,0,Fading,No Clear Stress,Capital flow fading,100
2026-09-21,20260921-005246-91e60804,2026-09-21 00:52:46,Market-Level Capital Concentration,Houston / Texas,Houston / Texas,Senior Housing,2026-06-01,2026-06-11,12,0,0,0,0,0,Fading,No Clear Stress,Capital flow fading,100
2026-09-21,20260921-005246-91e60804,2026-09-21 00:52:46,Market-Level Capital Concentration,Houston / Texas,Houston / Texas,Apartment,2026-06-01,2026-09-17,65,0,0,0,12,0,Fading,Refinancing Stress Watch,Capital flow fading,100
2026-09-21,20260921-005246-91e60804,2026-09-21 00:52:46,Market-Level Capital Concentration,Houston / Texas,Houston / Texas,Mixed-Use Residential,2026-06-17,2026-08-31,16,0,0,0,1,8,Fading,Monitor Debt Conditions,Capital flow fading,100
2026-09-21,20260921-005246-91e60804,2026-09-21 00:52:46,Market-Level Capital Concentration,Houston / Texas,Houston / Texas,Multifamily,2026-06-13,2026-09-17,17,0,0,0,8,4,Fading,Refinancing Stress Watch,Capital flow fading,100
2026-09-21,20260921-005246-91e60804,2026-09-21 00:52:46,Institutional Capital Flow,IPA,Miami / Florida,Apartment,2026-07-10,2026-08-17,15,0,0,100,0,0,Fading,No Clear Stress,Capital flow fading,100
2026-09-21,20260921-005246-91e60804,2026-09-21 00:52:46,Institutional Capital Flow,IPA,Other / Unknown,Apartment,2026-06-30,2026-09-17,12,0,0,100,0,0,Fading,No Clear Stress,Capital flow fading,100
2026-09-21,20260921-005246-91e60804,2026-09-21 00:52:46,Recurring Lender,JLL,California,Senior Housing,2026-05-20,2026-09-01,69,0,100,0,0,0,Fading,No Clear Stress,Capital flow fading,100
2026-09-21,20260921-005246-91e60804,2026-09-21 00:52:46,Recurring Lender,JLL,Other / Unknown,Senior Housing,2026-06-04,2026-09-10,15,0,100,0,5,4,Fading,Refinancing Stress Watch,Capital flow fading,100
2026-09-21,20260921-005246-91e60804,2026-09-21 00:52:46,Recurring Lender,JLL,Atlanta / Georgia,Affordable Housing,2026-07-23,2026-08-12,22,0,100,0,0,0,Fading,No Clear Stress,Capital flow fading,100
2026-09-21,20260921-005246-91e60804,2026-09-21 00:52:46,Recurring Lender,JLL,Sun Belt,General Residential,2026-05-19,2026-05-27,19,0,100,0,0,0,Fading,No Clear Stress,Capital flow fading,100
2026-09-21,20260921-005246-91e60804,2026-09-21 00:52:46,Recurring Lender,JLL,New York City / New York,Multifamily,2026-06-19,2026-09-21,7,1,100,0,0,0,Stable,No Clear Stress,Stable capital pattern,100
2026-09-21,20260921-005246-91e60804,2026-09-21 00:52:46,Recurring Lender,JLL,Dallas / Texas,Apartment,2026-06-10,2026-09-08,9,0,100,0,4,0,Fading,Refinancing Stress Watch,Capital flow fading,100
2026-09-21,20260921-005246-91e60804,2026-09-21 00:52:46,Recurring Lender,JLL,New York,Apartment,2026-05-20,2026-09-02,14,0,100,0,5,0,Fading,Refinancing Stress Watch,Capital flow fading,100
2026-09-21,20260921-005246-91e60804,2026-09-21 00:52:46,Recurring Lender,JLL,New York City / New York,Apartment,2026-06-30,2026-08-05,7,0,100,0,2,0,Fading,Refinancing Stress Watch,Capital flow fading,100
2026-09-21,20260921-005246-91e60804,2026-09-21 00:52:46,Recurring Lender,JLL,California,Apartment,2026-05-19,2026-09-09,71,0,100,0,5,65,Fading,Refinancing Stress Watch,Capital flow fading,100
2026-09-21,20260921-005246-91e60804,2026-09-21 00:52:46,Recurring Lender,JLL,New York City / New York,Mixed-Use Residential,2026-07-28,2026-09-21,9,2,100,0,1,0,Stable,Refinancing Stress Watch,Stable capital pattern,100
2026-09-21,20260921-005246-91e60804,2026-09-21 00:52:46,Recurring Lender,JLL,Other / Unknown,Apartment,2026-06-30,2026-09-18,28,0,100,0,4,1,Fading,Refinancing Stress Watch,Capital flow fading,100
2026-09-21,20260921-005246-91e60804,2026-09-21 00:52:46,Recurring Lender,JLL,Atlanta / Georgia,Apartment,2026-06-01,2026-06-04,9,0,100,0,0,0,Fading,No Clear Stress,Capital flow fading,100
2026-09-21,20260921-005246-91e60804,2026-09-21 00:52:46,Recurring Lender,JLL,Sun Belt,Apartment,2026-05-19,2026-08-31,27,0,100,0,0,0,Fading,No Clear Stress,Capital flow fading,100
2026-09-21,20260921-005246-91e60804,2026-09-21 00:52:46,Recurring Lender,JLL,California,General Residential,2026-05-19,2026-07-28,33,0,100,0,0,0,Fading,No Clear Stress,Capital flow fading,100
2026-09-21,20260921-005246-91e60804,2026-09-21 00:52:46,Recurring Lender,JLL,Other / Unknown,Multifamily,2026-06-05,2026-09-17,8,0,100,0,4,3,Fading,Refinancing Stress Watch,Capital flow fading,100
2026-09-21,20260921-005246-91e60804,2026-09-21 00:52:46,Recurring Lender,JLL,Miami / Florida,Mixed-Use Residential,2026-07-10,2026-09-03,21,0,100,0,0,21,Fading,No Clear Stress,Capital flow fading,100
2026-09-21,20260921-005246-91e60804,2026-09-21 00:52:46,Institutional Capital Flow,JPI,Phoenix / Arizona,Mixed-Use Residential,2026-09-01,2026-09-15,15,0,0,100,0,0,Fading,No Clear Stress,Capital flow fading,100
2026-09-21,20260921-005246-91e60804,2026-09-21 00:52:46,Institutional Capital Flow,Kayne Anderson Real Estate,Atlanta / Georgia,Student Housing,2026-06-02,2026-06-16,22,0,0,100,0,0,Fading,No Clear Stress,Capital flow fading,100
2026-09-21,20260921-005246-91e60804,2026-09-21 00:52:46,Recurring Capital Partner,Kennedy Wilson,Riverside / California,Apartment,2026-07-01,2026-07-17,7,0,0,100,7,0,Fading,Refinancing Stress Watch,Capital flow fading,100
2026-09-21,20260921-005246-91e60804,2026-09-21 00:52:46,Recurring Capital Partner,Kennedy Wilson,Los Angeles / California,Affordable Housing,2026-07-01,2026-07-07,18,0,0,100,0,0,Fading,No Clear Stress,Capital flow fading,100
2026-09-21,20260921-005246-91e60804,2026-09-21 00:52:46,Market-Level Capital Concentration,Kentucky,Kentucky,Student Housing,2026-06-20,2026-09-08,9,0,0,0,0,0,Fading,No Clear Stress,Capital flow fading,100
2026-09-21,20260921-005246-91e60804,2026-09-21 00:52:46,Institutional Capital Flow,Lincoln Property Company,California,Apartment,2026-05-28,2026-06-01,9,0,0,100,0,0,Fading,No Clear Stress,Capital flow fading,100
2026-09-21,20260921-005246-91e60804,2026-09-21 00:52:46,Market-Level Capital Concentration,Los Angeles,Los Angeles,Affordable Housing,2026-05-19,2026-06-13,81,0,0,0,0,14,Fading,No Clear Stress,Capital flow fading,100
2026-09-21,20260921-005246-91e60804,2026-09-21 00:52:46,Market-Level Capital Concentration,Los Angeles,Los Angeles,General Residential,2026-05-19,2026-06-01,22,0,0,0,0,0,Fading,No Clear Stress,Capital flow fading,100
2026-09-21,20260921-005246-91e60804,2026-09-21 00:52:46,Market-Level Capital Concentration,Los Angeles,Los Angeles,Office-to-Residential Conversion,2026-05-20,2026-05-27,15,0,0,0,0,0,Fading,No Clear Stress,Capital flow fading,100
2026-09-21,20260921-005246-91e60804,2026-09-21 00:52:46,Market-Level Capital Concentration,Los Angeles,Los Angeles,Apartment,2026-05-19,2026-06-01,23,0,0,0,0,0,Fading,No Clear Stress,Capital flow fading,100
2026-09-21,20260921-005246-91e60804,2026-09-21 00:52:46,Market-Level Capital Concentration,Los Angeles,Los Angeles,Mixed-Use Residential,2026-05-19,2026-07-14,13,0,0,0,0,0,Fading,No Clear Stress,Capital flow fading,100
2026-09-21,20260921-005246-91e60804,2026-09-21 00:52:46,Market-Level Capital Concentration,Los Angeles,Los Angeles,Workforce Housing,2026-05-22,2026-05-27,9,0,0,0,0,0,Fading,No Clear Stress,Capital flow fading,100
2026-09-21,20260921-005246-91e60804,2026-09-21 00:52:46,Market-Level Capital Concentration,Los Angeles,Los Angeles,Multifamily,2026-05-21,2026-05-27,10,0,0,0,0,0,Fading,No Clear Stress,Capital flow fading,100
2026-09-21,20260921-005246-91e60804,2026-09-21 00:52:46,Market-Level Capital Concentration,Los Angeles / California,Los Angeles / California,General Residential,2026-06-01,2026-09-19,90,0,0,0,5,0,Fading,Refinancing Stress Watch,Capital flow fading,100
2026-09-21,20260921-005246-91e60804,2026-09-21 00:52:46,Market-Level Capital Concentration,Los Angeles / California,Los Angeles / California,Multifamily,2026-06-06,2026-09-18,30,0,0,0,1,0,Fading,Monitor Debt Conditions,Capital flow fading,100
2026-09-21,20260921-005246-91e60804,2026-09-21 00:52:46,Market-Level Capital Concentration,Los Angeles / California,Los Angeles / California,Office-to-Residential Conversion,2026-06-01,2026-09-15,43,0,0,0,0,0,Fading,No Clear Stress,Capital flow fading,100
2026-09-21,20260921-005246-91e60804,2026-09-21 00:52:46,Market-Level Capital Concentration,Los Angeles / California,Los Angeles / California,Senior Housing,2026-06-11,2026-09-03,26,0,0,0,0,0,Fading,No Clear Stress,Capital flow fading,100
2026-09-21,20260921-005246-91e60804,2026-09-21 00:52:46,Market-Level Capital Concentration,Los Angeles / California,Los Angeles / California,Affordable Housing,2026-06-01,2026-09-21,422,2,0,0,4,6,Stable,Refinancing Stress Watch,Stable capital pattern,100
2026-09-21,20260921-005246-91e60804,2026-09-21 00:52:46,Market-Level Capital Concentration,Los Angeles / California,Los Angeles / California,Student Housing,2026-07-28,2026-09-08,25,0,0,0,2,0,Fading,Refinancing Stress Watch,Capital flow fading,100
2026-09-21,20260921-005246-91e60804,2026-09-21 00:52:46,Market-Level Capital Concentration,Los Angeles / California,Los Angeles / California,Mixed-Use Residential,2026-06-04,2026-09-21,78,2,0,0,0,12,Stable,No Clear Stress,Stable capital pattern,100
2026-09-21,20260921-005246-91e60804,2026-09-21 00:52:46,Market-Level Capital Concentration,Los Angeles / California,Los Angeles / California,Workforce Housing,2026-08-04,2026-09-12,7,0,0,0,0,4,Fading,No Clear Stress,Capital flow fading,100
2026-09-21,20260921-005246-91e60804,2026-09-21 00:52:46,Market-Level Capital Concentration,Los Angeles / California,Los Angeles / California,Apartment,2026-06-01,2026-09-21,213,3,0,0,11,0,Increasing,Refinancing Stress Watch,Capital concentration increasing,100
2026-09-21,20260921-005246-91e60804,2026-09-21 00:52:46,Institutional Capital Flow,Luxury Apartments The Hampton Group,Phoenix / Arizona,Apartment,2026-06-04,2026-06-15,16,0,0,100,0,0,Fading,No Clear Stress,Capital flow fading,100
2026-09-21,20260921-005246-91e60804,2026-09-21 00:52:46,Institutional Capital Flow,M&T Bank,Miami / Florida,Apartment,2026-08-17,2026-08-28,11,0,0,100,0,0,Fading,No Clear Stress,Capital flow fading,100
2026-09-21,20260921-005246-91e60804,2026-09-21 00:52:46,Institutional Capital Flow,Madison Realty Capital,Miami / Florida,Mixed-Use Residential,2026-07-31,2026-08-16,15,0,0,100,0,0,Fading,No Clear Stress,Capital flow fading,100
2026-09-21,20260921-005246-91e60804,2026-09-21 00:52:46,Market-Level Capital Concentration,Miami / Florida,Miami / Florida,General Residential,2026-06-26,2026-09-14,37,0,0,0,10,15,Fading,Refinancing Stress Watch,Capital flow fading,100
2026-09-21,20260921-005246-91e60804,2026-09-21 00:52:46,Market-Level Capital Concentration,Miami / Florida,Miami / Florida,Multifamily,2026-06-04,2026-09-21,40,1,0,0,6,19,Increasing,Refinancing Stress Watch,Capital concentration increasing,100
2026-09-21,20260921-005246-91e60804,2026-09-21 00:52:46,Market-Level Capital Concentration,Miami / Florida,Miami / Florida,Senior Housing,2026-06-04,2026-09-21,26,1,0,0,2,0,Stable,Refinancing Stress Watch,Stable capital pattern,100
2026-09-21,20260921-005246-91e60804,2026-09-21 00:52:46,Market-Level Capital Concentration,Miami / Florida,Miami / Florida,Affordable Housing,2026-06-15,2026-09-21,65,1,0,0,3,18,Stable,Refinancing Stress Watch,Stable capital pattern,100
2026-09-21,20260921-005246-91e60804,2026-09-21 00:52:46,Market-Level Capital Concentration,Miami / Florida,Miami / Florida,Apartment,2026-06-01,2026-09-21,373,3,0,0,26,127,Stable,Refinancing Stress Watch,Stable capital pattern,100
2026-09-21,20260921-005246-91e60804,2026-09-21 00:52:46,Market-Level Capital Concentration,Miami / Florida,Miami / Florida,Mixed-Use Residential,2026-06-01,2026-09-21,140,1,0,0,36,45,Stable,Refinancing Stress Watch,Stable capital pattern,100
2026-09-21,20260921-005246-91e60804,2026-09-21 00:52:46,Institutional Capital Flow,Miami Apartments Madison Realty Capital,Miami / Florida,Apartment,2026-06-02,2026-06-11,18,0,0,100,0,0,Fading,No Clear Stress,Capital flow fading,100
2026-09-21,20260921-005246-91e60804,2026-09-21 00:52:46,Institutional Capital Flow,Mike Boyd Saratoga Capital,Atlanta / Georgia,Apartment,2026-08-12,2026-09-21,40,1,0,100,0,0,Stable,No Clear Stress,Stable capital pattern,100
2026-09-21,20260921-005246-91e60804,2026-09-21 00:52:46,Institutional Capital Flow,"Milhaus Merges with SRG Residential, Will",California,Apartment,2026-07-14,2026-08-20,38,0,0,100,0,0,Fading,No Clear Stress,Capital flow fading,100
2026-09-21,20260921-005246-91e60804,2026-09-21 00:52:46,Institutional Capital Flow,Morgan Group,Houston / Texas,Multifamily,2026-06-04,2026-06-08,9,0,0,100,0,0,Fading,No Clear Stress,Capital flow fading,100
2026-09-21,20260921-005246-91e60804,2026-09-21 00:52:46,Market-Level Capital Concentration,Nashville / Tennessee,Nashville / Tennessee,Apartment,2026-06-26,2026-09-14,9,0,0,0,0,0,Fading,No Clear Stress,Capital flow fading,100
2026-09-21,20260921-005246-91e60804,2026-09-21 00:52:46,Market-Level Capital Concentration,National,National,Multifamily,2026-05-20,2026-09-21,43,1,0,0,4,4,Stable,Refinancing Stress Watch,Stable capital pattern,100
2026-09-21,20260921-005246-91e60804,2026-09-21 00:52:46,Market-Level Capital Concentration,National,National,Student Housing,2026-05-20,2026-09-18,21,0,0,0,0,0,Fading,No Clear Stress,Capital flow fading,100
2026-09-21,20260921-005246-91e60804,2026-09-21 00:52:46,Market-Level Capital Concentration,National,National,Office-to-Residential Conversion,2026-05-29,2026-07-31,15,0,0,0,0,0,Fading,No Clear Stress,Capital flow fading,100
2026-09-21,20260921-005246-91e60804,2026-09-21 00:52:46,Market-Level Capital Concentration,National,National,BTR / Single-Family Rental,2026-05-20,2026-07-20,21,0,0,0,0,0,Fading,No Clear Stress,Capital flow fading,100
2026-09-21,20260921-005246-91e60804,2026-09-21 00:52:46,Market-Level Capital Concentration,National,National,Senior Housing,2026-07-07,2026-09-09,13,0,0,0,0,0,Fading,No Clear Stress,Capital flow fading,100
2026-09-21,20260921-005246-91e60804,2026-09-21 00:52:46,Market-Level Capital Concentration,National,National,Affordable Housing,2026-05-20,2026-09-15,34,0,0,0,0,8,Fading,No Clear Stress,Capital flow fading,100
2026-09-21,20260921-005246-91e60804,2026-09-21 00:52:46,Market-Level Capital Concentration,National,National,Apartment,2026-05-20,2026-09-18,128,0,0,0,11,7,Fading,Refinancing Stress Watch,Capital flow fading,100
2026-09-21,20260921-005246-91e60804,2026-09-21 00:52:46,Market-Level Capital Concentration,National,National,Mixed-Use Residential,2026-06-25,2026-09-21,15,1,0,0,0,0,Stable,No Clear Stress,Stable capital pattern,100
2026-09-21,20260921-005246-91e60804,2026-09-21 00:52:46,Market-Level Capital Concentration,National,National,General Residential,2026-05-20,2026-07-23,12,0,0,0,0,1,Fading,No Clear Stress,Capital flow fading,100
2026-09-21,20260921-005246-91e60804,2026-09-21 00:52:46,Market-Level Capital Concentration,New York,New York,Affordable Housing,2026-05-19,2026-09-02,47,0,0,0,5,10,Fading,Refinancing Stress Watch,Capital flow fading,100
2026-09-21,20260921-005246-91e60804,2026-09-21 00:52:46,Market-Level Capital Concentration,New York,New York,General Residential,2026-05-19,2026-09-11,22,0,0,0,0,1,Fading,No Clear Stress,Capital flow fading,100
2026-09-21,20260921-005246-91e60804,2026-09-21 00:52:46,Market-Level Capital Concentration,New York,New York,Student Housing,2026-06-01,2026-09-03,7,0,0,0,0,5,Fading,No Clear Stress,Capital flow fading,100
2026-09-21,20260921-005246-91e60804,2026-09-21 00:52:46,Market-Level Capital Concentration,New York,New York,Apartment,2026-05-19,2026-09-18,134,0,0,0,26,13,Fading,Refinancing Stress Watch,Capital flow fading,100
2026-09-21,20260921-005246-91e60804,2026-09-21 00:52:46,Market-Level Capital Concentration,New York,New York,Mixed-Use Residential,2026-05-20,2026-09-10,39,0,0,0,5,15,Fading,Refinancing Stress Watch,Capital flow fading,100
2026-09-21,20260921-005246-91e60804,2026-09-21 00:52:46,Market-Level Capital Concentration,New York,New York,Multifamily,2026-05-19,2026-09-09,28,0,0,0,10,5,Fading,Refinancing Stress Watch,Capital flow fading,100
2026-09-21,20260921-005246-91e60804,2026-09-21 00:52:46,Market-Level Capital Concentration,New York,New York,Office-to-Residential Conversion,2026-05-29,2026-09-11,9,0,0,0,0,0,Fading,No Clear Stress,Capital flow fading,100
2026-09-21,20260921-005246-91e60804,2026-09-21 00:52:46,Market-Level Capital Concentration,New York City / New York,New York City / New York,Affordable Housing,2026-06-05,2026-09-21,63,1,0,0,12,17,Stable,Refinancing Stress Watch,Stable capital pattern,100
2026-09-21,20260921-005246-91e60804,2026-09-21 00:52:46,Market-Level Capital Concentration,New York City / New York,New York City / New York,General Residential,2026-06-04,2026-08-23,13,0,0,0,5,0,Fading,Refinancing Stress Watch,Capital flow fading,100
2026-09-21,20260921-005246-91e60804,2026-09-21 00:52:46,Market-Level Capital Concentration,New York City / New York,New York City / New York,Office-to-Residential Conversion,2026-06-01,2026-08-07,35,0,0,0,0,0,Fading,No Clear Stress,Capital flow fading,100
2026-09-21,20260921-005246-91e60804,2026-09-21 00:52:46,Market-Level Capital Concentration,New York City / New York,New York City / New York,Apartment,2026-06-01,2026-09-21,125,1,0,0,18,8,Stable,Refinancing Stress Watch,Stable capital pattern,100
2026-09-21,20260921-005246-91e60804,2026-09-21 00:52:46,Market-Level Capital Concentration,New York City / New York,New York City / New York,Mixed-Use Residential,2026-06-04,2026-09-21,45,2,0,0,3,2,Stable,Refinancing Stress Watch,Stable capital pattern,100
2026-09-21,20260921-005246-91e60804,2026-09-21 00:52:46,Market-Level Capital Concentration,New York City / New York,New York City / New York,Multifamily,2026-06-01,2026-09-21,54,1,0,0,6,6,Stable,Refinancing Stress Watch,Stable capital pattern,100
2026-09-21,20260921-005246-91e60804,2026-09-21 00:52:46,Institutional Capital Flow,Nitya Capital,Phoenix / Arizona,Apartment,2026-06-19,2026-07-01,13,0,0,100,0,0,Fading,No Clear Stress,Capital flow fading,100
2026-09-21,20260921-005246-91e60804,2026-09-21 00:52:46,Institutional Capital Flow,Northlink Capital,Miami / Florida,Apartment,2026-07-30,2026-08-13,16,0,0,100,0,0,Fading,No Clear Stress,Capital flow fading,100
2026-09-21,20260921-005246-91e60804,2026-09-21 00:52:46,Market-Level Capital Concentration,Other / Unknown,Other / Unknown,Senior Housing,2026-06-04,2026-09-21,27,1,0,0,5,4,Stable,Refinancing Stress Watch,Stable capital pattern,100
2026-09-21,20260921-005246-91e60804,2026-09-21 00:52:46,Market-Level Capital Concentration,Other / Unknown,Other / Unknown,Apartment,2026-05-19,2026-09-21,860,5,0,0,49,24,Stable,Refinancing Stress Watch,Stable capital pattern,100
2026-09-21,20260921-005246-91e60804,2026-09-21 00:52:46,Market-Level Capital Concentration,Other / Unknown,Other / Unknown,Mixed-Use Residential,2026-05-19,2026-09-21,79,1,0,0,1,16,Stable,Monitor Debt Conditions,Stable capital pattern,100
2026-09-21,20260921-005246-91e60804,2026-09-21 00:52:46,Market-Level Capital Concentration,Other / Unknown,Other / Unknown,Workforce Housing,2026-05-20,2026-08-28,15,0,0,0,0,1,Fading,No Clear Stress,Capital flow fading,100
2026-09-21,20260921-005246-91e60804,2026-09-21 00:52:46,Market-Level Capital Concentration,Other / Unknown,Other / Unknown,Multifamily,2026-05-19,2026-09-21,954,5,0,0,11,15,Stable,Refinancing Stress Watch,Stable capital pattern,100
2026-09-21,20260921-005246-91e60804,2026-09-21 00:52:46,Market-Level Capital Concentration,Other / Unknown,Other / Unknown,Office-to-Residential Conversion,2026-06-01,2026-09-21,33,1,0,0,0,0,Stable,No Clear Stress,Stable capital pattern,100
2026-09-21,20260921-005246-91e60804,2026-09-21 00:52:46,Market-Level Capital Concentration,Other / Unknown,Other / Unknown,Affordable Housing,2026-05-19,2026-09-11,123,0,0,0,6,6,Fading,Refinancing Stress Watch,Capital flow fading,100
2026-09-21,20260921-005246-91e60804,2026-09-21 00:52:46,Market-Level Capital Concentration,Other / Unknown,Other / Unknown,General Residential,2026-05-20,2026-09-15,20,0,0,0,6,8,Fading,Refinancing Stress Watch,Capital flow fading,100
2026-09-21,20260921-005246-91e60804,2026-09-21 00:52:46,Market-Level Capital Concentration,Other / Unknown,Other / Unknown,Student Housing,2026-05-20,2026-09-20,43,0,0,0,4,1,Fading,Refinancing Stress Watch,Capital flow fading,100
2026-09-21,20260921-005246-91e60804,2026-09-21 00:52:46,Market-Level Capital Concentration,Other / Unknown,Other / Unknown,BTR / Single-Family Rental,2026-05-19,2026-09-12,29,0,0,0,0,0,Fading,No Clear Stress,Capital flow fading,100
2026-09-21,20260921-005246-91e60804,2026-09-21 00:52:46,Institutional Capital Flow,PCCP,Phoenix / Arizona,Apartment,2026-07-21,2026-08-03,13,0,0,100,0,0,Fading,No Clear Stress,Capital flow fading,100
2026-09-21,20260921-005246-91e60804,2026-09-21 00:52:46,Institutional Capital Flow,PEF Advisors,California,Affordable Housing,2026-06-02,2026-07-07,44,0,0,100,0,0,Fading,No Clear Stress,Capital flow fading,100
2026-09-21,20260921-005246-91e60804,2026-09-21 00:52:46,Market-Level Capital Concentration,Phoenix / Arizona,Phoenix / Arizona,BTR / Single-Family Rental,2026-06-01,2026-08-23,66,0,0,0,0,0,Fading,No Clear Stress,Capital flow fading,100
2026-09-21,20260921-005246-91e60804,2026-09-21 00:52:46,Market-Level Capital Concentration,Phoenix / Arizona,Phoenix / Arizona,Apartment,2026-06-01,2026-09-21,240,2,0,0,1,50,Stable,Monitor Debt Conditions,Stable capital pattern,100
2026-09-21,20260921-005246-91e60804,2026-09-21 00:52:46,Market-Level Capital Concentration,Phoenix / Arizona,Phoenix / Arizona,Mixed-Use Residential,2026-08-10,2026-09-21,36,1,0,0,1,0,Stable,Monitor Debt Conditions,Stable capital pattern,100
2026-09-21,20260921-005246-91e60804,2026-09-21 00:52:46,Market-Level Capital Concentration,Phoenix / Arizona,Phoenix / Arizona,General Residential,2026-07-02,2026-08-31,20,0,0,0,4,0,Fading,Refinancing Stress Watch,Capital flow fading,100
2026-09-21,20260921-005246-91e60804,2026-09-21 00:52:46,Market-Level Capital Concentration,Phoenix / Arizona,Phoenix / Arizona,Student Housing,2026-06-11,2026-09-18,26,0,0,0,11,0,Fading,Refinancing Stress Watch,Capital flow fading,100
2026-09-21,20260921-005246-91e60804,2026-09-21 00:52:46,Institutional Capital Flow,Quarterra,Phoenix / Arizona,Apartment,2026-06-12,2026-06-23,12,0,0,100,0,0,Fading,No Clear Stress,Capital flow fading,100
2026-09-21,20260921-005246-91e60804,2026-09-21 00:52:46,Recurring Capital Partner,Related Companies,Miami / Florida,Apartment,2026-08-14,2026-08-25,12,0,0,100,0,0,Fading,No Clear Stress,Capital flow fading,100
2026-09-21,20260921-005246-91e60804,2026-09-21 00:52:46,Recurring Capital Partner,Related Companies,Miami / Florida,Affordable Housing,2026-06-20,2026-07-01,12,0,0,100,0,0,Fading,No Clear Stress,Capital flow fading,100
2026-09-21,20260921-005246-91e60804,2026-09-21 00:52:46,Market-Level Capital Concentration,Riverside / California,Riverside / California,Multifamily,2026-06-06,2026-08-30,10,0,0,0,0,2,Fading,No Clear Stress,Capital flow fading,100
2026-09-21,20260921-005246-91e60804,2026-09-21 00:52:46,Market-Level Capital Concentration,Riverside / California,Riverside / California,Affordable Housing,2026-06-25,2026-08-05,45,0,0,0,0,0,Fading,No Clear Stress,Capital flow fading,100
2026-09-21,20260921-005246-91e60804,2026-09-21 00:52:46,Market-Level Capital Concentration,Riverside / California,Riverside / California,Apartment,2026-06-01,2026-09-10,59,0,0,0,11,3,Fading,Refinancing Stress Watch,Capital flow fading,100
2026-09-21,20260921-005246-91e60804,2026-09-21 00:52:46,Market-Level Capital Concentration,San Francisco / California,San Francisco / California,Affordable Housing,2026-07-12,2026-09-21,8,1,0,0,0,0,Stable,No Clear Stress,Stable capital pattern,100
2026-09-21,20260921-005246-91e60804,2026-09-21 00:52:46,Market-Level Capital Concentration,San Francisco / California,San Francisco / California,Apartment,2026-06-04,2026-09-20,110,0,0,0,7,2,Fading,Refinancing Stress Watch,Capital flow fading,100
2026-09-21,20260921-005246-91e60804,2026-09-21 00:52:46,Market-Level Capital Concentration,San Francisco / California,San Francisco / California,General Residential,2026-06-23,2026-08-30,17,0,0,0,0,0,Fading,No Clear Stress,Capital flow fading,100
2026-09-21,20260921-005246-91e60804,2026-09-21 00:52:46,Market-Level Capital Concentration,San Francisco / California,San Francisco / California,Multifamily,2026-06-01,2026-08-18,18,0,0,0,0,0,Fading,No Clear Stress,Capital flow fading,100
2026-09-21,20260921-005246-91e60804,2026-09-21 00:52:46,Institutional Capital Flow,Santa Ana Multifamily JLL Capital,California,Apartment,2026-06-02,2026-06-15,22,0,0,100,0,0,Fading,No Clear Stress,Capital flow fading,100
2026-09-21,20260921-005246-91e60804,2026-09-21 00:52:46,Market-Level Capital Concentration,Santa Monica / California,Santa Monica / California,Affordable Housing,2026-06-01,2026-09-14,36,0,0,0,0,6,Fading,No Clear Stress,Capital flow fading,100
2026-09-21,20260921-005246-91e60804,2026-09-21 00:52:46,Market-Level Capital Concentration,Santa Monica / California,Santa Monica / California,Apartment,2026-06-01,2026-08-14,16,0,0,0,0,0,Fading,No Clear Stress,Capital flow fading,100
2026-09-21,20260921-005246-91e60804,2026-09-21 00:52:46,Market-Level Capital Concentration,Sarasota / Florida,Sarasota / Florida,Multifamily,2026-06-01,2026-07-17,8,0,0,0,7,0,Fading,Refinancing Stress Watch,Capital flow fading,100
2026-09-21,20260921-005246-91e60804,2026-09-21 00:52:46,Market-Level Capital Concentration,Seattle,Seattle,Affordable Housing,2026-06-13,2026-08-23,10,0,0,0,3,1,Fading,Refinancing Stress Watch,Capital flow fading,100
2026-09-21,20260921-005246-91e60804,2026-09-21 00:52:46,Market-Level Capital Concentration,Seattle,Seattle,Apartment,2026-05-20,2026-09-18,96,0,0,0,15,3,Fading,Refinancing Stress Watch,Capital flow fading,100
2026-09-21,20260921-005246-91e60804,2026-09-21 00:52:46,Market-Level Capital Concentration,Seattle,Seattle,Mixed-Use Residential,2026-06-11,2026-09-14,18,0,0,0,2,2,Fading,Refinancing Stress Watch,Capital flow fading,100
2026-09-21,20260921-005246-91e60804,2026-09-21 00:52:46,Institutional Capital Flow,Shoma Group,Miami / Florida,Mixed-Use Residential,2026-09-03,2026-09-17,15,0,0,100,0,0,Fading,No Clear Stress,Capital flow fading,100
2026-09-21,20260921-005246-91e60804,2026-09-21 00:52:46,Market-Level Capital Concentration,Southeast,Southeast,Mixed-Use Residential,2026-05-20,2026-08-23,12,0,0,0,0,0,Fading,No Clear Stress,Capital flow fading,100
2026-09-21,20260921-005246-91e60804,2026-09-21 00:52:46,Market-Level Capital Concentration,Southeast,Southeast,Apartment,2026-05-21,2026-09-21,22,1,0,0,0,0,Stable,No Clear Stress,Stable capital pattern,100
2026-09-21,20260921-005246-91e60804,2026-09-21 00:52:46,Market-Level Capital Concentration,Southeast,Southeast,Student Housing,2026-05-26,2026-08-19,10,0,0,0,3,0,Fading,Refinancing Stress Watch,Capital flow fading,100
2026-09-21,20260921-005246-91e60804,2026-09-21 00:52:46,Market-Level Capital Concentration,Sun Belt,Sun Belt,Affordable Housing,2026-05-19,2026-05-27,12,0,0,0,0,0,Fading,No Clear Stress,Capital flow fading,100
2026-09-21,20260921-005246-91e60804,2026-09-21 00:52:46,Market-Level Capital Concentration,Sun Belt,Sun Belt,General Residential,2026-05-19,2026-09-09,43,0,0,0,0,4,Fading,No Clear Stress,Capital flow fading,100
2026-09-21,20260921-005246-91e60804,2026-09-21 00:52:46,Market-Level Capital Concentration,Sun Belt,Sun Belt,Student Housing,2026-05-20,2026-06-01,24,0,0,0,22,2,Fading,Refinancing Stress Watch,Capital flow fading,100
2026-09-21,20260921-005246-91e60804,2026-09-21 00:52:46,Market-Level Capital Concentration,Sun Belt,Sun Belt,BTR / Single-Family Rental,2026-05-19,2026-09-08,47,0,0,0,0,0,Fading,No Clear Stress,Capital flow fading,100
2026-09-21,20260921-005246-91e60804,2026-09-21 00:52:46,Market-Level Capital Concentration,Sun Belt,Sun Belt,Apartment,2026-05-19,2026-09-17,245,0,0,0,15,33,Fading,Refinancing Stress Watch,Capital flow fading,100
2026-09-21,20260921-005246-91e60804,2026-09-21 00:52:46,Market-Level Capital Concentration,Sun Belt,Sun Belt,Mixed-Use Residential,2026-05-19,2026-09-11,19,0,0,0,5,2,Fading,Refinancing Stress Watch,Capital flow fading,100
2026-09-21,20260921-005246-91e60804,2026-09-21 00:52:46,Market-Level Capital Concentration,Sun Belt,Sun Belt,Multifamily,2026-05-19,2026-09-18,28,0,0,0,2,4,Fading,Refinancing Stress Watch,Capital flow fading,100
2026-09-21,20260921-005246-91e60804,2026-09-21 00:52:46,Market-Level Capital Concentration,Tampa / Florida,Tampa / Florida,Apartment,2026-06-20,2026-09-02,14,0,0,0,1,5,Fading,Monitor Debt Conditions,Capital flow fading,100
2026-09-21,20260921-005246-91e60804,2026-09-21 00:52:46,Market-Level Capital Concentration,Texas,Texas,Multifamily,2026-05-20,2026-09-11,16,0,0,0,2,3,Fading,Refinancing Stress Watch,Capital flow fading,100
2026-09-21,20260921-005246-91e60804,2026-09-21 00:52:46,Market-Level Capital Concentration,Texas,Texas,Student Housing,2026-05-28,2026-08-20,20,0,0,0,0,0,Fading,No Clear Stress,Capital flow fading,100
2026-09-21,20260921-005246-91e60804,2026-09-21 00:52:46,Market-Level Capital Concentration,Texas,Texas,Senior Housing,2026-05-25,2026-09-19,9,0,0,0,1,0,Fading,Monitor Debt Conditions,Capital flow fading,100
2026-09-21,20260921-005246-91e60804,2026-09-21 00:52:46,Market-Level Capital Concentration,Texas,Texas,Apartment,2026-05-20,2026-09-21,48,1,0,0,11,4,Stable,Refinancing Stress Watch,Stable capital pattern,100
2026-09-21,20260921-005246-91e60804,2026-09-21 00:52:46,Institutional Capital Flow,Tishman Speyer,California,Apartment,2026-09-02,2026-09-21,12,1,0,100,0,0,Stable,No Clear Stress,Stable capital pattern,100
2026-09-21,20260921-005246-91e60804,2026-09-21 00:52:46,Institutional Capital Flow,Valley National Bank,Miami / Florida,Apartment,2026-07-13,2026-07-30,17,0,0,100,0,0,Fading,No Clear Stress,Capital flow fading,100
2026-09-21,20260921-005246-91e60804,2026-09-21 00:52:46,Market-Level Capital Concentration,Virginia,Virginia,Apartment,2026-06-07,2026-09-08,25,0,0,0,0,0,Fading,No Clear Stress,Capital flow fading,100
2026-09-21,20260921-005246-91e60804,2026-09-21 00:52:46,Institutional Capital Flow,WNC,California,Affordable Housing,2026-09-09,2026-09-21,13,1,0,100,0,0,Stable,No Clear Stress,Stable capital pattern,100
2026-09-21,20260921-005246-91e60804,2026-09-21 00:52:46,Market-Level Capital Concentration,Washington DC,Washington DC,Apartment,2026-06-01,2026-09-21,72,2,0,0,6,6,Increasing,Refinancing Stress Watch,Capital concentration increasing,100
2026-09-21,20260921-005246-91e60804,2026-09-21 00:52:46,Market-Level Capital Concentration,Washington DC,Washington DC,Multifamily,2026-07-10,2026-09-16,7,0,0,0,3,2,Fading,Refinancing Stress Watch,Capital flow fading,100
2026-09-21,20260921-005246-91e60804,2026-09-21 00:52:46,Institutional Capital Flow,Waterton,Miami / Florida,Apartment,2026-06-27,2026-07-15,20,0,0,100,0,0,Fading,No Clear Stress,Capital flow fading,100
2026-09-21,20260921-005246-91e60804,2026-09-21 00:52:46,Institutional Capital Flow,Wells Fargo Bank,Miami / Florida,Apartment,2026-06-26,2026-07-10,13,0,0,100,0,0,Fading,No Clear Stress,Capital flow fading,100
2026-09-21,20260921-005246-91e60804,2026-09-21 00:52:46,Market-Level Capital Concentration,West Palm Beach / Florida,West Palm Beach / Florida,Apartment,2026-07-23,2026-09-14,13,0,0,0,0,3,Fading,No Clear Stress,Capital flow fading,100
2026-09-21,20260921-005246-91e60804,2026-09-21 00:52:46,Institutional Capital Flow,Wood Partners,Phoenix / Arizona,Apartment,2026-06-13,2026-06-25,13,0,0,100,0,0,Fading,No Clear Stress,Capital flow fading,100
2026-09-21,20260921-005246-91e60804,2026-09-21 00:52:46,Institutional Capital Flow,Wood Partners,Atlanta / Georgia,Apartment,2026-06-01,2026-08-09,11,0,0,100,0,0,Fading,No Clear Stress,Capital flow fading,100
2026-09-21,20260921-005246-91e60804,2026-09-21 00:52:46,Institutional Capital Flow,Wood Partners,Sun Belt,Apartment,2026-05-19,2026-05-28,9,0,0,100,0,0,Fading,No Clear Stress,Capital flow fading,100
2026-09-21,20260921-005246-91e60804,2026-09-21 00:52:46,Recurring Capital Partner,ares,National,Student Housing,2026-05-20,2026-05-27,13,0,0,100,0,0,Fading,No Clear Stress,Capital flow fading,100
2026-09-21,20260921-005246-91e60804,2026-09-21 00:52:46,Recurring Capital Partner,ares,Other / Unknown,Student Housing,2026-05-26,2026-06-01,15,0,0,100,0,0,Fading,No Clear Stress,Capital flow fading,100
2026-09-21,20260921-005246-91e60804,2026-09-21 00:52:46,Recurring Capital Partner,avalonbay,Miami / Florida,Mixed-Use Residential,2026-07-09,2026-07-27,19,0,0,100,0,0,Fading,No Clear Stress,Capital flow fading,100
2026-09-21,20260921-005246-91e60804,2026-09-21 00:52:46,Recurring Capital Partner,camden,Phoenix / Arizona,Apartment,2026-07-14,2026-07-23,12,0,0,100,0,0,Fading,No Clear Stress,Capital flow fading,100
2026-09-21,20260921-005246-91e60804,2026-09-21 00:52:46,Recurring Lender,cushman,Phoenix / Arizona,General Residential,2026-08-14,2026-08-31,16,0,100,0,0,0,Fading,No Clear Stress,Capital flow fading,100
2026-09-21,20260921-005246-91e60804,2026-09-21 00:52:46,Recurring Lender,cushman,Miami / Florida,Mixed-Use Residential,2026-07-09,2026-07-27,19,0,100,0,0,0,Fading,No Clear Stress,Capital flow fading,100
2026-09-21,20260921-005246-91e60804,2026-09-21 00:52:46,Recurring Capital Partner,equity residential,National,Apartment,2026-05-21,2026-08-10,14,0,0,100,0,0,Fading,No Clear Stress,Capital flow fading,100
2026-09-21,20260921-005246-91e60804,2026-09-21 00:52:46,Recurring Capital Partner,essex,Other / Unknown,Apartment,2026-05-26,2026-09-15,9,0,0,100,0,0,Fading,No Clear Stress,Capital flow fading,100
2026-09-21,20260921-005246-91e60804,2026-09-21 00:52:46,Recurring Lender,keybank,National,Affordable Housing,2026-06-27,2026-06-29,5,0,100,0,0,5,Fading,No Clear Stress,Capital flow fading,100
2026-09-21,20260921-005246-91e60804,2026-09-21 00:52:46,Recurring Lender,northmarq,Phoenix / Arizona,Apartment,2026-06-19,2026-07-21,31,0,100,0,0,0,Fading,No Clear Stress,Capital flow fading,100
2026-09-21,20260921-005246-91e60804,2026-09-21 00:52:46,Recurring Lender,northmarq,Sun Belt,Apartment,2026-05-19,2026-06-01,25,0,100,0,2,0,Fading,Refinancing Stress Watch,Capital flow fading,100
2026-09-21,20260921-005246-91e60804,2026-09-21 00:52:46,Recurring Lender,northmarq,Houston / Texas,Multifamily,2026-08-14,2026-08-19,5,0,100,0,5,0,Fading,Refinancing Stress Watch,Capital flow fading,100
2026-09-21,20260921-005246-91e60804,2026-09-21 00:52:46,Recurring Lender,northmarq,California,Apartment,2026-05-22,2026-09-02,11,0,100,0,0,0,Fading,No Clear Stress,Capital flow fading,100
2026-09-21,20260921-005246-91e60804,2026-09-21 00:52:46,Recurring Lender,northmarq,Los Angeles / California,General Residential,2026-07-02,2026-09-18,8,0,100,0,1,0,Fading,Refinancing Stress Watch,Capital flow fading,100
2026-09-21,20260921-005246-91e60804,2026-09-21 00:52:46,Recurring Lender,northmarq,Other / Unknown,Apartment,2026-05-27,2026-09-18,13,0,100,0,0,0,Fading,No Clear Stress,Capital flow fading,100
2026-09-21,20260921-005246-91e60804,2026-09-21 00:52:46,Recurring Lender,northmarq,Atlanta / Georgia,Apartment,2026-06-01,2026-06-04,9,0,100,0,0,0,Fading,No Clear Stress,Capital flow fading,100
2026-09-21,20260921-005246-91e60804,2026-09-21 00:52:46,Recurring Lender,pgim,Riverside / California,Apartment,2026-07-01,2026-07-17,7,0,100,0,7,0,Fading,Refinancing Stress Watch,Capital flow fading,100
2026-09-21,20260921-005246-91e60804,2026-09-21 00:52:46,Recurring Lender,walker & dunlop,Florida,Apartment,2026-06-05,2026-06-08,6,0,100,0,6,0,Fading,Refinancing Stress Watch,Capital flow fading,100
2026-09-21,20260921-005246-91e60804,2026-09-21 00:52:46,Recurring Lender,walker & dunlop,Austin / Texas,Apartment,2026-07-17,2026-09-09,7,0,100,0,7,0,Fading,Refinancing Stress Watch,Capital flow fading,100
2026-09-21,20260921-005246-91e60804,2026-09-21 00:52:46,Recurring Lender,walker & dunlop,New York,Apartment,2026-06-04,2026-09-04,8,0,100,0,2,3,Fading,Refinancing Stress Watch,Capital flow fading,100
2026-09-21,20260921-005246-91e60804,2026-09-21 00:52:46,Recurring Lender,walker & dunlop,New York,Mixed-Use Residential,2026-06-07,2026-08-12,5,0,100,0,2,2,Fading,Refinancing Stress Watch,Capital flow fading,100
2026-09-21,20260921-005246-91e60804,2026-09-21 00:52:46,Recurring Lender,walker & dunlop,Other / Unknown,Mixed-Use Residential,2026-09-04,2026-09-08,5,0,100,0,0,5,Fading,No Clear Stress,Capital flow fading,100
2026-09-21,20260921-005246-91e60804,2026-09-21 00:52:46,Recurring Lender,walker & dunlop,California,Affordable Housing,2026-05-27,2026-06-10,5,0,100,0,4,1,Fading,Refinancing Stress Watch,Capital flow fading,100
2026-09-21,20260921-005246-91e60804,2026-09-21 00:52:46,Recurring Lender,wells fargo,Miami / Florida,Apartment,2026-06-26,2026-07-10,15,0,100,0,0,0,Fading,No Clear Stress,Capital flow fading,100
2026-09-21,20260921-005246-91e60804,2026-09-21 00:52:46,Institutional Capital Flow,Affinius Capital,California,Apartment,2026-06-10,2026-08-31,8,0,0,100,0,0,Fading,No Clear Stress,Capital flow fading,96
2026-09-21,20260921-005246-91e60804,2026-09-21 00:52:46,Institutional Capital Flow,Alliance Residential,California,Apartment,2026-05-29,2026-06-01,8,0,0,100,0,0,Fading,No Clear Stress,Capital flow fading,96
2026-09-21,20260921-005246-91e60804,2026-09-21 00:52:46,Institutional Capital Flow,Blackstone,New York; Sun Belt,General Residential,2026-05-20,2026-05-26,8,0,0,100,0,0,Fading,No Clear Stress,Capital flow fading,96
2026-09-21,20260921-005246-91e60804,2026-09-21 00:52:46,Institutional Capital Flow,CBRE,California; Phoenix / Arizona,Apartment,2026-06-13,2026-07-19,8,0,0,100,0,0,Fading,No Clear Stress,Capital flow fading,96
2026-09-21,20260921-005246-91e60804,2026-09-21 00:52:46,Institutional Capital Flow,CBRE,California; Los Angeles / California,Affordable Housing,2026-06-04,2026-06-08,8,0,0,100,0,0,Fading,No Clear Stress,Capital flow fading,96
2026-09-21,20260921-005246-91e60804,2026-09-21 00:52:46,Recurring Lender,CBRE,Los Angeles / California,Apartment,2026-07-31,2026-09-02,8,0,100,0,0,0,Fading,No Clear Stress,Capital flow fading,96
2026-09-21,20260921-005246-91e60804,2026-09-21 00:52:46,Institutional Capital Flow,CBRE,California,Apartment,2026-06-10,2026-06-27,8,0,0,100,0,0,Fading,No Clear Stress,Capital flow fading,96
2026-09-21,20260921-005246-91e60804,2026-09-21 00:52:46,Market-Level Capital Concentration,Colorado,Colorado,Multifamily,2026-07-09,2026-09-21,5,1,0,0,0,1,Stable,No Clear Stress,Stable capital pattern,96
2026-09-21,20260921-005246-91e60804,2026-09-21 00:52:46,Institutional Capital Flow,Crescent Communities,Florida,Multifamily,2026-05-29,2026-06-01,8,0,0,100,0,0,Fading,No Clear Stress,Capital flow fading,96
2026-09-21,20260921-005246-91e60804,2026-09-21 00:52:46,Institutional Capital Flow,Fairfield Residential,Miami / Florida,Apartment,2026-09-02,2026-09-09,8,0,0,100,0,0,Fading,No Clear Stress,Capital flow fading,96
2026-09-21,20260921-005246-91e60804,2026-09-21 00:52:46,Market-Level Capital Concentration,Florida,Florida,BTR / Single-Family Rental,2026-06-19,2026-09-16,8,0,0,0,0,0,Fading,No Clear Stress,Capital flow fading,96
2026-09-21,20260921-005246-91e60804,2026-09-21 00:52:46,Institutional Capital Flow,IPA,Phoenix / Arizona,Apartment,2026-06-13,2026-07-01,8,0,0,100,0,0,Fading,No Clear Stress,Capital flow fading,96
2026-09-21,20260921-005246-91e60804,2026-09-21 00:52:46,Institutional Capital Flow,RXR,New York,Office-to-Residential Conversion,2026-05-29,2026-06-01,8,0,0,100,0,0,Fading,No Clear Stress,Capital flow fading,96
2026-09-21,20260921-005246-91e60804,2026-09-21 00:52:46,Market-Level Capital Concentration,San Francisco / California,San Francisco / California,Mixed-Use Residential,2026-06-30,2026-08-27,8,0,0,0,0,0,Fading,No Clear Stress,Capital flow fading,96
2026-09-21,20260921-005246-91e60804,2026-09-21 00:52:46,Institutional Capital Flow,Slatt Capital,Los Angeles / California,Mixed-Use Residential,2026-06-05,2026-06-09,8,0,0,100,0,0,Fading,No Clear Stress,Capital flow fading,96
2026-09-21,20260921-005246-91e60804,2026-09-21 00:52:46,Institutional Capital Flow,Wood Partners,Arizona; Sun Belt,Apartment,2026-05-29,2026-06-01,8,0,0,100,0,0,Fading,No Clear Stress,Capital flow fading,96
2026-09-21,20260921-005246-91e60804,2026-09-21 00:52:46,Recurring Lender,cushman,New York,Mixed-Use Residential,2026-05-22,2026-08-13,8,0,100,0,0,0,Fading,No Clear Stress,Capital flow fading,96
2026-09-21,20260921-005246-91e60804,2026-09-21 00:52:46,Recurring Capital Partner,equity residential,California,Apartment,2026-05-21,2026-09-01,8,0,0,100,0,0,Fading,No Clear Stress,Capital flow fading,96
2026-09-21,20260921-005246-91e60804,2026-09-21 00:52:46,Recurring Capital Partner,essex,Other / Unknown,Multifamily,2026-06-01,2026-09-10,8,0,0,100,0,0,Fading,No Clear Stress,Capital flow fading,96
2026-09-21,20260921-005246-91e60804,2026-09-21 00:52:46,Recurring Capital Partner,ares,Phoenix / Arizona,Apartment,2026-06-23,2026-09-21,5,1,0,100,0,1,Stable,No Clear Stress,Stable capital pattern,95
2026-09-21,20260921-005246-91e60804,2026-09-21 00:52:46,Recurring Lender,JLL,Dallas / Texas,Mixed-Use Residential,2026-07-23,2026-09-15,7,0,100,0,1,0,Fading,Refinancing Stress Watch,Capital flow fading,94
2026-09-21,20260921-005246-91e60804,2026-09-21 00:52:46,Market-Level Capital Concentration,New York City / New York,New York City / New York,Student Housing,2026-06-17,2026-08-27,7,0,0,0,0,1,Fading,No Clear Stress,Capital flow fading,94
2026-09-21,20260921-005246-91e60804,2026-09-21 00:52:46,Recurring Lender,walker & dunlop,Sun Belt,Apartment,2026-05-20,2026-05-20,6,0,100,0,0,2,Fading,No Clear Stress,Capital flow fading,92
2026-09-21,20260921-005246-91e60804,2026-09-21 00:52:46,Recurring Lender,Berkadia,Florida,General Residential,2026-06-10,2026-06-29,5,0,100,0,3,0,Fading,Refinancing Stress Watch,Capital flow fading,90
2026-09-21,20260921-005246-91e60804,2026-09-21 00:52:46,Market-Level Capital Concentration,New York,New York,Workforce Housing,2026-06-12,2026-08-13,5,0,0,0,3,0,Fading,Refinancing Stress Watch,Capital flow fading,90
2026-09-21,20260921-005246-91e60804,2026-09-21 00:52:46,Recurring Lender,Berkadia,Dallas / Texas,Mixed-Use Residential,2026-06-23,2026-06-25,4,0,80,0,4,0,Fading,Refinancing Stress Watch,Capital flow fading,88
2026-09-21,20260921-005246-91e60804,2026-09-21 00:52:46,Recurring Lender,Berkadia,Los Angeles,Affordable Housing,2026-05-20,2026-05-20,4,0,80,0,0,4,Fading,No Clear Stress,Capital flow fading,88
2026-09-21,20260921-005246-91e60804,2026-09-21 00:52:46,Recurring Lender,Fannie Mae,New York,Affordable Housing,2026-07-25,2026-07-28,4,0,80,0,4,0,Fading,Refinancing Stress Watch,Capital flow fading,88
2026-09-21,20260921-005246-91e60804,2026-09-21 00:52:46,Market-Level Capital Concentration,Florida,Florida,Senior Housing,2026-05-20,2026-09-16,4,0,0,0,3,1,Fading,Refinancing Stress Watch,Capital flow fading,88
2026-09-21,20260921-005246-91e60804,2026-09-21 00:52:46,Recurring Lender,Freddie Mac,Riverside / California,Apartment,2026-08-01,2026-08-04,4,0,80,0,4,0,Fading,Refinancing Stress Watch,Capital flow fading,88
2026-09-21,20260921-005246-91e60804,2026-09-21 00:52:46,Market-Level Capital Concentration,Kentucky,Kentucky,Apartment,2026-08-20,2026-08-23,4,0,0,0,4,0,Fading,Refinancing Stress Watch,Capital flow fading,88
2026-09-21,20260921-005246-91e60804,2026-09-21 00:52:46,Recurring Capital Partner,Related Companies,Los Angeles / California,General Residential,2026-09-05,2026-09-08,4,0,0,80,4,0,Fading,Refinancing Stress Watch,Capital flow fading,88
2026-09-21,20260921-005246-91e60804,2026-09-21 00:52:46,Recurring Lender,cushman,Washington DC,Apartment,2026-07-17,2026-07-19,4,0,80,0,4,0,Fading,Refinancing Stress Watch,Capital flow fading,88
2026-09-21,20260921-005246-91e60804,2026-09-21 00:52:46,Recurring Lender,cushman,Other / Unknown,General Residential,2026-05-27,2026-06-29,4,0,80,0,4,0,Fading,Refinancing Stress Watch,Capital flow fading,88
2026-09-21,20260921-005246-91e60804,2026-09-21 00:52:46,Recurring Capital Partner,hines,New York,Apartment,2026-05-20,2026-05-20,4,0,0,80,4,0,Fading,Refinancing Stress Watch,Capital flow fading,88
2026-09-21,20260921-005246-91e60804,2026-09-21 00:52:46,Recurring Lender,northmarq,Houston / Texas,Apartment,2026-08-11,2026-08-13,4,0,80,0,4,0,Fading,Refinancing Stress Watch,Capital flow fading,88
2026-09-21,20260921-005246-91e60804,2026-09-21 00:52:46,Recurring Lender,northmarq,San Francisco / California,Apartment,2026-08-13,2026-08-31,4,0,80,0,4,0,Fading,Refinancing Stress Watch,Capital flow fading,88
2026-09-21,20260921-005246-91e60804,2026-09-21 00:52:46,Recurring Lender,pgim,Kentucky,Apartment,2026-08-20,2026-08-23,4,0,80,0,4,0,Fading,Refinancing Stress Watch,Capital flow fading,88
2026-09-21,20260921-005246-91e60804,2026-09-21 00:52:46,Recurring Lender,walker & dunlop,National,Apartment,2026-07-03,2026-07-06,4,0,80,0,0,4,Fading,No Clear Stress,Capital flow fading,88
2026-09-21,20260921-005246-91e60804,2026-09-21 00:52:46,Recurring Lender,walker & dunlop,Los Angeles / California,Affordable Housing,2026-07-23,2026-07-27,4,0,80,0,4,0,Fading,Refinancing Stress Watch,Capital flow fading,88
2026-09-21,20260921-005246-91e60804,2026-09-21 00:52:46,Recurring Lender,walker & dunlop,Denver / Colorado,Apartment,2026-07-03,2026-07-06,4,0,80,0,4,0,Fading,Refinancing Stress Watch,Capital flow fading,88
2026-09-21,20260921-005246-91e60804,2026-09-21 00:52:46,Institutional Capital Flow,Essex Realty Group,Other / Unknown,Mixed-Use Residential,2026-09-12,2026-09-21,5,1,0,100,0,0,Stable,No Clear Stress,Stable capital pattern,85
2026-09-21,20260921-005246-91e60804,2026-09-21 00:52:46,Institutional Capital Flow,Alliance Residential,Riverside / California,Apartment,2026-06-01,2026-06-02,7,0,0,100,0,0,Fading,No Clear Stress,Capital flow fading,84
2026-09-21,20260921-005246-91e60804,2026-09-21 00:52:46,Institutional Capital Flow,AvalonBay,National,Apartment,2026-05-24,2026-08-10,7,0,0,100,0,0,Fading,No Clear Stress,Capital flow fading,84
2026-09-21,20260921-005246-91e60804,2026-09-21 00:52:46,Recurring Lender,Berkadia,California,Apartment,2026-06-23,2026-07-27,7,0,100,0,0,0,Fading,No Clear Stress,Capital flow fading,84
2026-09-21,20260921-005246-91e60804,2026-09-21 00:52:46,Recurring Lender,CBRE,Los Angeles / California,Office-to-Residential Conversion,2026-06-01,2026-06-04,7,0,100,0,0,0,Fading,No Clear Stress,Capital flow fading,84
2026-09-21,20260921-005246-91e60804,2026-09-21 00:52:46,Recurring Lender,CBRE,National,General Residential,2026-05-20,2026-05-26,7,0,100,0,0,0,Fading,No Clear Stress,Capital flow fading,84
2026-09-21,20260921-005246-91e60804,2026-09-21 00:52:46,Institutional Capital Flow,CBRE,Other / Unknown,Apartment,2026-07-25,2026-09-15,7,0,0,100,0,0,Fading,No Clear Stress,Capital flow fading,84
2026-09-21,20260921-005246-91e60804,2026-09-21 00:52:46,Institutional Capital Flow,Camden Property Trust,Nashville / Tennessee,Multifamily,2026-08-19,2026-08-25,7,0,0,100,0,0,Fading,No Clear Stress,Capital flow fading,84
2026-09-21,20260921-005246-91e60804,2026-09-21 00:52:46,Market-Level Capital Concentration,Connecticut,Connecticut,Office-to-Residential Conversion,2026-06-07,2026-09-03,7,0,0,0,0,0,Fading,No Clear Stress,Capital flow fading,84
2026-09-21,20260921-005246-91e60804,2026-09-21 00:52:46,Market-Level Capital Concentration,Dallas / Texas,Dallas / Texas,Student Housing,2026-06-28,2026-09-10,7,0,0,0,0,0,Fading,No Clear Stress,Capital flow fading,84
2026-09-21,20260921-005246-91e60804,2026-09-21 00:52:46,Market-Level Capital Concentration,Dallas / Texas,Dallas / Texas,Senior Housing,2026-08-04,2026-09-21,5,1,0,0,0,0,Stable,No Clear Stress,Stable capital pattern,84
2026-09-21,20260921-005246-91e60804,2026-09-21 00:52:46,Institutional Capital Flow,Dwight Capital,National,Apartment,2026-06-13,2026-08-03,7,0,0,100,0,0,Fading,No Clear Stress,Capital flow fading,84
2026-09-21,20260921-005246-91e60804,2026-09-21 00:52:46,Institutional Capital Flow,Equity Residential,National,Apartment,2026-05-24,2026-08-10,7,0,0,100,0,0,Fading,No Clear Stress,Capital flow fading,84
2026-09-21,20260921-005246-91e60804,2026-09-21 00:52:46,Institutional Capital Flow,Freddie Mac,Other / Unknown,Apartment,2026-06-10,2026-08-11,7,0,0,100,0,0,Fading,No Clear Stress,Capital flow fading,84
2026-09-21,20260921-005246-91e60804,2026-09-21 00:52:46,Market-Level Capital Concentration,Georgia,Georgia,Student Housing,2026-07-01,2026-09-02,7,0,0,0,0,0,Fading,No Clear Stress,Capital flow fading,84
2026-09-21,20260921-005246-91e60804,2026-09-21 00:52:46,Institutional Capital Flow,Kennedy Wilson,Atlanta / Georgia,Apartment,2026-09-04,2026-09-10,7,0,0,100,0,0,Fading,No Clear Stress,Capital flow fading,84
2026-09-21,20260921-005246-91e60804,2026-09-21 00:52:46,Recurring Capital Partner,Kennedy Wilson,Atlanta / Georgia,Apartment,2026-09-04,2026-09-10,7,0,0,100,0,0,Fading,No Clear Stress,Capital flow fading,84
2026-09-21,20260921-005246-91e60804,2026-09-21 00:52:46,Institutional Capital Flow,Lincoln Property Company,Santa Monica / California,Apartment,2026-06-01,2026-06-02,7,0,0,100,0,0,Fading,No Clear Stress,Capital flow fading,84
2026-09-21,20260921-005246-91e60804,2026-09-21 00:52:46,Institutional Capital Flow,Marcus & Millichap,Los Angeles / California; Other / Unknown,Apartment,2026-06-02,2026-06-30,7,0,0,100,0,0,Fading,No Clear Stress,Capital flow fading,84
2026-09-21,20260921-005246-91e60804,2026-09-21 00:52:46,Institutional Capital Flow,PCCP,Riverside / California,Apartment,2026-06-02,2026-07-17,7,0,0,100,0,0,Fading,No Clear Stress,Capital flow fading,84
2026-09-21,20260921-005246-91e60804,2026-09-21 00:52:46,Institutional Capital Flow,Scion Group,Riverside / California,Apartment,2026-09-04,2026-09-10,7,0,0,100,0,0,Fading,No Clear Stress,Capital flow fading,84
2026-09-21,20260921-005246-91e60804,2026-09-21 00:52:46,Market-Level Capital Concentration,Tampa / Florida,Tampa / Florida,Senior Housing,2026-07-17,2026-07-30,7,0,0,0,0,0,Fading,No Clear Stress,Capital flow fading,84
2026-09-21,20260921-005246-91e60804,2026-09-21 00:52:46,Market-Level Capital Concentration,Texas,Texas,Affordable Housing,2026-08-05,2026-09-18,7,0,0,0,0,0,Fading,No Clear Stress,Capital flow fading,84
2026-09-21,20260921-005246-91e60804,2026-09-21 00:52:46,Institutional Capital Flow,Walker & Dunlop,New York,Apartment,2026-06-04,2026-08-20,7,0,0,100,0,0,Fading,No Clear Stress,Capital flow fading,84
2026-09-21,20260921-005246-91e60804,2026-09-21 00:52:46,Institutional Capital Flow,WealthManagement Real Estate,Miami / Florida,Multifamily,2026-07-28,2026-08-04,7,0,0,100,0,0,Fading,No Clear Stress,Capital flow fading,84
2026-09-21,20260921-005246-91e60804,2026-09-21 00:52:46,Recurring Capital Partner,camden,Riverside / California,Apartment,2026-09-04,2026-09-10,7,0,0,100,0,0,Fading,No Clear Stress,Capital flow fading,84
2026-09-21,20260921-005246-91e60804,2026-09-21 00:52:46,Recurring Lender,cushman,New York,Apartment,2026-05-26,2026-08-23,7,0,100,0,0,0,Fading,No Clear Stress,Capital flow fading,84
2026-09-21,20260921-005246-91e60804,2026-09-21 00:52:46,Recurring Lender,cushman,National,Apartment,2026-07-21,2026-09-08,7,0,100,0,0,0,Fading,No Clear Stress,Capital flow fading,84
2026-09-21,20260921-005246-91e60804,2026-09-21 00:52:46,Market-Level Capital Concentration,Austin / Texas,Austin / Texas,Multifamily,2026-06-04,2026-08-11,5,0,0,0,2,0,Fading,Refinancing Stress Watch,Capital flow fading,80
2026-09-21,20260921-005246-91e60804,2026-09-21 00:52:46,Market-Level Capital Concentration,Connecticut,Connecticut,Apartment,2026-06-04,2026-07-14,5,0,0,0,2,0,Fading,Refinancing Stress Watch,Capital flow fading,80
2026-09-21,20260921-005246-91e60804,2026-09-21 00:52:46,Recurring Lender,JLL,Atlanta / Georgia,Student Housing,2026-06-13,2026-08-07,4,0,80,0,3,0,Fading,Refinancing Stress Watch,Capital flow fading,78
2026-09-21,20260921-005246-91e60804,2026-09-21 00:52:46,Recurring Lender,JLL,California,Multifamily,2026-06-08,2026-08-13,4,0,80,0,2,1,Fading,Refinancing Stress Watch,Capital flow fading,78
2026-09-21,20260921-005246-91e60804,2026-09-21 00:52:46,Recurring Capital Partner,essex,Other / Unknown,Mixed-Use Residential,2026-09-12,2026-09-21,5,1,0,100,0,0,Stable,No Clear Stress,Stable capital pattern,78
2026-09-21,20260921-005246-91e60804,2026-09-21 00:52:46,Institutional Capital Flow,BridgeCity Capital,New York City / New York,Mixed-Use Residential,2026-09-18,2026-09-21,4,1,0,80,0,0,Stable,No Clear Stress,Stable capital pattern,76
2026-09-21,20260921-005246-91e60804,2026-09-21 00:52:46,Institutional Capital Flow,CBRE,California,General Residential,2026-07-24,2026-09-21,4,1,0,80,0,0,Stable,No Clear Stress,Stable capital pattern,76
2026-09-21,20260921-005246-91e60804,2026-09-21 00:52:46,Recurring Lender,northmarq,Dallas / Texas,Apartment,2026-07-17,2026-09-21,4,1,80,0,0,0,Stable,No Clear Stress,Stable capital pattern,74
2026-09-21,20260921-005246-91e60804,2026-09-21 00:52:46,Institutional Capital Flow,Arrow Real Estate Advisors,Other / Unknown; Washington DC,Apartment,2026-06-05,2026-06-08,6,0,0,100,0,0,Fading,No Clear Stress,Capital flow fading,72
2026-09-21,20260921-005246-91e60804,2026-09-21 00:52:46,Institutional Capital Flow,AvalonBay,Nashville / Tennessee,Multifamily,2026-08-20,2026-08-25,6,0,0,100,0,0,Fading,No Clear Stress,Capital flow fading,72
2026-09-21,20260921-005246-91e60804,2026-09-21 00:52:46,Institutional Capital Flow,Berkadia,Miami / Florida,General Residential,2026-06-26,2026-09-08,6,0,0,100,0,0,Fading,No Clear Stress,Capital flow fading,72
2026-09-21,20260921-005246-91e60804,2026-09-21 00:52:46,Institutional Capital Flow,Berkshire Hathaway,Phoenix / Arizona,BTR / Single-Family Rental,2026-06-02,2026-06-04,6,0,0,100,0,0,Fading,No Clear Stress,Capital flow fading,72
2026-09-21,20260921-005246-91e60804,2026-09-21 00:52:46,Market-Level Capital Concentration,Beverly Hills / California,Beverly Hills / California,Student Housing,2026-06-16,2026-06-22,6,0,0,0,0,0,Fading,No Clear Stress,Capital flow fading,72
2026-09-21,20260921-005246-91e60804,2026-09-21 00:52:46,Recurring Lender,CBRE,Riverside / California,Apartment,2026-08-21,2026-09-03,6,0,100,0,0,0,Fading,No Clear Stress,Capital flow fading,72
2026-09-21,20260921-005246-91e60804,2026-09-21 00:52:46,Market-Level Capital Concentration,Connecticut,Connecticut,Multifamily,2026-06-08,2026-07-21,6,0,0,0,0,0,Fading,No Clear Stress,Capital flow fading,72
2026-09-21,20260921-005246-91e60804,2026-09-21 00:52:46,Institutional Capital Flow,Cypress Equity Investments,Santa Monica / California,Affordable Housing,2026-07-01,2026-07-06,6,0,0,100,0,0,Fading,No Clear Stress,Capital flow fading,72
2026-09-21,20260921-005246-91e60804,2026-09-21 00:52:46,Institutional Capital Flow,Dwight Capital,Austin / Texas,Apartment,2026-06-05,2026-06-08,6,0,0,100,0,0,Fading,No Clear Stress,Capital flow fading,72
2026-09-21,20260921-005246-91e60804,2026-09-21 00:52:46,Institutional Capital Flow,Essex Realty Group,Other / Unknown,Apartment,2026-06-30,2026-09-15,6,0,0,100,0,0,Fading,No Clear Stress,Capital flow fading,72
2026-09-21,20260921-005246-91e60804,2026-09-21 00:52:46,Institutional Capital Flow,Fairfield Residential,Houston / Texas,Apartment,2026-07-02,2026-07-07,6,0,0,100,0,0,Fading,No Clear Stress,Capital flow fading,72
2026-09-21,20260921-005246-91e60804,2026-09-21 00:52:46,Institutional Capital Flow,Freddie Mac,New York City / New York,Affordable Housing,2026-06-05,2026-09-01,6,0,0,100,0,0,Fading,No Clear Stress,Capital flow fading,72
2026-09-21,20260921-005246-91e60804,2026-09-21 00:52:46,Institutional Capital Flow,Greenstone Partners,Other / Unknown,Apartment,2026-06-18,2026-09-10,6,0,0,100,0,0,Fading,No Clear Stress,Capital flow fading,72
2026-09-21,20260921-005246-91e60804,2026-09-21 00:52:46,Institutional Capital Flow,JLL,Atlanta / Georgia; California,Apartment,2026-06-02,2026-06-04,6,0,0,100,0,0,Fading,No Clear Stress,Capital flow fading,72
2026-09-21,20260921-005246-91e60804,2026-09-21 00:52:46,Institutional Capital Flow,Kennedy Wilson,Other / Unknown,Apartment,2026-06-12,2026-06-17,6,0,0,100,0,0,Fading,No Clear Stress,Capital flow fading,72
2026-09-21,20260921-005246-91e60804,2026-09-21 00:52:46,Institutional Capital Flow,Kiser Group,Other / Unknown,Apartment,2026-07-10,2026-07-30,6,0,0,100,0,0,Fading,No Clear Stress,Capital flow fading,72
2026-09-21,20260921-005246-91e60804,2026-09-21 00:52:46,Institutional Capital Flow,Korman Communities,Other / Unknown,Multifamily,2026-07-03,2026-07-07,6,0,0,100,0,0,Fading,No Clear Stress,Capital flow fading,72
2026-09-21,20260921-005246-91e60804,2026-09-21 00:52:46,Institutional Capital Flow,MAA,Sun Belt,General Residential,2026-08-05,2026-08-09,6,0,0,100,0,0,Fading,No Clear Stress,Capital flow fading,72
2026-09-21,20260921-005246-91e60804,2026-09-21 00:52:46,Institutional Capital Flow,Madison Capital Group,Florida,Apartment,2026-06-05,2026-06-08,6,0,0,100,0,0,Fading,No Clear Stress,Capital flow fading,72
2026-09-21,20260921-005246-91e60804,2026-09-21 00:52:46,Institutional Capital Flow,Marcus & Millichap,California; Los Angeles / California; Other / Unknown,Apartment,2026-07-25,2026-08-23,6,0,0,100,0,0,Fading,No Clear Stress,Capital flow fading,72
2026-09-21,20260921-005246-91e60804,2026-09-21 00:52:46,Market-Level Capital Concentration,Miami / Florida,Miami / Florida,Student Housing,2026-08-29,2026-09-14,6,0,0,0,0,0,Fading,No Clear Stress,Capital flow fading,72
2026-09-21,20260921-005246-91e60804,2026-09-21 00:52:46,Institutional Capital Flow,Newer Florida Independent Living Asset,Tampa / Florida,Senior Housing,2026-07-25,2026-07-30,6,0,0,100,0,0,Fading,No Clear Stress,Capital flow fading,72
2026-09-21,20260921-005246-91e60804,2026-09-21 00:52:46,Market-Level Capital Concentration,Santa Monica / California,Santa Monica / California,Multifamily,2026-07-26,2026-09-09,6,0,0,0,0,0,Fading,No Clear Stress,Capital flow fading,72
2026-09-21,20260921-005246-91e60804,2026-09-21 00:52:46,Institutional Capital Flow,Targo Capital,Houston / Texas,Apartment,2026-06-05,2026-06-08,6,0,0,100,0,0,Fading,No Clear Stress,Capital flow fading,72
2026-09-21,20260921-005246-91e60804,2026-09-21 00:52:46,Institutional Capital Flow,UDR,Colorado,Apartment,2026-07-30,2026-08-04,6,0,0,100,0,0,Fading,No Clear Stress,Capital flow fading,72
2026-09-21,20260921-005246-91e60804,2026-09-21 00:52:46,Institutional Capital Flow,Veris Residential,Other / Unknown,Apartment,2026-06-27,2026-07-02,6,0,0,100,0,0,Fading,No Clear Stress,Capital flow fading,72
2026-09-21,20260921-005246-91e60804,2026-09-21 00:52:46,Market-Level Capital Concentration,Virginia,Virginia,Multifamily,2026-07-10,2026-08-28,6,0,0,0,0,0,Fading,No Clear Stress,Capital flow fading,72
2026-09-21,20260921-005246-91e60804,2026-09-21 00:52:46,Market-Level Capital Concentration,Washington DC,Washington DC,Student Housing,2026-08-18,2026-09-08,6,0,0,0,0,0,Fading,No Clear Stress,Capital flow fading,72
2026-09-21,20260921-005246-91e60804,2026-09-21 00:52:46,Institutional Capital Flow,Wood Partners,Other / Unknown; Sun Belt,Apartment,2026-05-22,2026-05-26,6,0,0,100,0,0,Fading,No Clear Stress,Capital flow fading,72
2026-09-21,20260921-005246-91e60804,2026-09-21 00:52:46,Recurring Capital Partner,ares,Other / Unknown,Multifamily,2026-07-14,2026-07-19,6,0,0,100,0,0,Fading,No Clear Stress,Capital flow fading,72
2026-09-21,20260921-005246-91e60804,2026-09-21 00:52:46,Recurring Capital Partner,avalonbay,Miami / Florida,General Residential,2026-07-10,2026-07-14,6,0,0,100,0,0,Fading,No Clear Stress,Capital flow fading,72
2026-09-21,20260921-005246-91e60804,2026-09-21 00:52:46,Recurring Lender,cushman,Other / Unknown,Apartment,2026-08-19,2026-09-14,6,0,100,0,0,0,Fading,No Clear Stress,Capital flow fading,72
2026-09-21,20260921-005246-91e60804,2026-09-21 00:52:46,Recurring Lender,cushman,Miami / Florida,General Residential,2026-07-10,2026-07-14,6,0,100,0,0,0,Fading,No Clear Stress,Capital flow fading,72
2026-09-21,20260921-005246-91e60804,2026-09-21 00:52:46,Recurring Lender,northmarq,Los Angeles / California,Affordable Housing,2026-07-10,2026-07-17,6,0,100,0,0,0,Fading,No Clear Stress,Capital flow fading,72
2026-09-21,20260921-005246-91e60804,2026-09-21 00:52:46,Institutional Capital Flow,ECA,Los Angeles / California; Texas,Apartment,2026-09-19,2026-09-21,3,1,0,60,0,0,Stable,No Clear Stress,Stable capital pattern,71
2026-09-21,20260921-005246-91e60804,2026-09-21 00:52:46,Institutional Capital Flow,JLL,Georgia; New York City / New York,Mixed-Use Residential,2026-09-19,2026-09-21,3,1,0,60,0,0,Stable,No Clear Stress,Stable capital pattern,71
2026-09-21,20260921-005246-91e60804,2026-09-21 00:52:46,Institutional Capital Flow,Competitive Modesto Submarket The Mogharebi Group,California,Apartment,2026-09-19,2026-09-21,3,1,0,60,0,0,Stable,No Clear Stress,Stable capital pattern,70
2026-09-21,20260921-005246-91e60804,2026-09-21 00:52:46,Recurring Lender,Freddie Mac,Other / Unknown,Affordable Housing,2026-05-20,2026-07-13,5,0,100,0,1,0,Fading,Refinancing Stress Watch,Capital flow fading,70
2026-09-21,20260921-005246-91e60804,2026-09-21 00:52:46,Market-Level Capital Concentration,Phoenix / Arizona,Phoenix / Arizona,Multifamily,2026-06-14,2026-08-11,5,0,0,0,0,1,Fading,No Clear Stress,Capital flow fading,70
2026-09-21,20260921-005246-91e60804,2026-09-21 00:52:46,Market-Level Capital Concentration,Texas,Texas,Mixed-Use Residential,2026-06-23,2026-08-24,5,0,0,0,1,0,Fading,Monitor Debt Conditions,Capital flow fading,70
2026-09-21,20260921-005246-91e60804,2026-09-21 00:52:46,Market-Level Capital Concentration,West Palm Beach / Florida,West Palm Beach / Florida,Multifamily,2026-07-25,2026-09-17,5,0,0,0,0,1,Fading,No Clear Stress,Capital flow fading,70
2026-09-21,20260921-005246-91e60804,2026-09-21 00:52:46,Institutional Capital Flow,Bascom Group,Dallas / Texas,Apartment,2026-09-19,2026-09-21,3,1,0,60,0,0,Stable,No Clear Stress,Stable capital pattern,68
2026-09-21,20260921-005246-91e60804,2026-09-21 00:52:46,Recurring Lender,Fannie Mae,Other / Unknown,Multifamily,2026-06-14,2026-08-13,4,0,80,0,2,0,Fading,Refinancing Stress Watch,Capital flow fading,68
2026-09-21,20260921-005246-91e60804,2026-09-21 00:52:46,Recurring Lender,JLL,New York City / New York,General Residential,2026-06-26,2026-07-13,4,0,80,0,2,0,Fading,Refinancing Stress Watch,Capital flow fading,68
2026-09-21,20260921-005246-91e60804,2026-09-21 00:52:46,Recurring Lender,JLL,Other / Unknown,General Residential,2026-05-20,2026-07-14,4,0,80,0,1,1,Fading,Monitor Debt Conditions,Capital flow fading,68
2026-09-21,20260921-005246-91e60804,2026-09-21 00:52:46,Market-Level Capital Concentration,Tampa / Florida,Tampa / Florida,Mixed-Use Residential,2026-06-29,2026-07-31,4,0,0,0,1,1,Fading,Monitor Debt Conditions,Capital flow fading,68
2026-09-21,20260921-005246-91e60804,2026-09-21 00:52:46,Recurring Lender,northmarq,Texas,Apartment,2026-05-27,2026-07-30,4,0,80,0,2,0,Fading,Refinancing Stress Watch,Capital flow fading,68
2026-09-21,20260921-005246-91e60804,2026-09-21 00:52:46,Recurring Lender,CBRE,New York City / New York,Affordable Housing,2026-08-01,2026-08-03,3,0,60,0,3,0,Fading,Refinancing Stress Watch,Capital flow fading,66
2026-09-21,20260921-005246-91e60804,2026-09-21 00:52:46,Recurring Lender,CBRE,San Francisco / California,Apartment,2026-06-26,2026-06-29,3,0,60,0,3,0,Fading,Refinancing Stress Watch,Capital flow fading,66
2026-09-21,20260921-005246-91e60804,2026-09-21 00:52:46,Recurring Lender,CBRE,Texas,Apartment,2026-08-21,2026-08-23,3,0,60,0,3,0,Fading,Refinancing Stress Watch,Capital flow fading,66
2026-09-21,20260921-005246-91e60804,2026-09-21 00:52:46,Recurring Lender,Fannie Mae,New York City / New York,Affordable Housing,2026-09-19,2026-09-21,3,1,60,0,0,0,Stable,No Clear Stress,Stable capital pattern,66
2026-09-21,20260921-005246-91e60804,2026-09-21 00:52:46,Recurring Lender,JLL,New York,Multifamily,2026-05-19,2026-07-14,3,0,60,0,3,0,Fading,Refinancing Stress Watch,Capital flow fading,66
2026-09-21,20260921-005246-91e60804,2026-09-21 00:52:46,Recurring Lender,JLL,Southeast,Student Housing,2026-06-13,2026-06-15,3,0,60,0,3,0,Fading,Refinancing Stress Watch,Capital flow fading,66
2026-09-21,20260921-005246-91e60804,2026-09-21 00:52:46,Recurring Lender,JLL,Miami / Florida,Apartment,2026-07-10,2026-07-12,3,0,60,0,0,3,Fading,No Clear Stress,Capital flow fading,66
2026-09-21,20260921-005246-91e60804,2026-09-21 00:52:46,Recurring Lender,cushman,Other / Unknown,Affordable Housing,2026-05-20,2026-07-10,3,0,60,0,1,2,Fading,Monitor Debt Conditions,Capital flow fading,66
2026-09-21,20260921-005246-91e60804,2026-09-21 00:52:46,Recurring Lender,cushman,Seattle,Affordable Housing,2026-08-21,2026-08-23,3,0,60,0,3,0,Fading,Refinancing Stress Watch,Capital flow fading,66
2026-09-21,20260921-005246-91e60804,2026-09-21 00:52:46,Recurring Capital Partner,maa,National,Apartment,2026-08-01,2026-08-03,3,0,0,60,3,0,Fading,Refinancing Stress Watch,Capital flow fading,66
2026-09-21,20260921-005246-91e60804,2026-09-21 00:52:46,Recurring Lender,northmarq,West Palm Beach / Florida,Apartment,2026-09-12,2026-09-14,3,0,60,0,0,3,Fading,No Clear Stress,Capital flow fading,66
2026-09-21,20260921-005246-91e60804,2026-09-21 00:52:46,Recurring Lender,walker & dunlop,Other / Unknown,Apartment,2026-05-20,2026-07-07,3,0,60,0,3,0,Fading,Refinancing Stress Watch,Capital flow fading,66
2026-09-21,20260921-005246-91e60804,2026-09-21 00:52:46,Recurring Lender,walker & dunlop,New York City / New York,Affordable Housing,2026-06-12,2026-08-05,3,0,60,0,2,1,Fading,Refinancing Stress Watch,Capital flow fading,66
2026-09-21,20260921-005246-91e60804,2026-09-21 00:52:46,Institutional Capital Flow,Benmark Capital,Miami / Florida,Affordable Housing,2026-09-19,2026-09-21,3,1,0,60,0,0,Stable,No Clear Stress,Stable capital pattern,65
2026-09-21,20260921-005246-91e60804,2026-09-21 00:52:46,Institutional Capital Flow,RXR,Other / Unknown,Office-to-Residential Conversion,2026-09-19,2026-09-21,3,1,0,60,0,0,Stable,No Clear Stress,Stable capital pattern,65
2026-09-21,20260921-005246-91e60804,2026-09-21 00:52:46,Institutional Capital Flow,Alliance Residential,California; Houston / Texas,Senior Housing,2026-08-28,2026-09-01,5,0,0,100,0,0,Fading,No Clear Stress,Capital flow fading,60
2026-09-21,20260921-005246-91e60804,2026-09-21 00:52:46,Institutional Capital Flow,Alliance Residential,Other / Unknown,Apartment,2026-07-31,2026-08-04,5,0,0,100,0,0,Fading,No Clear Stress,Capital flow fading,60
2026-09-21,20260921-005246-91e60804,2026-09-21 00:52:46,Institutional Capital Flow,Associated Bank,Dallas / Texas,BTR / Single-Family Rental,2026-09-10,2026-09-14,5,0,0,100,0,0,Fading,No Clear Stress,Capital flow fading,60
2026-09-21,20260921-005246-91e60804,2026-09-21 00:52:46,Market-Level Capital Concentration,Austin / Texas,Austin / Texas,General Residential,2026-08-06,2026-08-09,5,0,0,0,0,0,Fading,No Clear Stress,Capital flow fading,60
2026-09-21,20260921-005246-91e60804,2026-09-21 00:52:46,Institutional Capital Flow,AvalonBay,Other / Unknown,Multifamily,2026-06-08,2026-08-16,5,0,0,100,0,0,Fading,No Clear Stress,Capital flow fading,60
2026-09-21,20260921-005246-91e60804,2026-09-21 00:52:46,Institutional Capital Flow,AvalonBay,California,Apartment,2026-08-28,2026-09-01,5,0,0,100,0,0,Fading,No Clear Stress,Capital flow fading,60
2026-09-21,20260921-005246-91e60804,2026-09-21 00:52:46,Institutional Capital Flow,Bascom Group,Los Angeles / California,Apartment,2026-08-27,2026-08-31,5,0,0,100,0,0,Fading,No Clear Stress,Capital flow fading,60
2026-09-21,20260921-005246-91e60804,2026-09-21 00:52:46,Recurring Lender,Berkadia,National,Multifamily,2026-07-07,2026-08-17,5,0,100,0,0,0,Fading,No Clear Stress,Capital flow fading,60
2026-09-21,20260921-005246-91e60804,2026-09-21 00:52:46,Recurring Lender,Berkadia,Houston / Texas,Apartment,2026-06-12,2026-07-28,5,0,100,0,0,0,Fading,No Clear Stress,Capital flow fading,60
2026-09-21,20260921-005246-91e60804,2026-09-21 00:52:46,Market-Level Capital Concentration,Beverly Hills / California,Beverly Hills / California,Apartment,2026-07-24,2026-07-28,5,0,0,0,0,0,Fading,No Clear Stress,Capital flow fading,60
2026-09-21,20260921-005246-91e60804,2026-09-21 00:52:46,Recurring Lender,CBRE,California,Multifamily,2026-05-25,2026-06-09,5,0,100,0,0,0,Fading,No Clear Stress,Capital flow fading,60
2026-09-21,20260921-005246-91e60804,2026-09-21 00:52:46,Institutional Capital Flow,CBRE,New York,Apartment,2026-08-20,2026-09-08,5,0,0,100,0,0,Fading,No Clear Stress,Capital flow fading,60
2026-09-21,20260921-005246-91e60804,2026-09-21 00:52:46,Market-Level Capital Concentration,Colorado,Colorado,Mixed-Use Residential,2026-07-24,2026-07-28,5,0,0,0,0,0,Fading,No Clear Stress,Capital flow fading,60
2026-09-21,20260921-005246-91e60804,2026-09-21 00:52:46,Market-Level Capital Concentration,Connecticut,Connecticut,Affordable Housing,2026-06-13,2026-09-19,5,0,0,0,0,0,Fading,No Clear Stress,Capital flow fading,60
2026-09-21,20260921-005246-91e60804,2026-09-21 00:52:46,Institutional Capital Flow,Courtesy Hawkins Way Capital,Beverly Hills / California,Student Housing,2026-06-18,2026-06-22,5,0,0,100,0,0,Fading,No Clear Stress,Capital flow fading,60
2026-09-21,20260921-005246-91e60804,2026-09-21 00:52:46,Institutional Capital Flow,Crescent Communities,Atlanta / Georgia,BTR / Single-Family Rental,2026-06-01,2026-06-02,5,0,0,100,0,0,Fading,No Clear Stress,Capital flow fading,60
2026-09-21,20260921-005246-91e60804,2026-09-21 00:52:46,Institutional Capital Flow,Downtown Lafayette JLL Capital,California,Apartment,2026-06-19,2026-06-23,5,0,0,100,0,0,Fading,No Clear Stress,Capital flow fading,60
2026-09-21,20260921-005246-91e60804,2026-09-21 00:52:46,Institutional Capital Flow,Dwight Mortgage Trust,California,Apartment,2026-07-10,2026-07-14,5,0,0,100,0,0,Fading,No Clear Stress,Capital flow fading,60
2026-09-21,20260921-005246-91e60804,2026-09-21 00:52:46,Institutional Capital Flow,East Coast Editor Elme Communities,Riverside / California,Apartment,2026-06-26,2026-06-30,5,0,0,100,0,0,Fading,No Clear Stress,Capital flow fading,60
2026-09-21,20260921-005246-91e60804,2026-09-21 00:52:46,Institutional Capital Flow,Eastham Capital,Other / Unknown,Apartment,2026-09-12,2026-09-16,5,0,0,100,0,0,Fading,No Clear Stress,Capital flow fading,60
2026-09-21,20260921-005246-91e60804,2026-09-21 00:52:46,Institutional Capital Flow,Equity Residential,Other / Unknown,Multifamily,2026-06-08,2026-08-16,5,0,0,100,0,0,Fading,No Clear Stress,Capital flow fading,60
2026-09-21,20260921-005246-91e60804,2026-09-21 00:52:46,Institutional Capital Flow,Equity Residential,California,Apartment,2026-08-28,2026-09-01,5,0,0,100,0,0,Fading,No Clear Stress,Capital flow fading,60
2026-09-21,20260921-005246-91e60804,2026-09-21 00:52:46,Institutional Capital Flow,Family Trust,California,General Residential,2026-08-01,2026-08-05,5,0,0,100,0,0,Fading,No Clear Stress,Capital flow fading,60
2026-09-21,20260921-005246-91e60804,2026-09-21 00:52:46,Recurring Lender,Fannie Mae,National,Multifamily,2026-06-01,2026-06-02,5,0,100,0,0,0,Fading,No Clear Stress,Capital flow fading,60
2026-09-21,20260921-005246-91e60804,2026-09-21 00:52:46,Institutional Capital Flow,Fannie Mae,California,Affordable Housing,2026-08-29,2026-09-02,5,0,0,100,0,0,Fading,No Clear Stress,Capital flow fading,60
2026-09-21,20260921-005246-91e60804,2026-09-21 00:52:46,Institutional Capital Flow,Fannie Mae,Other / Unknown,Apartment,2026-06-26,2026-07-12,5,0,0,100,0,0,Fading,No Clear Stress,Capital flow fading,60
2026-09-21,20260921-005246-91e60804,2026-09-21 00:52:46,Recurring Lender,Freddie Mac,Los Angeles / California,Apartment,2026-08-14,2026-08-16,5,0,100,0,0,0,Fading,No Clear Stress,Capital flow fading,60
2026-09-21,20260921-005246-91e60804,2026-09-21 00:52:46,Institutional Capital Flow,Freestone Capital,Seattle,Apartment,2026-09-02,2026-09-08,5,0,0,100,0,0,Fading,No Clear Stress,Capital flow fading,60
2026-09-21,20260921-005246-91e60804,2026-09-21 00:52:46,Institutional Capital Flow,Genton Property Group,Los Angeles / California,Affordable Housing,2026-06-13,2026-06-17,5,0,0,100,0,0,Fading,No Clear Stress,Capital flow fading,60
2026-09-21,20260921-005246-91e60804,2026-09-21 00:52:46,Market-Level Capital Concentration,Georgia,Georgia,Mixed-Use Residential,2026-07-10,2026-08-27,5,0,0,0,0,0,Fading,No Clear Stress,Capital flow fading,60
2026-09-21,20260921-005246-91e60804,2026-09-21 00:52:46,Market-Level Capital Concentration,Georgia,Georgia,General Residential,2026-09-19,2026-09-21,3,1,0,0,0,0,Stable,No Clear Stress,Stable capital pattern,60
2026-09-21,20260921-005246-91e60804,2026-09-21 00:52:46,Institutional Capital Flow,Greystone,California,Affordable Housing,2026-08-29,2026-09-02,5,0,0,100,0,0,Fading,No Clear Stress,Capital flow fading,60
2026-09-21,20260921-005246-91e60804,2026-09-21 00:52:46,Institutional Capital Flow,Hanover Company,Other / Unknown,Apartment,2026-05-23,2026-05-26,5,0,0,100,0,0,Fading,No Clear Stress,Capital flow fading,60
2026-09-21,20260921-005246-91e60804,2026-09-21 00:52:46,Institutional Capital Flow,Harbor Group International,Atlanta / Georgia,Student Housing,2026-06-01,2026-06-02,5,0,0,100,0,0,Fading,No Clear Stress,Capital flow fading,60
2026-09-21,20260921-005246-91e60804,2026-09-21 00:52:46,Institutional Capital Flow,Harrison Street Asset Management,Phoenix / Arizona,Student Housing,2026-07-24,2026-07-28,5,0,0,100,0,0,Fading,No Clear Stress,Capital flow fading,60
2026-09-21,20260921-005246-91e60804,2026-09-21 00:52:46,Institutional Capital Flow,Hines,Dallas / Texas,Mixed-Use Residential,2026-07-24,2026-07-28,5,0,0,100,0,0,Fading,No Clear Stress,Capital flow fading,60
2026-09-21,20260921-005246-91e60804,2026-09-21 00:52:46,Institutional Capital Flow,Holland Partner Group,California,Apartment,2026-07-13,2026-08-31,5,0,0,100,0,0,Fading,No Clear Stress,Capital flow fading,60
2026-09-21,20260921-005246-91e60804,2026-09-21 00:52:46,Institutional Capital Flow,Holland Partner Group,Southeast,Mixed-Use Residential,2026-08-07,2026-08-10,5,0,0,100,0,0,Fading,No Clear Stress,Capital flow fading,60
2026-09-21,20260921-005246-91e60804,2026-09-21 00:52:46,Market-Level Capital Concentration,Houston / Texas,Houston / Texas,Affordable Housing,2026-07-24,2026-08-25,5,0,0,0,0,0,Fading,No Clear Stress,Capital flow fading,60
2026-09-21,20260921-005246-91e60804,2026-09-21 00:52:46,Institutional Capital Flow,IPA,Dallas / Texas,Apartment,2026-09-04,2026-09-08,5,0,0,100,0,0,Fading,No Clear Stress,Capital flow fading,60
2026-09-21,20260921-005246-91e60804,2026-09-21 00:52:46,Institutional Capital Flow,JLL,Atlanta / Georgia; Dallas / Texas; Miami / Florida; Other / Unknown,Mixed-Use Residential,2026-07-24,2026-07-28,5,0,0,100,0,0,Fading,No Clear Stress,Capital flow fading,60
2026-09-21,20260921-005246-91e60804,2026-09-21 00:52:46,Recurring Lender,JLL,Austin / Texas,General Residential,2026-08-06,2026-08-09,5,0,100,0,0,0,Fading,No Clear Stress,Capital flow fading,60
2026-09-21,20260921-005246-91e60804,2026-09-21 00:52:46,Recurring Lender,JLL,Georgia,General Residential,2026-09-19,2026-09-21,3,1,60,0,0,0,Stable,No Clear Stress,Stable capital pattern,60
2026-09-21,20260921-005246-91e60804,2026-09-21 00:52:46,Institutional Capital Flow,JPI,Los Angeles / California,Apartment,2026-08-21,2026-08-25,5,0,0,100,0,0,Fading,No Clear Stress,Capital flow fading,60
2026-09-21,20260921-005246-91e60804,2026-09-21 00:52:46,Institutional Capital Flow,JPI,Texas,Affordable Housing,2026-08-07,2026-08-11,5,0,0,100,0,0,Fading,No Clear Stress,Capital flow fading,60
2026-09-21,20260921-005246-91e60804,2026-09-21 00:52:46,Institutional Capital Flow,JPI,Dallas / Texas,Mixed-Use Residential,2026-07-03,2026-07-07,5,0,0,100,0,0,Fading,No Clear Stress,Capital flow fading,60
2026-09-21,20260921-005246-91e60804,2026-09-21 00:52:46,Institutional Capital Flow,JPI,Sun Belt,Multifamily,2026-05-20,2026-05-25,5,0,0,100,0,0,Fading,No Clear Stress,Capital flow fading,60
2026-09-21,20260921-005246-91e60804,2026-09-21 00:52:46,Recurring Capital Partner,Kennedy Wilson,Los Angeles / California,Apartment,2026-07-09,2026-07-12,5,0,0,100,0,0,Fading,No Clear Stress,Capital flow fading,60
2026-09-21,20260921-005246-91e60804,2026-09-21 00:52:46,Institutional Capital Flow,Kennedy Wilson,Los Angeles / California,Apartment,2026-07-09,2026-07-12,5,0,0,100,0,0,Fading,No Clear Stress,Capital flow fading,60
2026-09-21,20260921-005246-91e60804,2026-09-21 00:52:46,Recurring Capital Partner,Kennedy Wilson,Santa Monica / California,Office-to-Residential Conversion,2026-07-23,2026-07-27,5,0,0,100,0,0,Fading,No Clear Stress,Capital flow fading,60
2026-09-21,20260921-005246-91e60804,2026-09-21 00:52:46,Institutional Capital Flow,Kennedy Wilson,Santa Monica / California,Office-to-Residential Conversion,2026-07-23,2026-07-27,5,0,0,100,0,0,Fading,No Clear Stress,Capital flow fading,60
2026-09-21,20260921-005246-91e60804,2026-09-21 00:52:46,Institutional Capital Flow,Kickstart Marble Falls Mixed-Use Project Forman Capital,Austin / Texas,Mixed-Use Residential,2026-06-26,2026-06-30,5,0,0,100,0,0,Fading,No Clear Stress,Capital flow fading,60
2026-09-21,20260921-005246-91e60804,2026-09-21 00:52:46,Market-Level Capital Concentration,Las Vegas / Nevada,Las Vegas / Nevada,Apartment,2026-08-04,2026-08-14,5,0,0,0,0,0,Fading,No Clear Stress,Capital flow fading,60
2026-09-21,20260921-005246-91e60804,2026-09-21 00:52:46,Institutional Capital Flow,Legacy Partners,California,Senior Housing,2026-09-04,2026-09-08,5,0,0,100,0,0,Fading,No Clear Stress,Capital flow fading,60
2026-09-21,20260921-005246-91e60804,2026-09-21 00:52:46,Institutional Capital Flow,Lightstone Capital,California,Apartment,2026-07-25,2026-08-07,5,0,0,100,0,0,Fading,No Clear Stress,Capital flow fading,60
2026-09-21,20260921-005246-91e60804,2026-09-21 00:52:46,Market-Level Capital Concentration,Louisville / Kentucky,Louisville / Kentucky,Multifamily,2026-06-29,2026-08-12,5,0,0,0,0,0,Fading,No Clear Stress,Capital flow fading,60
2026-09-21,20260921-005246-91e60804,2026-09-21 00:52:46,Institutional Capital Flow,MBK Rental Living,California,Apartment,2026-09-04,2026-09-08,5,0,0,100,0,0,Fading,No Clear Stress,Capital flow fading,60
2026-09-21,20260921-005246-91e60804,2026-09-21 00:52:46,Institutional Capital Flow,Mack Real Estate Group,Seattle,Apartment,2026-09-11,2026-09-16,5,0,0,100,0,0,Fading,No Clear Stress,Capital flow fading,60
2026-09-21,20260921-005246-91e60804,2026-09-21 00:52:46,Institutional Capital Flow,Mike Boyd S2 Capital,Dallas / Texas,Apartment,2026-07-17,2026-07-21,5,0,0,100,0,0,Fading,No Clear Stress,Capital flow fading,60
2026-09-21,20260921-005246-91e60804,2026-09-21 00:52:46,Institutional Capital Flow,New Majority Partner Residential,Washington DC,Student Housing,2026-09-04,2026-09-08,5,0,0,100,0,0,Fading,No Clear Stress,Capital flow fading,60
2026-09-21,20260921-005246-91e60804,2026-09-21 00:52:46,Institutional Capital Flow,PCCP,Texas,Student Housing,2026-06-05,2026-06-09,5,0,0,100,0,0,Fading,No Clear Stress,Capital flow fading,60
2026-09-21,20260921-005246-91e60804,2026-09-21 00:52:46,Institutional Capital Flow,Paul Bubny Brixton Capital Launches Multifamily Investment,California,Apartment,2026-08-21,2026-08-25,5,0,0,100,0,0,Fading,No Clear Stress,Capital flow fading,60
2026-09-21,20260921-005246-91e60804,2026-09-21 00:52:46,Institutional Capital Flow,RLAM,Other / Unknown,BTR / Single-Family Rental,2026-06-11,2026-06-15,5,0,0,100,0,0,Fading,No Clear Stress,Capital flow fading,60
2026-09-21,20260921-005246-91e60804,2026-09-21 00:52:46,Institutional Capital Flow,Refinance JLL Real Estate Capital,New York City / New York,Affordable Housing,2026-06-05,2026-06-07,5,0,0,100,0,0,Fading,No Clear Stress,Capital flow fading,60
2026-09-21,20260921-005246-91e60804,2026-09-21 00:52:46,Institutional Capital Flow,Related California,Los Angeles / California,Affordable Housing,2026-06-27,2026-07-01,5,0,0,100,0,0,Fading,No Clear Stress,Capital flow fading,60
2026-09-21,20260921-005246-91e60804,2026-09-21 00:52:46,Recurring Capital Partner,Related Companies,Los Angeles / California,Affordable Housing,2026-06-27,2026-07-01,5,0,0,100,0,0,Fading,No Clear Stress,Capital flow fading,60
2026-09-21,20260921-005246-91e60804,2026-09-21 00:52:46,Institutional Capital Flow,SAGE,Other / Unknown,Apartment,2026-06-02,2026-09-03,5,0,0,100,0,0,Fading,No Clear Stress,Capital flow fading,60
2026-09-21,20260921-005246-91e60804,2026-09-21 00:52:46,Market-Level Capital Concentration,San Francisco / California,San Francisco / California,Senior Housing,2026-06-01,2026-06-02,5,0,0,0,0,0,Fading,No Clear Stress,Capital flow fading,60
2026-09-21,20260921-005246-91e60804,2026-09-21 00:52:46,Market-Level Capital Concentration,Santa Monica / California,Santa Monica / California,Office-to-Residential Conversion,2026-07-23,2026-07-27,5,0,0,0,0,0,Fading,No Clear Stress,Capital flow fading,60
2026-09-21,20260921-005246-91e60804,2026-09-21 00:52:46,Market-Level Capital Concentration,Santa Monica / California,Santa Monica / California,BTR / Single-Family Rental,2026-06-25,2026-06-29,5,0,0,0,0,0,Fading,No Clear Stress,Capital flow fading,60
2026-09-21,20260921-005246-91e60804,2026-09-21 00:52:46,Market-Level Capital Concentration,Southeast,Southeast,Affordable Housing,2026-07-17,2026-07-21,5,0,0,0,0,0,Fading,No Clear Stress,Capital flow fading,60
2026-09-21,20260921-005246-91e60804,2026-09-21 00:52:46,Institutional Capital Flow,Walton Street Capital,Dallas / Texas,Apartment,2026-09-10,2026-09-14,5,0,0,100,0,0,Fading,No Clear Stress,Capital flow fading,60
2026-09-21,20260921-005246-91e60804,2026-09-21 00:52:46,Market-Level Capital Concentration,Washington DC,Washington DC,Senior Housing,2026-07-17,2026-08-05,5,0,0,0,0,0,Fading,No Clear Stress,Capital flow fading,60
2026-09-21,20260921-005246-91e60804,2026-09-21 00:52:46,Market-Level Capital Concentration,Washington DC,Washington DC,Mixed-Use Residential,2026-06-01,2026-06-02,5,0,0,0,0,0,Fading,No Clear Stress,Capital flow fading,60
2026-09-21,20260921-005246-91e60804,2026-09-21 00:52:46,Recurring Capital Partner,camden,California,Apartment,2026-09-04,2026-09-08,5,0,0,100,0,0,Fading,No Clear Stress,Capital flow fading,60
2026-09-21,20260921-005246-91e60804,2026-09-21 00:52:46,Recurring Capital Partner,camden,Atlanta / Georgia,Apartment,2026-06-26,2026-09-08,5,0,0,100,0,0,Fading,No Clear Stress,Capital flow fading,60
2026-09-21,20260921-005246-91e60804,2026-09-21 00:52:46,Recurring Lender,cushman,California,General Residential,2026-08-01,2026-08-05,5,0,100,0,0,0,Fading,No Clear Stress,Capital flow fading,60
2026-09-21,20260921-005246-91e60804,2026-09-21 00:52:46,Recurring Capital Partner,hines,Dallas / Texas,Mixed-Use Residential,2026-07-24,2026-07-28,5,0,0,100,0,0,Fading,No Clear Stress,Capital flow fading,60
2026-09-21,20260921-005246-91e60804,2026-09-21 00:52:46,Recurring Lender,walker & dunlop,Dallas / Texas,Senior Housing,2026-09-19,2026-09-21,3,1,60,0,0,0,Stable,No Clear Stress,Stable capital pattern,60
2026-09-21,20260921-005246-91e60804,2026-09-21 00:52:46,Recurring Lender,walker & dunlop,Virginia,Apartment,2026-09-04,2026-09-08,5,0,100,0,0,0,Fading,No Clear Stress,Capital flow fading,60
2026-09-21,20260921-005246-91e60804,2026-09-21 00:52:46,Institutional Capital Flow,Fannie Mae,Colorado; New York City / New York,Apartment,2026-09-20,2026-09-21,2,1,0,40,0,0,Stable,No Clear Stress,Stable capital pattern,59
2026-09-21,20260921-005246-91e60804,2026-09-21 00:52:46,Institutional Capital Flow,Bell Partners,Washington DC,Apartment,2026-09-20,2026-09-21,2,1,0,40,0,0,Stable,No Clear Stress,Stable capital pattern,58
2026-09-21,20260921-005246-91e60804,2026-09-21 00:52:46,Recurring Lender,Berkadia,Sun Belt,Multifamily,2026-06-25,2026-08-27,4,0,80,0,1,0,Fading,Monitor Debt Conditions,Capital flow fading,58
2026-09-21,20260921-005246-91e60804,2026-09-21 00:52:46,Market-Level Capital Concentration,New York,New York,Senior Housing,2026-06-08,2026-08-12,4,0,0,0,0,1,Fading,No Clear Stress,Capital flow fading,58
2026-09-21,20260921-005246-91e60804,2026-09-21 00:52:46,Market-Level Capital Concentration,Riverside / California,Riverside / California,Mixed-Use Residential,2026-06-11,2026-08-27,4,0,0,0,0,1,Fading,No Clear Stress,Capital flow fading,58
2026-09-21,20260921-005246-91e60804,2026-09-21 00:52:46,Recurring Lender,cushman,New York City / New York,Apartment,2026-07-17,2026-07-21,4,0,80,0,1,0,Fading,Monitor Debt Conditions,Capital flow fading,58
2026-09-21,20260921-005246-91e60804,2026-09-21 00:52:46,Recurring Lender,Berkadia,Miami / Florida,Multifamily,2026-07-15,2026-09-03,3,0,60,0,2,0,Fading,Refinancing Stress Watch,Capital flow fading,56
2026-09-21,20260921-005246-91e60804,2026-09-21 00:52:46,Recurring Lender,Berkadia,Sarasota / Florida,Apartment,2026-06-04,2026-08-13,3,0,60,0,2,0,Fading,Refinancing Stress Watch,Capital flow fading,56
2026-09-21,20260921-005246-91e60804,2026-09-21 00:52:46,Recurring Lender,JLL,Seattle,Apartment,2026-05-20,2026-07-23,3,0,60,0,0,2,Fading,No Clear Stress,Capital flow fading,56
2026-09-21,20260921-005246-91e60804,2026-09-21 00:52:46,Market-Level Capital Concentration,Sarasota / Florida,Sarasota / Florida,Apartment,2026-06-04,2026-08-13,3,0,0,0,2,0,Fading,Refinancing Stress Watch,Capital flow fading,56
2026-09-21,20260921-005246-91e60804,2026-09-21 00:52:46,Market-Level Capital Concentration,Tampa / Florida,Tampa / Florida,Multifamily,2026-07-06,2026-09-11,3,0,0,0,1,1,Fading,Monitor Debt Conditions,Capital flow fading,56
2026-09-21,20260921-005246-91e60804,2026-09-21 00:52:46,Recurring Lender,wells fargo,National,Apartment,2026-06-28,2026-08-25,3,0,60,0,0,2,Fading,No Clear Stress,Capital flow fading,56
2026-09-21,20260921-005246-91e60804,2026-09-21 00:52:46,Institutional Capital Flow,Walker & Dunlop,Colorado; Dallas / Texas,Senior Housing,2026-09-20,2026-09-21,2,1,0,40,0,0,Stable,No Clear Stress,Stable capital pattern,55
2026-09-21,20260921-005246-91e60804,2026-09-21 00:52:46,Recurring Lender,Fannie Mae,Colorado,Multifamily,2026-09-20,2026-09-21,2,1,40,0,0,0,Stable,No Clear Stress,Stable capital pattern,50
2026-09-21,20260921-005246-91e60804,2026-09-21 00:52:46,Institutional Capital Flow,Affinius Capital,New York,Multifamily,2026-08-20,2026-08-23,4,0,0,80,0,0,Fading,No Clear Stress,Capital flow fading,48
2026-09-21,20260921-005246-91e60804,2026-09-21 00:52:46,Institutional Capital Flow,Alliance Residential,Los Angeles / California; Phoenix / Arizona,Apartment,2026-07-07,2026-07-10,4,0,0,80,0,0,Fading,No Clear Stress,Capital flow fading,48
2026-09-21,20260921-005246-91e60804,2026-09-21 00:52:46,Institutional Capital Flow,Alliance Residential,California,Multifamily,2026-08-08,2026-09-15,4,0,0,80,0,0,Fading,No Clear Stress,Capital flow fading,48
2026-09-21,20260921-005246-91e60804,2026-09-21 00:52:46,Institutional Capital Flow,Altmark Group,Other / Unknown,Apartment,2026-06-19,2026-06-22,4,0,0,80,0,0,Fading,No Clear Stress,Capital flow fading,48
2026-09-21,20260921-005246-91e60804,2026-09-21 00:52:46,Market-Level Capital Concentration,Arizona,Arizona,BTR / Single-Family Rental,2026-05-22,2026-05-26,4,0,0,0,0,0,Fading,No Clear Stress,Capital flow fading,48
2026-09-21,20260921-005246-91e60804,2026-09-21 00:52:46,Market-Level Capital Concentration,Austin / Texas,Austin / Texas,Affordable Housing,2026-06-18,2026-09-09,4,0,0,0,0,0,Fading,No Clear Stress,Capital flow fading,48
2026-09-21,20260921-005246-91e60804,2026-09-21 00:52:46,Institutional Capital Flow,BFC Partners,New York,Affordable Housing,2026-07-31,2026-08-03,4,0,0,80,0,0,Fading,No Clear Stress,Capital flow fading,48
2026-09-21,20260921-005246-91e60804,2026-09-21 00:52:46,Institutional Capital Flow,BHI,Other / Unknown,Office-to-Residential Conversion,2026-06-02,2026-06-02,4,0,0,80,0,0,Fading,No Clear Stress,Capital flow fading,48
2026-09-21,20260921-005246-91e60804,2026-09-21 00:52:46,Institutional Capital Flow,Ballast,Las Vegas / Nevada,Apartment,2026-06-02,2026-06-02,4,0,0,80,0,0,Fading,No Clear Stress,Capital flow fading,48
2026-09-21,20260921-005246-91e60804,2026-09-21 00:52:46,Institutional Capital Flow,Baron Property Group,Miami / Florida,Mixed-Use Residential,2026-06-02,2026-06-02,4,0,0,80,0,0,Fading,No Clear Stress,Capital flow fading,48
2026-09-21,20260921-005246-91e60804,2026-09-21 00:52:46,Institutional Capital Flow,Bascom Group,Las Vegas / Nevada,Apartment,2026-06-02,2026-06-02,4,0,0,80,0,0,Fading,No Clear Stress,Capital flow fading,48
2026-09-21,20260921-005246-91e60804,2026-09-21 00:52:46,Institutional Capital Flow,Basis Investment Group,Washington DC,Apartment,2026-06-02,2026-06-02,4,0,0,80,0,0,Fading,No Clear Stress,Capital flow fading,48
2026-09-21,20260921-005246-91e60804,2026-09-21 00:52:46,Institutional Capital Flow,Benefit Street Partners,Austin / Texas,Apartment,2026-08-13,2026-08-16,4,0,0,80,0,0,Fading,No Clear Stress,Capital flow fading,48
2026-09-21,20260921-005246-91e60804,2026-09-21 00:52:46,Institutional Capital Flow,Benefit Street Partners,Florida,Multifamily,2026-09-05,2026-09-08,4,0,0,80,0,0,Fading,No Clear Stress,Capital flow fading,48
2026-09-21,20260921-005246-91e60804,2026-09-21 00:52:46,Institutional Capital Flow,Benmark Capital,Miami / Florida,Mixed-Use Residential,2026-06-05,2026-06-07,4,0,0,80,0,0,Fading,No Clear Stress,Capital flow fading,48
2026-09-21,20260921-005246-91e60804,2026-09-21 00:52:46,Recurring Lender,Berkadia,Virginia,Apartment,2026-06-07,2026-07-10,4,0,80,0,0,0,Fading,No Clear Stress,Capital flow fading,48
2026-09-21,20260921-005246-91e60804,2026-09-21 00:52:46,Recurring Lender,Berkadia,Atlanta / Georgia,Apartment,2026-07-20,2026-08-16,4,0,80,0,0,0,Fading,No Clear Stress,Capital flow fading,48
2026-09-21,20260921-005246-91e60804,2026-09-21 00:52:46,Institutional Capital Flow,Berkadia,Houston / Texas; Miami / Florida,Mixed-Use Residential,2026-06-05,2026-06-07,4,0,0,80,0,0,Fading,No Clear Stress,Capital flow fading,48
2026-09-21,20260921-005246-91e60804,2026-09-21 00:52:46,Institutional Capital Flow,Berkadia,Houston / Texas; Miami / Florida; Sarasota / Florida,Apartment,2026-06-02,2026-06-02,4,0,0,80,0,0,Fading,No Clear Stress,Capital flow fading,48
2026-09-21,20260921-005246-91e60804,2026-09-21 00:52:46,Recurring Capital Partner,Blackstone,Dallas / Texas,Affordable Housing,2026-08-04,2026-09-17,4,0,0,80,0,0,Fading,No Clear Stress,Capital flow fading,48
2026-09-21,20260921-005246-91e60804,2026-09-21 00:52:46,Institutional Capital Flow,Blackstone,Dallas / Texas,Mixed-Use Residential,2026-06-23,2026-08-20,4,0,0,80,0,0,Fading,No Clear Stress,Capital flow fading,48
2026-09-21,20260921-005246-91e60804,2026-09-21 00:52:46,Institutional Capital Flow,Bridge Investment Group,Austin / Texas,Apartment,2026-07-17,2026-07-20,4,0,0,80,0,0,Fading,No Clear Stress,Capital flow fading,48
2026-09-21,20260921-005246-91e60804,2026-09-21 00:52:46,Recurring Capital Partner,Brookfield,Phoenix / Arizona,Apartment,2026-08-17,2026-08-20,4,0,0,80,0,0,Fading,No Clear Stress,Capital flow fading,48
2026-09-21,20260921-005246-91e60804,2026-09-21 00:52:46,Institutional Capital Flow,Brookfield,Phoenix / Arizona,Apartment,2026-08-17,2026-08-20,4,0,0,80,0,0,Fading,No Clear Stress,Capital flow fading,48
2026-09-21,20260921-005246-91e60804,2026-09-21 00:52:46,Recurring Capital Partner,Brookfield,Other / Unknown,Apartment,2026-05-21,2026-08-01,4,0,0,80,0,0,Fading,No Clear Stress,Capital flow fading,48
2026-09-21,20260921-005246-91e60804,2026-09-21 00:52:46,Recurring Capital Partner,Brookfield,Los Angeles / California,Affordable Housing,2026-06-14,2026-06-17,4,0,0,80,0,0,Fading,No Clear Stress,Capital flow fading,48
2026-09-21,20260921-005246-91e60804,2026-09-21 00:52:46,Institutional Capital Flow,Brookfield,Los Angeles / California,Affordable Housing,2026-06-14,2026-06-17,4,0,0,80,0,0,Fading,No Clear Stress,Capital flow fading,48
2026-09-21,20260921-005246-91e60804,2026-09-21 00:52:46,Recurring Lender,CBRE,Sun Belt,Apartment,2026-05-19,2026-05-20,4,0,80,0,0,0,Fading,No Clear Stress,Capital flow fading,48
2026-09-21,20260921-005246-91e60804,2026-09-21 00:52:46,Institutional Capital Flow,CBRE,Los Angeles / California,Office-to-Residential Conversion,2026-06-02,2026-06-02,4,0,0,80,0,0,Fading,No Clear Stress,Capital flow fading,48
2026-09-21,20260921-005246-91e60804,2026-09-21 00:52:46,Institutional Capital Flow,CBRE,Seattle,Apartment,2026-08-07,2026-08-10,4,0,0,80,0,0,Fading,No Clear Stress,Capital flow fading,48
2026-09-21,20260921-005246-91e60804,2026-09-21 00:52:46,Recurring Lender,CBRE,San Francisco / California,General Residential,2026-06-30,2026-08-13,4,0,80,0,0,0,Fading,No Clear Stress,Capital flow fading,48
2026-09-21,20260921-005246-91e60804,2026-09-21 00:52:46,Recurring Lender,CBRE,New York City / New York,Multifamily,2026-08-28,2026-08-31,4,0,80,0,0,0,Fading,No Clear Stress,Capital flow fading,48
2026-09-21,20260921-005246-91e60804,2026-09-21 00:52:46,Institutional Capital Flow,COurtesy Drew Capital,Other / Unknown,Apartment,2026-08-29,2026-09-01,4,0,0,80,0,0,Fading,No Clear Stress,Capital flow fading,48
2026-09-21,20260921-005246-91e60804,2026-09-21 00:52:46,Market-Level Capital Concentration,California,California,Workforce Housing,2026-07-10,2026-07-12,4,0,0,0,0,0,Fading,No Clear Stress,Capital flow fading,48
2026-09-21,20260921-005246-91e60804,2026-09-21 00:52:46,Institutional Capital Flow,Camden Property Trust,Atlanta / Georgia; California,Apartment,2026-09-05,2026-09-08,4,0,0,80,0,0,Fading,No Clear Stress,Capital flow fading,48
2026-09-21,20260921-005246-91e60804,2026-09-21 00:52:46,Institutional Capital Flow,Capital Square,Virginia,Apartment,2026-07-13,2026-08-07,4,0,0,80,0,0,Fading,No Clear Stress,Capital flow fading,48
2026-09-21,20260921-005246-91e60804,2026-09-21 00:52:46,Institutional Capital Flow,Courtesy Arrow Real Estate,Phoenix / Arizona,General Residential,2026-07-02,2026-07-05,4,0,0,80,0,0,Fading,No Clear Stress,Capital flow fading,48
2026-09-21,20260921-005246-91e60804,2026-09-21 00:52:46,Institutional Capital Flow,Courtesy Dwight Investment Management Dwight Investment Management,Sun Belt,Mixed-Use Residential,2026-09-04,2026-09-07,4,0,0,80,0,0,Fading,No Clear Stress,Capital flow fading,48
2026-09-21,20260921-005246-91e60804,2026-09-21 00:52:46,Institutional Capital Flow,Courtesy Systima Capital Management,Houston / Texas,Affordable Housing,2026-07-24,2026-07-27,4,0,0,80,0,0,Fading,No Clear Stress,Capital flow fading,48
2026-09-21,20260921-005246-91e60804,2026-09-21 00:52:46,Institutional Capital Flow,CrossHarbor Capital,Other / Unknown,Student Housing,2026-07-03,2026-07-06,4,0,0,80,0,0,Fading,No Clear Stress,Capital flow fading,48
2026-09-21,20260921-005246-91e60804,2026-09-21 00:52:46,Institutional Capital Flow,Delshah Capital,New York City / New York,Apartment,2026-07-31,2026-08-03,4,0,0,80,0,0,Fading,No Clear Stress,Capital flow fading,48
2026-09-21,20260921-005246-91e60804,2026-09-21 00:52:46,Institutional Capital Flow,Dunlop Capital,Other / Unknown,Mixed-Use Residential,2026-09-05,2026-09-08,4,0,0,80,0,0,Fading,No Clear Stress,Capital flow fading,48
2026-09-21,20260921-005246-91e60804,2026-09-21 00:52:46,Institutional Capital Flow,Dunlop Capital,New York,Apartment,2026-06-04,2026-07-02,4,0,0,80,0,0,Fading,No Clear Stress,Capital flow fading,48
2026-09-21,20260921-005246-91e60804,2026-09-21 00:52:46,Institutional Capital Flow,Dunlop Capital Markets Real Estate,Austin / Texas,Apartment,2026-07-17,2026-07-20,4,0,0,80,0,0,Fading,No Clear Stress,Capital flow fading,48
2026-09-21,20260921-005246-91e60804,2026-09-21 00:52:46,Institutional Capital Flow,Dwight Mortgage Trust,Florida,BTR / Single-Family Rental,2026-06-19,2026-06-22,4,0,0,80,0,0,Fading,No Clear Stress,Capital flow fading,48
2026-09-21,20260921-005246-91e60804,2026-09-21 00:52:46,Institutional Capital Flow,"Eastham Capital, Bender Cos",Other / Unknown,Apartment,2026-09-05,2026-09-08,4,0,0,80,0,0,Fading,No Clear Stress,Capital flow fading,48
2026-09-21,20260921-005246-91e60804,2026-09-21 00:52:46,Institutional Capital Flow,Equity Residential,Other / Unknown,Apartment,2026-07-25,2026-08-19,4,0,0,80,0,0,Fading,No Clear Stress,Capital flow fading,48
2026-09-21,20260921-005246-91e60804,2026-09-21 00:52:46,Institutional Capital Flow,Essex Realty Group,Other / Unknown,Multifamily,2026-06-02,2026-06-02,4,0,0,80,0,0,Fading,No Clear Stress,Capital flow fading,48
2026-09-21,20260921-005246-91e60804,2026-09-21 00:52:46,Institutional Capital Flow,Fairfield Residential,Atlanta / Georgia; Miami / Florida,Apartment,2026-08-29,2026-09-01,4,0,0,80,0,0,Fading,No Clear Stress,Capital flow fading,48
2026-09-21,20260921-005246-91e60804,2026-09-21 00:52:46,Institutional Capital Flow,Fairfield Residential,California,Apartment,2026-06-18,2026-06-21,4,0,0,80,0,0,Fading,No Clear Stress,Capital flow fading,48
2026-09-21,20260921-005246-91e60804,2026-09-21 00:52:46,Institutional Capital Flow,Fannie Mae,National,Multifamily,2026-06-02,2026-06-02,4,0,0,80,0,0,Fading,No Clear Stress,Capital flow fading,48
2026-09-21,20260921-005246-91e60804,2026-09-21 00:52:46,Recurring Lender,Fannie Mae,Sun Belt,BTR / Single-Family Rental,2026-05-19,2026-05-20,4,0,80,0,0,0,Fading,No Clear Stress,Capital flow fading,48
2026-09-21,20260921-005246-91e60804,2026-09-21 00:52:46,Institutional Capital Flow,Freddie Mac,Riverside / California,Apartment,2026-08-01,2026-08-04,4,0,0,80,0,0,Fading,No Clear Stress,Capital flow fading,48
2026-09-21,20260921-005246-91e60804,2026-09-21 00:52:46,Institutional Capital Flow,Freddie Mac,Other / Unknown,Multifamily,2026-07-03,2026-07-06,4,0,0,80,0,0,Fading,No Clear Stress,Capital flow fading,48
2026-09-21,20260921-005246-91e60804,2026-09-21 00:52:46,Institutional Capital Flow,Freddie Mac,New York City / New York,Apartment,2026-06-02,2026-06-02,4,0,0,80,0,0,Fading,No Clear Stress,Capital flow fading,48
2026-09-21,20260921-005246-91e60804,2026-09-21 00:52:46,Institutional Capital Flow,GAIA Real Estate,New York City / New York,Apartment,2026-09-05,2026-09-08,4,0,0,80,0,0,Fading,No Clear Stress,Capital flow fading,48
2026-09-21,20260921-005246-91e60804,2026-09-21 00:52:46,Institutional Capital Flow,GID,Virginia,Apartment,2026-07-10,2026-07-19,4,0,0,80,0,0,Fading,No Clear Stress,Capital flow fading,48
2026-09-21,20260921-005246-91e60804,2026-09-21 00:52:46,Institutional Capital Flow,Greystar,Virginia,Apartment,2026-07-10,2026-07-19,4,0,0,80,0,0,Fading,No Clear Stress,Capital flow fading,48
2026-09-21,20260921-005246-91e60804,2026-09-21 00:52:46,Institutional Capital Flow,Greystar,Atlanta / Georgia,Apartment,2026-09-05,2026-09-08,4,0,0,80,0,0,Fading,No Clear Stress,Capital flow fading,48
2026-09-21,20260921-005246-91e60804,2026-09-21 00:52:46,Institutional Capital Flow,Greystone,Austin / Texas,Apartment,2026-08-13,2026-08-16,4,0,0,80,0,0,Fading,No Clear Stress,Capital flow fading,48
2026-09-21,20260921-005246-91e60804,2026-09-21 00:52:46,Institutional Capital Flow,Greystone,Kentucky,Apartment,2026-08-20,2026-08-23,4,0,0,80,0,0,Fading,No Clear Stress,Capital flow fading,48
2026-09-21,20260921-005246-91e60804,2026-09-21 00:52:46,Institutional Capital Flow,Greystone,California,Apartment,2026-08-07,2026-08-09,4,0,0,80,0,0,Fading,No Clear Stress,Capital flow fading,48
2026-09-21,20260921-005246-91e60804,2026-09-21 00:52:46,Institutional Capital Flow,Hines,Atlanta / Georgia,Mixed-Use Residential,2026-08-05,2026-08-16,4,0,0,80,0,0,Fading,No Clear Stress,Capital flow fading,48
2026-09-21,20260921-005246-91e60804,2026-09-21 00:52:46,Institutional Capital Flow,Holland Partner Group,Los Angeles / California,Affordable Housing,2026-06-23,2026-06-26,4,0,0,80,0,0,Fading,No Clear Stress,Capital flow fading,48
2026-09-21,20260921-005246-91e60804,2026-09-21 00:52:46,Institutional Capital Flow,Hudson Bay Capital,Houston / Texas,Apartment,2026-06-04,2026-06-05,4,0,0,80,0,0,Fading,No Clear Stress,Capital flow fading,48
2026-09-21,20260921-005246-91e60804,2026-09-21 00:52:46,Institutional Capital Flow,IPA,California; Other / Unknown; Seattle,Apartment,2026-08-27,2026-08-31,4,0,0,80,0,0,Fading,No Clear Stress,Capital flow fading,48
2026-09-21,20260921-005246-91e60804,2026-09-21 00:52:46,Institutional Capital Flow,IPA,Dallas / Texas; Miami / Florida; New York City / New York,Apartment,2026-06-02,2026-06-02,4,0,0,80,0,0,Fading,No Clear Stress,Capital flow fading,48
2026-09-21,20260921-005246-91e60804,2026-09-21 00:52:46,Institutional Capital Flow,Integritas Capital,Other / Unknown,Mixed-Use Residential,2026-06-12,2026-06-15,4,0,0,80,0,0,Fading,No Clear Stress,Capital flow fading,48
2026-09-21,20260921-005246-91e60804,2026-09-21 00:52:46,Institutional Capital Flow,JLL,California,Senior Housing,2026-06-16,2026-06-29,4,0,0,80,0,0,Fading,No Clear Stress,Capital flow fading,48
2026-09-21,20260921-005246-91e60804,2026-09-21 00:52:46,Institutional Capital Flow,JLL,California; Dallas / Texas; Florida; National,Apartment,2026-09-05,2026-09-08,4,0,0,80,0,0,Fading,No Clear Stress,Capital flow fading,48
2026-09-21,20260921-005246-91e60804,2026-09-21 00:52:46,Recurring Lender,JLL,Florida,General Residential,2026-09-05,2026-09-08,4,0,80,0,0,0,Fading,No Clear Stress,Capital flow fading,48
2026-09-21,20260921-005246-91e60804,2026-09-21 00:52:46,Recurring Lender,JLL,National,Student Housing,2026-09-05,2026-09-08,4,0,80,0,0,0,Fading,No Clear Stress,Capital flow fading,48
2026-09-21,20260921-005246-91e60804,2026-09-21 00:52:46,Institutional Capital Flow,JPI,Texas,Apartment,2026-07-17,2026-07-19,4,0,0,80,0,0,Fading,No Clear Stress,Capital flow fading,48
2026-09-21,20260921-005246-91e60804,2026-09-21 00:52:46,Institutional Capital Flow,Jacobs Group,Other / Unknown,General Residential,2026-06-19,2026-06-22,4,0,0,80,0,0,Fading,No Clear Stress,Capital flow fading,48
2026-09-21,20260921-005246-91e60804,2026-09-21 00:52:46,Institutional Capital Flow,Jasmine Kilman Mesa West Capital,Seattle,Apartment,2026-08-07,2026-08-10,4,0,0,80,0,0,Fading,No Clear Stress,Capital flow fading,48
2026-09-21,20260921-005246-91e60804,2026-09-21 00:52:46,Institutional Capital Flow,L.A. County Land Bank to,Los Angeles / California,Affordable Housing,2026-08-01,2026-08-04,4,0,0,80,0,0,Fading,No Clear Stress,Capital flow fading,48
2026-09-21,20260921-005246-91e60804,2026-09-21 00:52:46,Institutional Capital Flow,Laramar Group,Other / Unknown,Apartment,2026-08-29,2026-09-11,4,0,0,80,0,0,Fading,No Clear Stress,Capital flow fading,48
2026-09-21,20260921-005246-91e60804,2026-09-21 00:52:46,Institutional Capital Flow,Lincoln Property Company,New York,Multifamily,2026-08-20,2026-08-23,4,0,0,80,0,0,Fading,No Clear Stress,Capital flow fading,48
2026-09-21,20260921-005246-91e60804,2026-09-21 00:52:46,Market-Level Capital Concentration,Louisiana,Louisiana,Apartment,2026-06-17,2026-08-24,4,0,0,0,0,0,Fading,No Clear Stress,Capital flow fading,48
2026-09-21,20260921-005246-91e60804,2026-09-21 00:52:46,Institutional Capital Flow,MAA,Atlanta / Georgia,Apartment,2026-07-17,2026-08-25,4,0,0,80,0,0,Fading,No Clear Stress,Capital flow fading,48
2026-09-21,20260921-005246-91e60804,2026-09-21 00:52:46,Institutional Capital Flow,MBK,California,Apartment,2026-09-05,2026-09-08,4,0,0,80,0,0,Fading,No Clear Stress,Capital flow fading,48
2026-09-21,20260921-005246-91e60804,2026-09-21 00:52:46,Institutional Capital Flow,MacFarlane Partners,San Francisco / California,Senior Housing,2026-06-02,2026-06-02,4,0,0,80,0,0,Fading,No Clear Stress,Capital flow fading,48
2026-09-21,20260921-005246-91e60804,2026-09-21 00:52:46,Institutional Capital Flow,Marcus & Millichap,Dallas / Texas; New York City / New York,Apartment,2026-09-05,2026-09-08,4,0,0,80,0,0,Fading,No Clear Stress,Capital flow fading,48
2026-09-21,20260921-005246-91e60804,2026-09-21 00:52:46,Institutional Capital Flow,Marcus & Millichap,California,Apartment,2026-06-25,2026-09-19,4,0,0,80,0,0,Fading,No Clear Stress,Capital flow fading,48
2026-09-21,20260921-005246-91e60804,2026-09-21 00:52:46,Institutional Capital Flow,Merchants Capital,New York,Mixed-Use Residential,2026-09-05,2026-09-08,4,0,0,80,0,0,Fading,No Clear Stress,Capital flow fading,48
2026-09-21,20260921-005246-91e60804,2026-09-21 00:52:46,Institutional Capital Flow,Miami Rental Tower Residential,Miami / Florida,Multifamily,2026-07-03,2026-07-06,4,0,0,80,0,0,Fading,No Clear Stress,Capital flow fading,48
2026-09-21,20260921-005246-91e60804,2026-09-21 00:52:46,Institutional Capital Flow,Mill Creek Residential,Santa Monica / California,Affordable Housing,2026-08-05,2026-08-07,4,0,0,80,0,0,Fading,No Clear Stress,Capital flow fading,48
2026-09-21,20260921-005246-91e60804,2026-09-21 00:52:46,Institutional Capital Flow,Millichap Capital,Beverly Hills / California,Mixed-Use Residential,2026-06-17,2026-06-20,4,0,0,80,0,0,Fading,No Clear Stress,Capital flow fading,48
2026-09-21,20260921-005246-91e60804,2026-09-21 00:52:46,Institutional Capital Flow,Multifamily Orange County Investments,California,Workforce Housing,2026-07-10,2026-07-12,4,0,0,80,0,0,Fading,No Clear Stress,Capital flow fading,48
2026-09-21,20260921-005246-91e60804,2026-09-21 00:52:46,Institutional Capital Flow,Nob Hill Acquisition ArtHaus Partners,San Francisco / California,Apartment,2026-06-04,2026-06-05,4,0,0,80,0,0,Fading,No Clear Stress,Capital flow fading,48
2026-09-21,20260921-005246-91e60804,2026-09-21 00:52:46,Institutional Capital Flow,Nordic Partners Investments,Seattle,Apartment,2026-08-01,2026-08-04,4,0,0,80,0,0,Fading,No Clear Stress,Capital flow fading,48
2026-09-21,20260921-005246-91e60804,2026-09-21 00:52:46,Institutional Capital Flow,ORIX,Austin / Texas,Apartment,2026-09-05,2026-09-08,4,0,0,80,0,0,Fading,No Clear Stress,Capital flow fading,48
2026-09-21,20260921-005246-91e60804,2026-09-21 00:52:46,Institutional Capital Flow,PH Realty Capital,Houston / Texas,Apartment,2026-06-05,2026-06-07,4,0,0,80,0,0,Fading,No Clear Stress,Capital flow fading,48
2026-09-21,20260921-005246-91e60804,2026-09-21 00:52:46,Institutional Capital Flow,PNC Bank,New York City / New York,Apartment,2026-06-02,2026-06-02,4,0,0,80,0,0,Fading,No Clear Stress,Capital flow fading,48
2026-09-21,20260921-005246-91e60804,2026-09-21 00:52:46,Recurring Capital Partner,Related Companies,Riverside / California,Apartment,2026-07-28,2026-07-31,4,0,0,80,0,0,Fading,No Clear Stress,Capital flow fading,48
2026-09-21,20260921-005246-91e60804,2026-09-21 00:52:46,Institutional Capital Flow,Related Companies,Los Angeles / California,General Residential,2026-09-05,2026-09-08,4,0,0,80,0,0,Fading,No Clear Stress,Capital flow fading,48
2026-09-21,20260921-005246-91e60804,2026-09-21 00:52:46,Institutional Capital Flow,S3 Capital,New York,Student Housing,2026-06-02,2026-06-02,4,0,0,80,0,0,Fading,No Clear Stress,Capital flow fading,48
2026-09-21,20260921-005246-91e60804,2026-09-21 00:52:46,Institutional Capital Flow,S3 Capital Continues Texas Focus,Houston / Texas,Multifamily,2026-07-10,2026-07-12,4,0,0,80,0,0,Fading,No Clear Stress,Capital flow fading,48
2026-09-21,20260921-005246-91e60804,2026-09-21 00:52:46,Institutional Capital Flow,Sack Capital,San Francisco / California,Apartment,2026-08-14,2026-08-17,4,0,0,80,0,0,Fading,No Clear Stress,Capital flow fading,48
2026-09-21,20260921-005246-91e60804,2026-09-21 00:52:46,Institutional Capital Flow,Sale Sets Cap Rate Benchmark SRS Real Estate,Los Angeles / California,General Residential,2026-06-02,2026-06-02,4,0,0,80,0,0,Fading,No Clear Stress,Capital flow fading,48
2026-09-21,20260921-005246-91e60804,2026-09-21 00:52:46,Market-Level Capital Concentration,Santa Monica / California,Santa Monica / California,General Residential,2026-07-18,2026-07-21,4,0,0,0,0,0,Fading,No Clear Stress,Capital flow fading,48
2026-09-21,20260921-005246-91e60804,2026-09-21 00:52:46,Institutional Capital Flow,Santander Bank,Sun Belt,Multifamily,2026-08-07,2026-08-10,4,0,0,80,0,0,Fading,No Clear Stress,Capital flow fading,48
2026-09-21,20260921-005246-91e60804,2026-09-21 00:52:46,Market-Level Capital Concentration,Seattle,Seattle,Multifamily,2026-06-12,2026-08-27,4,0,0,0,0,0,Fading,No Clear Stress,Capital flow fading,48
2026-09-21,20260921-005246-91e60804,2026-09-21 00:52:46,Institutional Capital Flow,Sentinel Real Estate,Washington DC,Apartment,2026-06-13,2026-06-16,4,0,0,80,0,0,Fading,No Clear Stress,Capital flow fading,48
2026-09-21,20260921-005246-91e60804,2026-09-21 00:52:46,Institutional Capital Flow,Somerset Companies,Washington DC,Mixed-Use Residential,2026-06-02,2026-06-02,4,0,0,80,0,0,Fading,No Clear Stress,Capital flow fading,48
2026-09-21,20260921-005246-91e60804,2026-09-21 00:52:46,Institutional Capital Flow,Standard Real Estate Investments,Las Vegas / Nevada,Apartment,2026-06-02,2026-06-02,4,0,0,80,0,0,Fading,No Clear Stress,Capital flow fading,48
2026-09-21,20260921-005246-91e60804,2026-09-21 00:52:46,Institutional Capital Flow,Timberlane Partners,Seattle,Apartment,2026-09-05,2026-09-08,4,0,0,80,0,0,Fading,No Clear Stress,Capital flow fading,48
2026-09-21,20260921-005246-91e60804,2026-09-21 00:52:46,Institutional Capital Flow,Tishman Speyer,California; Riverside / California,Apartment,2026-09-04,2026-09-10,4,0,0,80,0,0,Fading,No Clear Stress,Capital flow fading,48
2026-09-21,20260921-005246-91e60804,2026-09-21 00:52:46,Institutional Capital Flow,Tishman Speyer,New York City / New York,Apartment,2026-06-26,2026-06-29,4,0,0,80,0,0,Fading,No Clear Stress,Capital flow fading,48
2026-09-21,20260921-005246-91e60804,2026-09-21 00:52:46,Institutional Capital Flow,Trammell Crow Residential,San Francisco / California,Apartment,2026-09-17,2026-09-20,4,0,0,80,0,0,Fading,No Clear Stress,Capital flow fading,48
2026-09-21,20260921-005246-91e60804,2026-09-21 00:52:46,Institutional Capital Flow,Trammell Crow Residential,Southeast,Apartment,2026-07-28,2026-08-01,4,0,0,80,0,0,Fading,No Clear Stress,Capital flow fading,48
2026-09-21,20260921-005246-91e60804,2026-09-21 00:52:46,Institutional Capital Flow,Valley National Bank Provide Pre,Miami / Florida,Multifamily,2026-07-27,2026-07-30,4,0,0,80,0,0,Fading,No Clear Stress,Capital flow fading,48
2026-09-21,20260921-005246-91e60804,2026-09-21 00:52:46,Market-Level Capital Concentration,Virginia,Virginia,Mixed-Use Residential,2026-07-25,2026-08-29,4,0,0,0,0,0,Fading,No Clear Stress,Capital flow fading,48
2026-09-21,20260921-005246-91e60804,2026-09-21 00:52:46,Institutional Capital Flow,Walker & Dunlop,Denver / Colorado; National,Apartment,2026-07-03,2026-07-06,4,0,0,80,0,0,Fading,No Clear Stress,Capital flow fading,48
2026-09-21,20260921-005246-91e60804,2026-09-21 00:52:46,Institutional Capital Flow,Walker & Dunlop,Other / Unknown; Virginia,Apartment,2026-09-05,2026-09-08,4,0,0,80,0,0,Fading,No Clear Stress,Capital flow fading,48
2026-09-21,20260921-005246-91e60804,2026-09-21 00:52:46,Institutional Capital Flow,Walker & Dunlop,National,Multifamily,2026-06-02,2026-06-02,4,0,0,80,0,0,Fading,No Clear Stress,Capital flow fading,48
2026-09-21,20260921-005246-91e60804,2026-09-21 00:52:46,Institutional Capital Flow,Walker & Dunlop,Florida,Apartment,2026-06-05,2026-06-07,4,0,0,80,0,0,Fading,No Clear Stress,Capital flow fading,48
2026-09-21,20260921-005246-91e60804,2026-09-21 00:52:46,Institutional Capital Flow,Walker & Dunlop,Austin / Texas,Apartment,2026-07-17,2026-09-09,4,0,0,80,0,0,Fading,No Clear Stress,Capital flow fading,48
2026-09-21,20260921-005246-91e60804,2026-09-21 00:52:46,Institutional Capital Flow,Walker & Dunlop,Los Angeles / California,Affordable Housing,2026-07-23,2026-07-27,4,0,0,80,0,0,Fading,No Clear Stress,Capital flow fading,48
2026-09-21,20260921-005246-91e60804,2026-09-21 00:52:46,Market-Level Capital Concentration,Washington DC,Washington DC,Office-to-Residential Conversion,2026-06-17,2026-09-07,4,0,0,0,0,0,Fading,No Clear Stress,Capital flow fading,48
2026-09-21,20260921-005246-91e60804,2026-09-21 00:52:46,Institutional Capital Flow,Wood Partners,National,Apartment,2026-09-05,2026-09-08,4,0,0,80,0,0,Fading,No Clear Stress,Capital flow fading,48
2026-09-21,20260921-005246-91e60804,2026-09-21 00:52:46,Recurring Capital Partner,ares,California,Student Housing,2026-09-13,2026-09-16,4,0,0,80,0,0,Fading,No Clear Stress,Capital flow fading,48
2026-09-21,20260921-005246-91e60804,2026-09-21 00:52:46,Recurring Capital Partner,equity residential,Other / Unknown,Apartment,2026-07-25,2026-08-19,4,0,0,80,0,0,Fading,No Clear Stress,Capital flow fading,48
2026-09-21,20260921-005246-91e60804,2026-09-21 00:52:46,Recurring Capital Partner,equity residential,New York,Apartment,2026-05-25,2026-08-18,4,0,0,80,0,0,Fading,No Clear Stress,Capital flow fading,48
2026-09-21,20260921-005246-91e60804,2026-09-21 00:52:46,Recurring Capital Partner,equity residential,Other / Unknown,Multifamily,2026-08-13,2026-08-16,4,0,0,80,0,0,Fading,No Clear Stress,Capital flow fading,48
2026-09-21,20260921-005246-91e60804,2026-09-21 00:52:46,Recurring Lender,northmarq,Seattle,Apartment,2026-08-17,2026-08-23,4,0,80,0,0,0,Fading,No Clear Stress,Capital flow fading,48
2026-09-21,20260921-005246-91e60804,2026-09-21 00:52:46,Recurring Lender,northmarq,Los Angeles / California,Apartment,2026-07-07,2026-07-10,4,0,80,0,0,0,Fading,No Clear Stress,Capital flow fading,48
2026-09-21,20260921-005246-91e60804,2026-09-21 00:52:46,Recurring Capital Partner,starwood,Washington DC,Apartment,2026-06-27,2026-06-30,4,0,0,80,0,0,Fading,No Clear Stress,Capital flow fading,48
2026-09-21,20260921-005246-91e60804,2026-09-21 00:52:46,Institutional Capital Flow,Marcus & Millichap,California; Miami / Florida; National,Multifamily,2026-09-21,2026-09-21,1,1,0,20,0,0,Increasing,No Clear Stress,Capital concentration increasing,47
2026-09-21,20260921-005246-91e60804,2026-09-21 00:52:46,Market-Level Capital Concentration,Denver / Colorado,Denver / Colorado,Affordable Housing,2026-06-01,2026-08-07,3,0,0,0,0,1,Fading,No Clear Stress,Capital flow fading,46
2026-09-21,20260921-005246-91e60804,2026-09-21 00:52:46,Market-Level Capital Concentration,Georgia,Georgia,BTR / Single-Family Rental,2026-06-11,2026-08-17,3,0,0,0,0,1,Fading,No Clear Stress,Capital flow fading,46
2026-09-21,20260921-005246-91e60804,2026-09-21 00:52:46,Recurring Lender,JLL,New York,Mixed-Use Residential,2026-06-25,2026-08-06,3,0,60,0,0,1,Fading,No Clear Stress,Capital flow fading,46
2026-09-21,20260921-005246-91e60804,2026-09-21 00:52:46,Recurring Lender,JLL,Houston / Texas,Mixed-Use Residential,2026-06-17,2026-08-11,3,0,60,0,1,0,Fading,Monitor Debt Conditions,Capital flow fading,46
2026-09-21,20260921-005246-91e60804,2026-09-21 00:52:46,Recurring Lender,Berkadia,Washington DC,Multifamily,2026-09-15,2026-09-16,2,0,40,0,0,2,Fading,No Clear Stress,Capital flow fading,44
2026-09-21,20260921-005246-91e60804,2026-09-21 00:52:46,Recurring Lender,Berkadia,Los Angeles / California,Affordable Housing,2026-06-04,2026-06-05,2,0,40,0,0,2,Fading,No Clear Stress,Capital flow fading,44
2026-09-21,20260921-005246-91e60804,2026-09-21 00:52:46,Recurring Lender,Fannie Mae,Louisiana,Student Housing,2026-08-09,2026-08-10,2,0,40,0,2,0,Fading,Refinancing Stress Watch,Capital flow fading,44
2026-09-21,20260921-005246-91e60804,2026-09-21 00:52:46,Recurring Lender,Fannie Mae,New York,Apartment,2026-06-11,2026-06-12,2,0,40,0,2,0,Fading,Refinancing Stress Watch,Capital flow fading,44
2026-09-21,20260921-005246-91e60804,2026-09-21 00:52:46,Recurring Lender,Freddie Mac,New York City / New York,Multifamily,2026-06-08,2026-06-09,2,0,40,0,2,0,Fading,Refinancing Stress Watch,Capital flow fading,44
2026-09-21,20260921-005246-91e60804,2026-09-21 00:52:46,Recurring Lender,Freddie Mac,Connecticut,Apartment,2026-06-04,2026-06-04,2,0,40,0,2,0,Fading,Refinancing Stress Watch,Capital flow fading,44
2026-09-21,20260921-005246-91e60804,2026-09-21 00:52:46,Recurring Lender,JLL,Florida,Student Housing,2026-07-20,2026-07-21,2,0,40,0,1,1,Fading,Monitor Debt Conditions,Capital flow fading,44
2026-09-21,20260921-005246-91e60804,2026-09-21 00:52:46,Recurring Lender,JLL,Other / Unknown,Student Housing,2026-06-13,2026-06-14,2,0,40,0,2,0,Fading,Refinancing Stress Watch,Capital flow fading,44
2026-09-21,20260921-005246-91e60804,2026-09-21 00:52:46,Recurring Lender,JLL,Georgia,Apartment,2026-08-29,2026-08-30,2,0,40,0,2,0,Fading,Refinancing Stress Watch,Capital flow fading,44
2026-09-21,20260921-005246-91e60804,2026-09-21 00:52:46,Recurring Lender,JLL,Denver / Colorado,General Residential,2026-06-01,2026-06-01,2,0,40,0,2,0,Fading,Refinancing Stress Watch,Capital flow fading,44
2026-09-21,20260921-005246-91e60804,2026-09-21 00:52:46,Market-Level Capital Concentration,Louisiana,Louisiana,Student Housing,2026-08-09,2026-08-10,2,0,0,0,2,0,Fading,Refinancing Stress Watch,Capital flow fading,44
2026-09-21,20260921-005246-91e60804,2026-09-21 00:52:46,Recurring Capital Partner,Related Companies,Phoenix / Arizona,Apartment,2026-06-05,2026-06-06,2,0,0,40,0,2,Fading,No Clear Stress,Capital flow fading,44
2026-09-21,20260921-005246-91e60804,2026-09-21 00:52:46,Market-Level Capital Concentration,Sarasota / Florida,Sarasota / Florida,Senior Housing,2026-08-06,2026-08-07,2,0,0,0,2,0,Fading,Refinancing Stress Watch,Capital flow fading,44
2026-09-21,20260921-005246-91e60804,2026-09-21 00:52:46,Recurring Lender,cushman,Washington DC,Multifamily,2026-07-18,2026-07-19,2,0,40,0,2,0,Fading,Refinancing Stress Watch,Capital flow fading,44
2026-09-21,20260921-005246-91e60804,2026-09-21 00:52:46,Recurring Capital Partner,kkr,Other / Unknown,Apartment,2026-05-20,2026-05-20,2,0,0,40,2,0,Fading,Refinancing Stress Watch,Capital flow fading,44
2026-09-21,20260921-005246-91e60804,2026-09-21 00:52:46,Recurring Lender,northmarq,Seattle,Mixed-Use Residential,2026-06-11,2026-06-15,2,0,40,0,2,0,Fading,Refinancing Stress Watch,Capital flow fading,44
2026-09-21,20260921-005246-91e60804,2026-09-21 00:52:46,Recurring Lender,walker & dunlop,New York,Multifamily,2026-07-01,2026-08-13,2,0,40,0,0,2,Fading,No Clear Stress,Capital flow fading,44
2026-09-21,20260921-005246-91e60804,2026-09-21 00:52:46,Recurring Lender,walker & dunlop,New York City / New York,Mixed-Use Residential,2026-08-04,2026-08-05,2,0,40,0,2,0,Fading,Refinancing Stress Watch,Capital flow fading,44
2026-09-21,20260921-005246-91e60804,2026-09-21 00:52:46,Recurring Lender,walker & dunlop,Sarasota / Florida,Senior Housing,2026-08-06,2026-08-07,2,0,40,0,2,0,Fading,Refinancing Stress Watch,Capital flow fading,44
2026-09-21,20260921-005246-91e60804,2026-09-21 00:52:46,Institutional Capital Flow,A&E Real Estate,Dallas / Texas,Apartment,2026-07-01,2026-07-03,3,0,0,60,0,0,Fading,No Clear Stress,Capital flow fading,36
2026-09-21,20260921-005246-91e60804,2026-09-21 00:52:46,Institutional Capital Flow,Affinius Capital,Atlanta / Georgia; California,Multifamily,2026-08-08,2026-08-10,3,0,0,60,0,0,Fading,No Clear Stress,Capital flow fading,36
2026-09-21,20260921-005246-91e60804,2026-09-21 00:52:46,Institutional Capital Flow,Affordable Apartments McDowell Housing Partners,Florida,Apartment,2026-08-21,2026-08-23,3,0,0,60,0,0,Fading,No Clear Stress,Capital flow fading,36
2026-09-21,20260921-005246-91e60804,2026-09-21 00:52:46,Institutional Capital Flow,Alliance Residential,Riverside / California,Multifamily,2026-06-07,2026-06-08,3,0,0,60,0,0,Fading,No Clear Stress,Capital flow fading,36
2026-09-21,20260921-005246-91e60804,2026-09-21 00:52:46,Institutional Capital Flow,"American House, Winterpast Capital",National,Senior Housing,2026-08-07,2026-08-09,3,0,0,60,0,0,Fading,No Clear Stress,Capital flow fading,36
2026-09-21,20260921-005246-91e60804,2026-09-21 00:52:46,Institutional Capital Flow,Ania Management,New York,Workforce Housing,2026-06-27,2026-06-29,3,0,0,60,0,0,Fading,No Clear Stress,Capital flow fading,36
2026-09-21,20260921-005246-91e60804,2026-09-21 00:52:46,Market-Level Capital Concentration,Arizona,Arizona,General Residential,2026-05-21,2026-05-27,3,0,0,0,0,0,Fading,No Clear Stress,Capital flow fading,36
2026-09-21,20260921-005246-91e60804,2026-09-21 00:52:46,Institutional Capital Flow,Associated Bank,Other / Unknown,Multifamily,2026-06-27,2026-06-29,3,0,0,60,0,0,Fading,No Clear Stress,Capital flow fading,36
2026-09-21,20260921-005246-91e60804,2026-09-21 00:52:46,Institutional Capital Flow,Associated Bank,Texas,Multifamily,2026-08-21,2026-08-23,3,0,0,60,0,0,Fading,No Clear Stress,Capital flow fading,36
2026-09-21,20260921-005246-91e60804,2026-09-21 00:52:46,Market-Level Capital Concentration,Atlanta / Georgia,Atlanta / Georgia,Manufactured Housing,2026-07-07,2026-07-07,3,0,0,0,0,0,Fading,No Clear Stress,Capital flow fading,36
2026-09-21,20260921-005246-91e60804,2026-09-21 00:52:46,Institutional Capital Flow,AvalonBay,Miami / Florida; Other / Unknown,Mixed-Use Residential,2026-07-25,2026-07-27,3,0,0,60,0,0,Fading,No Clear Stress,Capital flow fading,36
2026-09-21,20260921-005246-91e60804,2026-09-21 00:52:46,Institutional Capital Flow,AvalonBay,California; National,Apartment,2026-05-21,2026-05-23,3,0,0,60,0,0,Fading,No Clear Stress,Capital flow fading,36
2026-09-21,20260921-005246-91e60804,2026-09-21 00:52:46,Institutional Capital Flow,AvalonBay,San Francisco / California,Apartment,2026-09-07,2026-09-09,3,0,0,60,0,0,Fading,No Clear Stress,Capital flow fading,36
2026-09-21,20260921-005246-91e60804,2026-09-21 00:52:46,Institutional Capital Flow,AvalonBay,National; New York,Apartment,2026-05-25,2026-05-26,3,0,0,60,0,0,Fading,No Clear Stress,Capital flow fading,36
2026-09-21,20260921-005246-91e60804,2026-09-21 00:52:46,Institutional Capital Flow,BCIP,Florida,Mixed-Use Residential,2026-06-13,2026-06-15,3,0,0,60,0,0,Fading,No Clear Stress,Capital flow fading,36
2026-09-21,20260921-005246-91e60804,2026-09-21 00:52:46,Institutional Capital Flow,BWE,Miami / Florida,Apartment,2026-06-13,2026-06-15,3,0,0,60,0,0,Fading,No Clear Stress,Capital flow fading,36
2026-09-21,20260921-005246-91e60804,2026-09-21 00:52:46,Institutional Capital Flow,Bankruptcy Court Approval,Los Angeles / California,Apartment,2026-07-21,2026-07-24,3,0,0,60,0,0,Fading,No Clear Stress,Capital flow fading,36
2026-09-21,20260921-005246-91e60804,2026-09-21 00:52:46,Institutional Capital Flow,Bellflower Acquisition Paladin Realty Partners,Los Angeles / California,Workforce Housing,2026-08-04,2026-08-06,3,0,0,60,0,0,Fading,No Clear Stress,Capital flow fading,36
2026-09-21,20260921-005246-91e60804,2026-09-21 00:52:46,Institutional Capital Flow,Berkadia,Houston / Texas; Miami / Florida; Other / Unknown,Apartment,2026-06-13,2026-06-15,3,0,0,60,0,0,Fading,No Clear Stress,Capital flow fading,36
2026-09-21,20260921-005246-91e60804,2026-09-21 00:52:46,Institutional Capital Flow,Berkadia,California; Other / Unknown; Texas,Apartment,2026-07-25,2026-07-27,3,0,0,60,0,0,Fading,No Clear Stress,Capital flow fading,36
2026-09-21,20260921-005246-91e60804,2026-09-21 00:52:46,Institutional Capital Flow,Berkadia,Atlanta / Georgia; National,Apartment,2026-08-14,2026-08-16,3,0,0,60,0,0,Fading,No Clear Stress,Capital flow fading,36
2026-09-21,20260921-005246-91e60804,2026-09-21 00:52:46,Institutional Capital Flow,Berkadia,Florida,Apartment,2026-07-10,2026-07-12,3,0,0,60,0,0,Fading,No Clear Stress,Capital flow fading,36
2026-09-21,20260921-005246-91e60804,2026-09-21 00:52:46,Institutional Capital Flow,Berkadia,Other / Unknown,Apartment,2026-08-07,2026-08-09,3,0,0,60,0,0,Fading,No Clear Stress,Capital flow fading,36
2026-09-21,20260921-005246-91e60804,2026-09-21 00:52:46,Recurring Lender,Berkadia,Virginia,Multifamily,2026-07-10,2026-08-02,3,0,60,0,0,0,Fading,No Clear Stress,Capital flow fading,36
2026-09-21,20260921-005246-91e60804,2026-09-21 00:52:46,Institutional Capital Flow,Berkadia,Sarasota / Florida,Apartment,2026-06-04,2026-08-13,3,0,0,60,0,0,Fading,No Clear Stress,Capital flow fading,36
2026-09-21,20260921-005246-91e60804,2026-09-21 00:52:46,Recurring Lender,Berkadia,Texas,Senior Housing,2026-07-25,2026-07-27,3,0,60,0,0,0,Fading,No Clear Stress,Capital flow fading,36
2026-09-21,20260921-005246-91e60804,2026-09-21 00:52:46,Institutional Capital Flow,Blackstone,Dallas / Texas,Affordable Housing,2026-08-04,2026-08-06,3,0,0,60,0,0,Fading,No Clear Stress,Capital flow fading,36
2026-09-21,20260921-005246-91e60804,2026-09-21 00:52:46,Institutional Capital Flow,Bridge Investment Group,Other / Unknown,Multifamily,2026-08-07,2026-08-09,3,0,0,60,0,0,Fading,No Clear Stress,Capital flow fading,36
2026-09-21,20260921-005246-91e60804,2026-09-21 00:52:46,Institutional Capital Flow,Brixton Capital,California,Multifamily,2026-08-11,2026-08-13,3,0,0,60,0,0,Fading,No Clear Stress,Capital flow fading,36
2026-09-21,20260921-005246-91e60804,2026-09-21 00:52:46,Institutional Capital Flow,Bronx Multifamily Portfolio Ariel Property Advisors,New York,Apartment,2026-08-29,2026-08-31,3,0,0,60,0,0,Fading,No Clear Stress,Capital flow fading,36
2026-09-21,20260921-005246-91e60804,2026-09-21 00:52:46,Recurring Capital Partner,Brookfield,Other / Unknown,Mixed-Use Residential,2026-07-09,2026-07-12,3,0,0,60,0,0,Fading,No Clear Stress,Capital flow fading,36
2026-09-21,20260921-005246-91e60804,2026-09-21 00:52:46,Institutional Capital Flow,Brookfield,Other / Unknown,Apartment,2026-07-07,2026-08-01,3,0,0,60,0,0,Fading,No Clear Stress,Capital flow fading,36
2026-09-21,20260921-005246-91e60804,2026-09-21 00:52:46,Institutional Capital Flow,Brookfield,Other / Unknown,Mixed-Use Residential,2026-07-09,2026-07-12,3,0,0,60,0,0,Fading,No Clear Stress,Capital flow fading,36
2026-09-21,20260921-005246-91e60804,2026-09-21 00:52:46,Recurring Capital Partner,Brookfield,Washington DC,Office-to-Residential Conversion,2026-09-05,2026-09-07,3,0,0,60,0,0,Fading,No Clear Stress,Capital flow fading,36
2026-09-21,20260921-005246-91e60804,2026-09-21 00:52:46,Institutional Capital Flow,Brookfield,Phoenix / Arizona; Washington DC,Mixed-Use Residential,2026-09-05,2026-09-07,3,0,0,60,0,0,Fading,No Clear Stress,Capital flow fading,36
2026-09-21,20260921-005246-91e60804,2026-09-21 00:52:46,Institutional Capital Flow,Buys Two Miami Affordable Housing Rentals Residential,Miami / Florida,Affordable Housing,2026-08-07,2026-08-09,3,0,0,60,0,0,Fading,No Clear Stress,Capital flow fading,36
2026-09-21,20260921-005246-91e60804,2026-09-21 00:52:46,Institutional Capital Flow,CBRE,California; Phoenix / Arizona; Seattle,Apartment,2026-07-03,2026-07-05,3,0,0,60,0,0,Fading,No Clear Stress,Capital flow fading,36
2026-09-21,20260921-005246-91e60804,2026-09-21 00:52:46,Institutional Capital Flow,CBRE,Miami / Florida; New York City / New York,Multifamily,2026-08-29,2026-08-31,3,0,0,60,0,0,Fading,No Clear Stress,Capital flow fading,36
2026-09-21,20260921-005246-91e60804,2026-09-21 00:52:46,Recurring Lender,CBRE,Sun Belt,General Residential,2026-05-20,2026-09-09,3,0,60,0,0,0,Fading,No Clear Stress,Capital flow fading,36
2026-09-21,20260921-005246-91e60804,2026-09-21 00:52:46,Recurring Lender,CBRE,Seattle,Mixed-Use Residential,2026-07-10,2026-07-12,3,0,60,0,0,0,Fading,No Clear Stress,Capital flow fading,36
2026-09-21,20260921-005246-91e60804,2026-09-21 00:52:46,Institutional Capital Flow,CBRE,Riverside / California; Texas,Apartment,2026-08-21,2026-08-23,3,0,0,60,0,0,Fading,No Clear Stress,Capital flow fading,36
2026-09-21,20260921-005246-91e60804,2026-09-21 00:52:46,Recurring Lender,CBRE,Southeast,General Residential,2026-05-20,2026-05-27,3,0,60,0,0,0,Fading,No Clear Stress,Capital flow fading,36
2026-09-21,20260921-005246-91e60804,2026-09-21 00:52:46,Institutional Capital Flow,CBRE,California; Los Angeles / California; New York City / New York; Seattle,Apartment,2026-08-01,2026-08-03,3,0,0,60,0,0,Fading,No Clear Stress,Capital flow fading,36
2026-09-21,20260921-005246-91e60804,2026-09-21 00:52:46,Institutional Capital Flow,CDK Capital,Miami / Florida,Multifamily,2026-07-10,2026-07-12,3,0,0,60,0,0,Fading,No Clear Stress,Capital flow fading,36
2026-09-21,20260921-005246-91e60804,2026-09-21 00:52:46,Institutional Capital Flow,CONAM,Las Vegas / Nevada,Apartment,2026-08-07,2026-08-09,3,0,0,60,0,0,Fading,No Clear Stress,Capital flow fading,36
2026-09-21,20260921-005246-91e60804,2026-09-21 00:52:46,Institutional Capital Flow,Camden Property Trust,Nashville / Tennessee,Apartment,2026-06-29,2026-09-14,3,0,0,60,0,0,Fading,No Clear Stress,Capital flow fading,36
2026-09-21,20260921-005246-91e60804,2026-09-21 00:52:46,Institutional Capital Flow,Clear Investment Group,Washington DC,Apartment,2026-07-25,2026-07-27,3,0,0,60,0,0,Fading,No Clear Stress,Capital flow fading,36
2026-09-21,20260921-005246-91e60804,2026-09-21 00:52:46,Market-Level Capital Concentration,Colorado,Colorado,Affordable Housing,2026-08-25,2026-08-28,3,0,0,0,0,0,Fading,No Clear Stress,Capital flow fading,36
2026-09-21,20260921-005246-91e60804,2026-09-21 00:52:46,Institutional Capital Flow,Develop Three Student Housing Communities Totaling 2,Miami / Florida,Student Housing,2026-09-12,2026-09-14,3,0,0,60,0,0,Fading,No Clear Stress,Capital flow fading,36
2026-09-21,20260921-005246-91e60804,2026-09-21 00:52:46,Institutional Capital Flow,Drake Group,Other / Unknown,Apartment,2026-08-29,2026-08-31,3,0,0,60,0,0,Fading,No Clear Stress,Capital flow fading,36
2026-09-21,20260921-005246-91e60804,2026-09-21 00:52:46,Institutional Capital Flow,Dwight Capital,Atlanta / Georgia,Apartment,2026-06-27,2026-06-29,3,0,0,60,0,0,Fading,No Clear Stress,Capital flow fading,36
2026-09-21,20260921-005246-91e60804,2026-09-21 00:52:46,Institutional Capital Flow,East Bank,Atlanta / Georgia,Affordable Housing,2026-06-13,2026-06-15,3,0,0,60,0,0,Fading,No Clear Stress,Capital flow fading,36
2026-09-21,20260921-005246-91e60804,2026-09-21 00:52:46,Institutional Capital Flow,Eastham Capital,Houston / Texas,Apartment,2026-07-17,2026-07-19,3,0,0,60,0,0,Fading,No Clear Stress,Capital flow fading,36
2026-09-21,20260921-005246-91e60804,2026-09-21 00:52:46,Institutional Capital Flow,Endeavor Real Estate Group,Dallas / Texas,Multifamily,2026-07-17,2026-07-19,3,0,0,60,0,0,Fading,No Clear Stress,Capital flow fading,36
2026-09-21,20260921-005246-91e60804,2026-09-21 00:52:46,Institutional Capital Flow,Equity Residential,California; National,Apartment,2026-05-21,2026-05-23,3,0,0,60,0,0,Fading,No Clear Stress,Capital flow fading,36
2026-09-21,20260921-005246-91e60804,2026-09-21 00:52:46,Institutional Capital Flow,Equity Residential,National; New York,Apartment,2026-05-25,2026-05-26,3,0,0,60,0,0,Fading,No Clear Stress,Capital flow fading,36
2026-09-21,20260921-005246-91e60804,2026-09-21 00:52:46,Recurring Lender,Fannie Mae,Louisville / Kentucky,Multifamily,2026-08-07,2026-08-09,3,0,60,0,0,0,Fading,No Clear Stress,Capital flow fading,36
2026-09-21,20260921-005246-91e60804,2026-09-21 00:52:46,Institutional Capital Flow,Fannie Mae,New York; Other / Unknown,Affordable Housing,2026-07-25,2026-07-27,3,0,0,60,0,0,Fading,No Clear Stress,Capital flow fading,36
2026-09-21,20260921-005246-91e60804,2026-09-21 00:52:46,Recurring Lender,Fannie Mae,National,Apartment,2026-05-25,2026-05-26,3,0,60,0,0,0,Fading,No Clear Stress,Capital flow fading,36
2026-09-21,20260921-005246-91e60804,2026-09-21 00:52:46,Institutional Capital Flow,First-Ever Sale The Mogharebi Group,California,Apartment,2026-07-21,2026-07-24,3,0,0,60,0,0,Fading,No Clear Stress,Capital flow fading,36
2026-09-21,20260921-005246-91e60804,2026-09-21 00:52:46,Institutional Capital Flow,Four Mile Capital,Louisville / Kentucky,Apartment,2026-07-10,2026-07-12,3,0,0,60,0,0,Fading,No Clear Stress,Capital flow fading,36
2026-09-21,20260921-005246-91e60804,2026-09-21 00:52:46,Recurring Lender,Freddie Mac,Los Angeles / California,Affordable Housing,2026-09-15,2026-09-17,3,0,60,0,0,0,Fading,No Clear Stress,Capital flow fading,36
2026-09-21,20260921-005246-91e60804,2026-09-21 00:52:46,Institutional Capital Flow,Freddie Mac,Los Angeles / California,Apartment,2026-08-14,2026-08-16,3,0,0,60,0,0,Fading,No Clear Stress,Capital flow fading,36
2026-09-21,20260921-005246-91e60804,2026-09-21 00:52:46,Institutional Capital Flow,Freddie Mac,California; Los Angeles / California,Affordable Housing,2026-09-15,2026-09-17,3,0,0,60,0,0,Fading,No Clear Stress,Capital flow fading,36
2026-09-21,20260921-005246-91e60804,2026-09-21 00:52:46,Recurring Lender,Freddie Mac,Atlanta / Georgia,Apartment,2026-07-13,2026-07-15,3,0,60,0,0,0,Fading,No Clear Stress,Capital flow fading,36
2026-09-21,20260921-005246-91e60804,2026-09-21 00:52:46,Institutional Capital Flow,Freddie Mac,California; Other / Unknown,Apartment,2026-09-03,2026-09-13,3,0,0,60,0,0,Fading,No Clear Stress,Capital flow fading,36
2026-09-21,20260921-005246-91e60804,2026-09-21 00:52:46,Institutional Capital Flow,GREA,Other / Unknown,Apartment,2026-08-14,2026-08-16,3,0,0,60,0,0,Fading,No Clear Stress,Capital flow fading,36
2026-09-21,20260921-005246-91e60804,2026-09-21 00:52:46,Institutional Capital Flow,Greenstone Partners,Other / Unknown,Multifamily,2026-08-29,2026-08-31,3,0,0,60,0,0,Fading,No Clear Stress,Capital flow fading,36
2026-09-21,20260921-005246-91e60804,2026-09-21 00:52:46,Institutional Capital Flow,Greystar,Los Angeles / California,Apartment,2026-06-27,2026-06-29,3,0,0,60,0,0,Fading,No Clear Stress,Capital flow fading,36
2026-09-21,20260921-005246-91e60804,2026-09-21 00:52:46,Institutional Capital Flow,Greystar,Sun Belt,Apartment,2026-08-27,2026-08-31,3,0,0,60,0,0,Fading,No Clear Stress,Capital flow fading,36
2026-09-21,20260921-005246-91e60804,2026-09-21 00:52:46,Institutional Capital Flow,Greystar,San Francisco / California,General Residential,2026-08-14,2026-08-16,3,0,0,60,0,0,Fading,No Clear Stress,Capital flow fading,36
2026-09-21,20260921-005246-91e60804,2026-09-21 00:52:46,Institutional Capital Flow,Greystar,Los Angeles / California,Mixed-Use Residential,2026-07-10,2026-07-12,3,0,0,60,0,0,Fading,No Clear Stress,Capital flow fading,36
2026-09-21,20260921-005246-91e60804,2026-09-21 00:52:46,Institutional Capital Flow,Greystone,National; New York,Affordable Housing,2026-07-17,2026-07-19,3,0,0,60,0,0,Fading,No Clear Stress,Capital flow fading,36
2026-09-21,20260921-005246-91e60804,2026-09-21 00:52:46,Institutional Capital Flow,Harbor Group International,Washington DC,Office-to-Residential Conversion,2026-09-05,2026-09-07,3,0,0,60,0,0,Fading,No Clear Stress,Capital flow fading,36
2026-09-21,20260921-005246-91e60804,2026-09-21 00:52:46,Institutional Capital Flow,High Street Residential,New York City / New York,Affordable Housing,2026-08-14,2026-08-16,3,0,0,60,0,0,Fading,No Clear Stress,Capital flow fading,36
2026-09-21,20260921-005246-91e60804,2026-09-21 00:52:46,Institutional Capital Flow,High Street Residential,Santa Monica / California,Mixed-Use Residential,2026-07-07,2026-07-10,3,0,0,60,0,0,Fading,No Clear Stress,Capital flow fading,36
2026-09-21,20260921-005246-91e60804,2026-09-21 00:52:46,Institutional Capital Flow,ICON Real Estate Advisors,Other / Unknown,Apartment,2026-06-26,2026-08-18,3,0,0,60,0,0,Fading,No Clear Stress,Capital flow fading,36
2026-09-21,20260921-005246-91e60804,2026-09-21 00:52:46,Institutional Capital Flow,IPA,Miami / Florida; National,Apartment,2026-07-20,2026-07-26,3,0,0,60,0,0,Fading,No Clear Stress,Capital flow fading,36
2026-09-21,20260921-005246-91e60804,2026-09-21 00:52:46,Institutional Capital Flow,IPA,Dallas / Texas; Miami / Florida,Apartment,2026-07-07,2026-08-06,3,0,0,60,0,0,Fading,No Clear Stress,Capital flow fading,36
2026-09-21,20260921-005246-91e60804,2026-09-21 00:52:46,Institutional Capital Flow,IPA,Dallas / Texas; Phoenix / Arizona,Apartment,2026-06-16,2026-06-19,3,0,0,60,0,0,Fading,No Clear Stress,Capital flow fading,36
2026-09-21,20260921-005246-91e60804,2026-09-21 00:52:46,Institutional Capital Flow,IPA,Miami / Florida; Riverside / California; West Palm Beach / Florida,Apartment,2026-08-05,2026-08-09,3,0,0,60,0,0,Fading,No Clear Stress,Capital flow fading,36
2026-09-21,20260921-005246-91e60804,2026-09-21 00:52:46,Institutional Capital Flow,IPA,California; Connecticut,Apartment,2026-06-08,2026-06-11,3,0,0,60,0,0,Fading,No Clear Stress,Capital flow fading,36
2026-09-21,20260921-005246-91e60804,2026-09-21 00:52:46,Institutional Capital Flow,Izo Capital,Other / Unknown,Apartment,2026-08-01,2026-08-03,3,0,0,60,0,0,Fading,No Clear Stress,Capital flow fading,36
2026-09-21,20260921-005246-91e60804,2026-09-21 00:52:46,Institutional Capital Flow,JLL,Miami / Florida,Mixed-Use Residential,2026-07-17,2026-07-19,3,0,0,60,0,0,Fading,No Clear Stress,Capital flow fading,36
2026-09-21,20260921-005246-91e60804,2026-09-21 00:52:46,Recurring Lender,JLL,National,Apartment,2026-09-03,2026-09-04,3,0,60,0,0,0,Fading,No Clear Stress,Capital flow fading,36
2026-09-21,20260921-005246-91e60804,2026-09-21 00:52:46,Institutional Capital Flow,JLL,Atlanta / Georgia; Other / Unknown,Apartment,2026-08-01,2026-08-03,3,0,0,60,0,0,Fading,No Clear Stress,Capital flow fading,36
2026-09-21,20260921-005246-91e60804,2026-09-21 00:52:46,Recurring Lender,JLL,Other / Unknown,Mixed-Use Residential,2026-06-23,2026-08-28,3,0,60,0,0,0,Fading,No Clear Stress,Capital flow fading,36
2026-09-21,20260921-005246-91e60804,2026-09-21 00:52:46,Institutional Capital Flow,JLL,California; New York City / New York,Affordable Housing,2026-06-06,2026-06-07,3,0,0,60,0,0,Fading,No Clear Stress,Capital flow fading,36
2026-09-21,20260921-005246-91e60804,2026-09-21 00:52:46,Institutional Capital Flow,JLL,California; Dallas / Texas,Apartment,2026-06-10,2026-06-12,3,0,0,60,0,0,Fading,No Clear Stress,Capital flow fading,36
2026-09-21,20260921-005246-91e60804,2026-09-21 00:52:46,Institutional Capital Flow,JLL,Other / Unknown,Apartment,2026-07-07,2026-09-13,3,0,0,60,0,0,Fading,No Clear Stress,Capital flow fading,36
2026-09-21,20260921-005246-91e60804,2026-09-21 00:52:46,Recurring Lender,JLL,National,Mixed-Use Residential,2026-08-07,2026-08-09,3,0,60,0,0,0,Fading,No Clear Stress,Capital flow fading,36
2026-09-21,20260921-005246-91e60804,2026-09-21 00:52:46,Institutional Capital Flow,JLL,California; Other / Unknown,Apartment,2026-08-14,2026-08-16,3,0,0,60,0,0,Fading,No Clear Stress,Capital flow fading,36
2026-09-21,20260921-005246-91e60804,2026-09-21 00:52:46,Recurring Lender,JLL,Texas,Apartment,2026-06-18,2026-08-05,3,0,60,0,0,0,Fading,No Clear Stress,Capital flow fading,36
2026-09-21,20260921-005246-91e60804,2026-09-21 00:52:46,Institutional Capital Flow,JLL,Miami / Florida,Apartment,2026-07-10,2026-07-12,3,0,0,60,0,0,Fading,No Clear Stress,Capital flow fading,36
2026-09-21,20260921-005246-91e60804,2026-09-21 00:52:46,Institutional Capital Flow,JPI,California,Affordable Housing,2026-07-21,2026-07-24,3,0,0,60,0,0,Fading,No Clear Stress,Capital flow fading,36
2026-09-21,20260921-005246-91e60804,2026-09-21 00:52:46,Institutional Capital Flow,Kairoi Residential,Austin / Texas,Mixed-Use Residential,2026-09-02,2026-09-04,3,0,0,60,0,0,Fading,No Clear Stress,Capital flow fading,36
2026-09-21,20260921-005246-91e60804,2026-09-21 00:52:46,Institutional Capital Flow,Kennedy Wilson,Los Angeles / California; Riverside / California,Affordable Housing,2026-07-04,2026-07-06,3,0,0,60,0,0,Fading,No Clear Stress,Capital flow fading,36
2026-09-21,20260921-005246-91e60804,2026-09-21 00:52:46,Institutional Capital Flow,KeyBank,Miami / Florida,Student Housing,2026-08-29,2026-08-31,3,0,0,60,0,0,Fading,No Clear Stress,Capital flow fading,36
2026-09-21,20260921-005246-91e60804,2026-09-21 00:52:46,Institutional Capital Flow,KeyBank,National,Affordable Housing,2026-06-27,2026-06-29,3,0,0,60,0,0,Fading,No Clear Stress,Capital flow fading,36
2026-09-21,20260921-005246-91e60804,2026-09-21 00:52:46,Institutional Capital Flow,Kolter Group,Miami / Florida,Apartment,2026-06-20,2026-06-22,3,0,0,60,0,0,Fading,No Clear Stress,Capital flow fading,36
2026-09-21,20260921-005246-91e60804,2026-09-21 00:52:46,Institutional Capital Flow,LXMI Capital,Texas,Multifamily,2026-08-17,2026-08-19,3,0,0,60,0,0,Fading,No Clear Stress,Capital flow fading,36
2026-09-21,20260921-005246-91e60804,2026-09-21 00:52:46,Market-Level Capital Concentration,Louisiana,Louisiana,Multifamily,2026-08-21,2026-08-24,3,0,0,0,0,0,Fading,No Clear Stress,Capital flow fading,36
2026-09-21,20260921-005246-91e60804,2026-09-21 00:52:46,Market-Level Capital Concentration,Louisville / Kentucky,Louisville / Kentucky,Apartment,2026-07-10,2026-07-12,3,0,0,0,0,0,Fading,No Clear Stress,Capital flow fading,36
2026-09-21,20260921-005246-91e60804,2026-09-21 00:52:46,Institutional Capital Flow,M&T Realty Capital,New York City / New York,Apartment,2026-07-25,2026-07-27,3,0,0,60,0,0,Fading,No Clear Stress,Capital flow fading,36
2026-09-21,20260921-005246-91e60804,2026-09-21 00:52:46,Institutional Capital Flow,MAA,National,Apartment,2026-08-01,2026-08-03,3,0,0,60,0,0,Fading,No Clear Stress,Capital flow fading,36
2026-09-21,20260921-005246-91e60804,2026-09-21 00:52:46,Institutional Capital Flow,MAG Partners,New York City / New York,Apartment,2026-07-17,2026-07-19,3,0,0,60,0,0,Fading,No Clear Stress,Capital flow fading,36
2026-09-21,20260921-005246-91e60804,2026-09-21 00:52:46,Institutional Capital Flow,Madison Capital Group,Georgia,Mixed-Use Residential,2026-07-10,2026-07-12,3,0,0,60,0,0,Fading,No Clear Stress,Capital flow fading,36
2026-09-21,20260921-005246-91e60804,2026-09-21 00:52:46,Institutional Capital Flow,Madison Realty Capital,New York City / New York,Apartment,2026-06-19,2026-07-02,3,0,0,60,0,0,Fading,No Clear Stress,Capital flow fading,36
2026-09-21,20260921-005246-91e60804,2026-09-21 00:52:46,Institutional Capital Flow,Marcus & Millichap,Beverly Hills / California; Los Angeles / California,Mixed-Use Residential,2026-06-13,2026-06-15,3,0,0,60,0,0,Fading,No Clear Stress,Capital flow fading,36
2026-09-21,20260921-005246-91e60804,2026-09-21 00:52:46,Institutional Capital Flow,Marcus & Millichap,California; Dallas / Texas; Los Angeles / California,Apartment,2026-08-03,2026-09-17,3,0,0,60,0,0,Fading,No Clear Stress,Capital flow fading,36
2026-09-21,20260921-005246-91e60804,2026-09-21 00:52:46,Institutional Capital Flow,Marcus & Millichap,Houston / Texas; Other / Unknown,Apartment,2026-06-27,2026-06-29,3,0,0,60,0,0,Fading,No Clear Stress,Capital flow fading,36
2026-09-21,20260921-005246-91e60804,2026-09-21 00:52:46,Institutional Capital Flow,Mavrek,National,Apartment,2026-09-12,2026-09-14,3,0,0,60,0,0,Fading,No Clear Stress,Capital flow fading,36
2026-09-21,20260921-005246-91e60804,2026-09-21 00:52:46,Institutional Capital Flow,Mesa West Capital,Los Angeles / California; Seattle,Apartment,2026-08-07,2026-08-09,3,0,0,60,0,0,Fading,No Clear Stress,Capital flow fading,36
2026-09-21,20260921-005246-91e60804,2026-09-21 00:52:46,Institutional Capital Flow,Millichap Capital,Houston / Texas,Apartment,2026-06-27,2026-06-29,3,0,0,60,0,0,Fading,No Clear Stress,Capital flow fading,36
2026-09-21,20260921-005246-91e60804,2026-09-21 00:52:46,Institutional Capital Flow,Millichap Capital,Los Angeles / California,General Residential,2026-07-09,2026-07-13,3,0,0,60,0,0,Fading,No Clear Stress,Capital flow fading,36
2026-09-21,20260921-005246-91e60804,2026-09-21 00:52:46,Institutional Capital Flow,Millichap Capital,Los Angeles / California; Other / Unknown,Multifamily,2026-07-10,2026-07-12,3,0,0,60,0,0,Fading,No Clear Stress,Capital flow fading,36
2026-09-21,20260921-005246-91e60804,2026-09-21 00:52:46,Institutional Capital Flow,Millichap Capital,Beverly Hills / California; Los Angeles / California,Mixed-Use Residential,2026-06-13,2026-06-15,3,0,0,60,0,0,Fading,No Clear Stress,Capital flow fading,36
2026-09-21,20260921-005246-91e60804,2026-09-21 00:52:46,Institutional Capital Flow,Modus Real Estate,Denver / Colorado,General Residential,2026-06-13,2026-06-15,3,0,0,60,0,0,Fading,No Clear Stress,Capital flow fading,36
2026-09-21,20260921-005246-91e60804,2026-09-21 00:52:46,Institutional Capital Flow,Multifamily East Village Investments,New York City / New York,Multifamily,2026-06-13,2026-06-15,3,0,0,60,0,0,Fading,No Clear Stress,Capital flow fading,36
2026-09-21,20260921-005246-91e60804,2026-09-21 00:52:46,Institutional Capital Flow,NRP Group,Florida,Apartment,2026-08-14,2026-08-16,3,0,0,60,0,0,Fading,No Clear Stress,Capital flow fading,36
2026-09-21,20260921-005246-91e60804,2026-09-21 00:52:46,Market-Level Capital Concentration,Nashville / Tennessee,Nashville / Tennessee,Mixed-Use Residential,2026-08-01,2026-08-03,3,0,0,0,0,0,Fading,No Clear Stress,Capital flow fading,36
2026-09-21,20260921-005246-91e60804,2026-09-21 00:52:46,Market-Level Capital Concentration,Northern Virginia / Virginia,Northern Virginia / Virginia,Office-to-Residential Conversion,2026-06-01,2026-06-01,3,0,0,0,0,0,Fading,No Clear Stress,Capital flow fading,36
2026-09-21,20260921-005246-91e60804,2026-09-21 00:52:46,Institutional Capital Flow,PCCP,Seattle,Mixed-Use Residential,2026-09-12,2026-09-14,3,0,0,60,0,0,Fading,No Clear Stress,Capital flow fading,36
2026-09-21,20260921-005246-91e60804,2026-09-21 00:52:46,Institutional Capital Flow,PCCP,Dallas / Texas,Apartment,2026-08-19,2026-08-23,3,0,0,60,0,0,Fading,No Clear Stress,Capital flow fading,36
2026-09-21,20260921-005246-91e60804,2026-09-21 00:52:46,Institutional Capital Flow,PMG,Sun Belt,Apartment,2026-05-19,2026-05-20,3,0,0,60,0,0,Fading,No Clear Stress,Capital flow fading,36
2026-09-21,20260921-005246-91e60804,2026-09-21 00:52:46,Institutional Capital Flow,Palm Beach County Residential,Miami / Florida,Multifamily,2026-06-27,2026-06-29,3,0,0,60,0,0,Fading,No Clear Stress,Capital flow fading,36
2026-09-21,20260921-005246-91e60804,2026-09-21 00:52:46,Institutional Capital Flow,Palm Coast Apartments Evolve Companies,West Palm Beach / Florida,Apartment,2026-09-12,2026-09-14,3,0,0,60,0,0,Fading,No Clear Stress,Capital flow fading,36
2026-09-21,20260921-005246-91e60804,2026-09-21 00:52:46,Institutional Capital Flow,Paul Bubny 141 Willoughby Residential,New York City / New York,Apartment,2026-09-12,2026-09-14,3,0,0,60,0,0,Fading,No Clear Stress,Capital flow fading,36
2026-09-21,20260921-005246-91e60804,2026-09-21 00:52:46,Institutional Capital Flow,Ponce Bank,New York City / New York,Apartment,2026-07-17,2026-07-19,3,0,0,60,0,0,Fading,No Clear Stress,Capital flow fading,36
2026-09-21,20260921-005246-91e60804,2026-09-21 00:52:46,Institutional Capital Flow,Prime Residential,Los Angeles / California,Apartment,2026-07-17,2026-07-19,3,0,0,60,0,0,Fading,No Clear Stress,Capital flow fading,36
2026-09-21,20260921-005246-91e60804,2026-09-21 00:52:46,Institutional Capital Flow,RXR,New York City / New York,Multifamily,2026-07-17,2026-07-19,3,0,0,60,0,0,Fading,No Clear Stress,Capital flow fading,36
2026-09-21,20260921-005246-91e60804,2026-09-21 00:52:46,Institutional Capital Flow,Red Oak Capital,Atlanta / Georgia,Apartment,2026-06-20,2026-06-22,3,0,0,60,0,0,Fading,No Clear Stress,Capital flow fading,36
2026-09-21,20260921-005246-91e60804,2026-09-21 00:52:46,Institutional Capital Flow,Redevelopment Opportunity Whitewater Commercial Real Estate,California,Multifamily,2026-06-23,2026-06-25,3,0,0,60,0,0,Fading,No Clear Stress,Capital flow fading,36
2026-09-21,20260921-005246-91e60804,2026-09-21 00:52:46,Institutional Capital Flow,Redstone Bank,New York City / New York,Affordable Housing,2026-07-10,2026-07-12,3,0,0,60,0,0,Fading,No Clear Stress,Capital flow fading,36
2026-09-21,20260921-005246-91e60804,2026-09-21 00:52:46,Recurring Capital Partner,Related Companies,Other / Unknown,Apartment,2026-08-07,2026-08-31,3,0,0,60,0,0,Fading,No Clear Stress,Capital flow fading,36
2026-09-21,20260921-005246-91e60804,2026-09-21 00:52:46,Recurring Capital Partner,Related Companies,Tampa / Florida,Apartment,2026-06-20,2026-06-22,3,0,0,60,0,0,Fading,No Clear Stress,Capital flow fading,36
2026-09-21,20260921-005246-91e60804,2026-09-21 00:52:46,Recurring Capital Partner,Related Companies,Phoenix / Arizona,General Residential,2026-08-14,2026-08-16,3,0,0,60,0,0,Fading,No Clear Stress,Capital flow fading,36
2026-09-21,20260921-005246-91e60804,2026-09-21 00:52:46,Institutional Capital Flow,Riverside Townhome Community Canyon Partners Real Estate,Riverside / California,Apartment,2026-09-02,2026-09-04,3,0,0,60,0,0,Fading,No Clear Stress,Capital flow fading,36
2026-09-21,20260921-005246-91e60804,2026-09-21 00:52:46,Institutional Capital Flow,Rubenstein Partners,Other / Unknown,General Residential,2026-06-27,2026-06-29,3,0,0,60,0,0,Fading,No Clear Stress,Capital flow fading,36
2026-09-21,20260921-005246-91e60804,2026-09-21 00:52:46,Institutional Capital Flow,S3 Capital,Miami / Florida,Apartment,2026-08-14,2026-08-16,3,0,0,60,0,0,Fading,No Clear Stress,Capital flow fading,36
2026-09-21,20260921-005246-91e60804,2026-09-21 00:52:46,Institutional Capital Flow,SAGE,Other / Unknown,Multifamily,2026-07-17,2026-07-19,3,0,0,60,0,0,Fading,No Clear Stress,Capital flow fading,36
2026-09-21,20260921-005246-91e60804,2026-09-21 00:52:46,Market-Level Capital Concentration,San Francisco / California,San Francisco / California,Office-to-Residential Conversion,2026-07-28,2026-07-31,3,0,0,0,0,0,Fading,No Clear Stress,Capital flow fading,36
2026-09-21,20260921-005246-91e60804,2026-09-21 00:52:46,Market-Level Capital Concentration,Santa Monica / California,Santa Monica / California,Student Housing,2026-08-25,2026-08-28,3,0,0,0,0,0,Fading,No Clear Stress,Capital flow fading,36
2026-09-21,20260921-005246-91e60804,2026-09-21 00:52:46,Market-Level Capital Concentration,Santa Monica / California,Santa Monica / California,Mixed-Use Residential,2026-07-07,2026-07-10,3,0,0,0,0,0,Fading,No Clear Stress,Capital flow fading,36
2026-09-21,20260921-005246-91e60804,2026-09-21 00:52:46,Institutional Capital Flow,Scion Group,Atlanta / Georgia; Phoenix / Arizona,Student Housing,2026-06-11,2026-06-15,3,0,0,60,0,0,Fading,No Clear Stress,Capital flow fading,36
2026-09-21,20260921-005246-91e60804,2026-09-21 00:52:46,Institutional Capital Flow,Scopus Property Management,West Palm Beach / Florida,Multifamily,2026-07-25,2026-07-27,3,0,0,60,0,0,Fading,No Clear Stress,Capital flow fading,36
2026-09-21,20260921-005246-91e60804,2026-09-21 00:52:46,Institutional Capital Flow,Slatt Capital,California,Apartment,2026-07-07,2026-07-10,3,0,0,60,0,0,Fading,No Clear Stress,Capital flow fading,36
2026-09-21,20260921-005246-91e60804,2026-09-21 00:52:46,Institutional Capital Flow,Somerset Companies,Washington DC,Apartment,2026-08-21,2026-08-23,3,0,0,60,0,0,Fading,No Clear Stress,Capital flow fading,36
2026-09-21,20260921-005246-91e60804,2026-09-21 00:52:46,Market-Level Capital Concentration,Southeast,Southeast,General Residential,2026-05-20,2026-05-27,3,0,0,0,0,0,Fading,No Clear Stress,Capital flow fading,36
2026-09-21,20260921-005246-91e60804,2026-09-21 00:52:46,Institutional Capital Flow,TSB Capital Advisors,Phoenix / Arizona,Student Housing,2026-07-17,2026-07-19,3,0,0,60,0,0,Fading,No Clear Stress,Capital flow fading,36
2026-09-21,20260921-005246-91e60804,2026-09-21 00:52:46,Institutional Capital Flow,Taconic Partners,New York City / New York,Multifamily,2026-09-12,2026-09-14,3,0,0,60,0,0,Fading,No Clear Stress,Capital flow fading,36
2026-09-21,20260921-005246-91e60804,2026-09-21 00:52:46,Market-Level Capital Concentration,Tampa / Florida,Tampa / Florida,BTR / Single-Family Rental,2026-07-20,2026-08-07,3,0,0,0,0,0,Fading,No Clear Stress,Capital flow fading,36
2026-09-21,20260921-005246-91e60804,2026-09-21 00:52:46,Institutional Capital Flow,Tampa-Area Apartments Trilogy Real Estate Group,Tampa / Florida,Apartment,2026-07-25,2026-07-27,3,0,0,60,0,0,Fading,No Clear Stress,Capital flow fading,36
2026-09-21,20260921-005246-91e60804,2026-09-21 00:52:46,Market-Level Capital Concentration,Texas,Texas,General Residential,2026-06-25,2026-08-27,3,0,0,0,0,0,Fading,No Clear Stress,Capital flow fading,36
2026-09-21,20260921-005246-91e60804,2026-09-21 00:52:46,Institutional Capital Flow,Three Texas Rental Communities,Houston / Texas,Apartment,2026-08-11,2026-08-13,3,0,0,60,0,0,Fading,No Clear Stress,Capital flow fading,36
2026-09-21,20260921-005246-91e60804,2026-09-21 00:52:46,Institutional Capital Flow,Tishman Speyer,California; Riverside / California; Washington DC,Apartment,2026-09-05,2026-09-07,3,0,0,60,0,0,Fading,No Clear Stress,Capital flow fading,36
2026-09-21,20260921-005246-91e60804,2026-09-21 00:52:46,Institutional Capital Flow,Tree Street Group,Other / Unknown,Mixed-Use Residential,2026-07-17,2026-07-19,3,0,0,60,0,0,Fading,No Clear Stress,Capital flow fading,36
2026-09-21,20260921-005246-91e60804,2026-09-21 00:52:46,Institutional Capital Flow,Triten Real Estate Partners,Houston / Texas,Multifamily,2026-08-14,2026-08-16,3,0,0,60,0,0,Fading,No Clear Stress,Capital flow fading,36
2026-09-21,20260921-005246-91e60804,2026-09-21 00:52:46,Institutional Capital Flow,Two Class A Multifamily Communities,Colorado,Apartment,2026-08-21,2026-08-24,3,0,0,60,0,0,Fading,No Clear Stress,Capital flow fading,36
2026-09-21,20260921-005246-91e60804,2026-09-21 00:52:46,Institutional Capital Flow,Two Multifamily Communities,Colorado,Apartment,2026-08-21,2026-08-23,3,0,0,60,0,0,Fading,No Clear Stress,Capital flow fading,36
2026-09-21,20260921-005246-91e60804,2026-09-21 00:52:46,Institutional Capital Flow,Two Texas Rental Communities,Dallas / Texas,Apartment,2026-07-13,2026-07-15,3,0,0,60,0,0,Fading,No Clear Stress,Capital flow fading,36
2026-09-21,20260921-005246-91e60804,2026-09-21 00:52:46,Institutional Capital Flow,UDR,Atlanta / Georgia,Apartment,2026-07-13,2026-07-15,3,0,0,60,0,0,Fading,No Clear Stress,Capital flow fading,36
2026-09-21,20260921-005246-91e60804,2026-09-21 00:52:46,Institutional Capital Flow,US Bank,Florida,Apartment,2026-06-20,2026-06-22,3,0,0,60,0,0,Fading,No Clear Stress,Capital flow fading,36
2026-09-21,20260921-005246-91e60804,2026-09-21 00:52:46,Institutional Capital Flow,Valley National Bank,Miami / Florida,Multifamily,2026-08-07,2026-08-09,3,0,0,60,0,0,Fading,No Clear Stress,Capital flow fading,36
2026-09-21,20260921-005246-91e60804,2026-09-21 00:52:46,Institutional Capital Flow,Vantage Communities,Colorado,Apartment,2026-08-29,2026-08-31,3,0,0,60,0,0,Fading,No Clear Stress,Capital flow fading,36
2026-09-21,20260921-005246-91e60804,2026-09-21 00:52:46,Institutional Capital Flow,Walker & Dunlop,Los Angeles / California,Apartment,2026-08-14,2026-08-16,3,0,0,60,0,0,Fading,No Clear Stress,Capital flow fading,36
2026-09-21,20260921-005246-91e60804,2026-09-21 00:52:46,Institutional Capital Flow,Waterton,California,Apartment,2026-09-12,2026-09-14,3,0,0,60,0,0,Fading,No Clear Stress,Capital flow fading,36
2026-09-21,20260921-005246-91e60804,2026-09-21 00:52:46,Institutional Capital Flow,Winchester Partners,Connecticut,Affordable Housing,2026-06-13,2026-06-15,3,0,0,60,0,0,Fading,No Clear Stress,Capital flow fading,36
2026-09-21,20260921-005246-91e60804,2026-09-21 00:52:46,Recurring Capital Partner,ares,Dallas / Texas,Apartment,2026-07-01,2026-07-03,3,0,0,60,0,0,Fading,No Clear Stress,Capital flow fading,36
2026-09-21,20260921-005246-91e60804,2026-09-21 00:52:46,Recurring Capital Partner,ares,San Francisco / California,Apartment,2026-07-28,2026-07-31,3,0,0,60,0,0,Fading,No Clear Stress,Capital flow fading,36
2026-09-21,20260921-005246-91e60804,2026-09-21 00:52:46,Recurring Capital Partner,avalonbay,San Francisco / California,Apartment,2026-09-07,2026-09-09,3,0,0,60,0,0,Fading,No Clear Stress,Capital flow fading,36
2026-09-21,20260921-005246-91e60804,2026-09-21 00:52:46,Recurring Capital Partner,camden,Beverly Hills / California,Affordable Housing,2026-07-28,2026-07-30,3,0,0,60,0,0,Fading,No Clear Stress,Capital flow fading,36
2026-09-21,20260921-005246-91e60804,2026-09-21 00:52:46,Recurring Capital Partner,camden,Nashville / Tennessee,Apartment,2026-06-29,2026-09-14,3,0,0,60,0,0,Fading,No Clear Stress,Capital flow fading,36
2026-09-21,20260921-005246-91e60804,2026-09-21 00:52:46,Recurring Capital Partner,carlyle,New York City / New York,Mixed-Use Residential,2026-07-25,2026-07-27,3,0,0,60,0,0,Fading,No Clear Stress,Capital flow fading,36
2026-09-21,20260921-005246-91e60804,2026-09-21 00:52:46,Recurring Lender,cushman,Dallas / Texas,Apartment,2026-07-13,2026-07-15,3,0,60,0,0,0,Fading,No Clear Stress,Capital flow fading,36
2026-09-21,20260921-005246-91e60804,2026-09-21 00:52:46,Recurring Lender,cushman,New York City / New York,General Residential,2026-06-20,2026-06-22,3,0,60,0,0,0,Fading,No Clear Stress,Capital flow fading,36
2026-09-21,20260921-005246-91e60804,2026-09-21 00:52:46,Recurring Lender,cushman,Denver / Colorado,General Residential,2026-07-17,2026-07-19,3,0,60,0,0,0,Fading,No Clear Stress,Capital flow fading,36
2026-09-21,20260921-005246-91e60804,2026-09-21 00:52:46,Recurring Capital Partner,essex,New York,Apartment,2026-08-21,2026-08-23,3,0,0,60,0,0,Fading,No Clear Stress,Capital flow fading,36
2026-09-21,20260921-005246-91e60804,2026-09-21 00:52:46,Recurring Lender,keybank,Miami / Florida,Student Housing,2026-08-29,2026-08-31,3,0,60,0,0,0,Fading,No Clear Stress,Capital flow fading,36
2026-09-21,20260921-005246-91e60804,2026-09-21 00:52:46,Recurring Lender,northmarq,New York City / New York,General Residential,2026-08-21,2026-08-23,3,0,60,0,0,0,Fading,No Clear Stress,Capital flow fading,36
2026-09-21,20260921-005246-91e60804,2026-09-21 00:52:46,Recurring Lender,northmarq,Other / Unknown,Multifamily,2026-08-25,2026-09-04,3,0,60,0,0,0,Fading,No Clear Stress,Capital flow fading,36
2026-09-21,20260921-005246-91e60804,2026-09-21 00:52:46,Recurring Capital Partner,starwood,Miami / Florida,Affordable Housing,2026-08-07,2026-08-09,3,0,0,60,0,0,Fading,No Clear Stress,Capital flow fading,36
2026-09-21,20260921-005246-91e60804,2026-09-21 00:52:46,Recurring Capital Partner,starwood,Miami / Florida,Student Housing,2026-09-12,2026-09-14,3,0,0,60,0,0,Fading,No Clear Stress,Capital flow fading,36
2026-09-21,20260921-005246-91e60804,2026-09-21 00:52:46,Recurring Capital Partner,udr,Atlanta / Georgia,Apartment,2026-07-13,2026-07-15,3,0,0,60,0,0,Fading,No Clear Stress,Capital flow fading,36
2026-09-21,20260921-005246-91e60804,2026-09-21 00:52:46,Recurring Lender,walker & dunlop,New York,Affordable Housing,2026-06-08,2026-06-10,3,0,60,0,0,0,Fading,No Clear Stress,Capital flow fading,36
2026-09-21,20260921-005246-91e60804,2026-09-21 00:52:46,Institutional Capital Flow,IPA,Miami / Florida,Multifamily,2026-09-21,2026-09-21,1,1,0,20,0,0,Increasing,No Clear Stress,Capital concentration increasing,35
2026-09-21,20260921-005246-91e60804,2026-09-21 00:52:46,Market-Level Capital Concentration,Baton Rouge / Louisiana,Baton Rouge / Louisiana,Multifamily,2026-07-31,2026-08-24,2,0,0,0,1,0,Fading,Monitor Debt Conditions,Capital flow fading,34
2026-09-21,20260921-005246-91e60804,2026-09-21 00:52:46,Recurring Lender,CBRE,Other / Unknown,General Residential,2026-07-28,2026-09-01,2,0,40,0,1,0,Fading,Monitor Debt Conditions,Capital flow fading,34
2026-09-21,20260921-005246-91e60804,2026-09-21 00:52:46,Recurring Lender,CBRE,Other / Unknown,Multifamily,2026-06-25,2026-09-18,2,0,40,0,0,1,Fading,No Clear Stress,Capital flow fading,34
2026-09-21,20260921-005246-91e60804,2026-09-21 00:52:46,Recurring Lender,Freddie Mac,Washington DC,Apartment,2026-07-23,2026-07-28,2,0,40,0,0,1,Fading,No Clear Stress,Capital flow fading,34
2026-09-21,20260921-005246-91e60804,2026-09-21 00:52:46,Recurring Lender,JLL,Georgia,BTR / Single-Family Rental,2026-06-19,2026-08-17,2,0,40,0,0,1,Fading,No Clear Stress,Capital flow fading,34
2026-09-21,20260921-005246-91e60804,2026-09-21 00:52:46,Recurring Lender,JLL,Denver / Colorado,Apartment,2026-06-17,2026-08-10,2,0,40,0,1,0,Fading,Monitor Debt Conditions,Capital flow fading,34
2026-09-21,20260921-005246-91e60804,2026-09-21 00:52:46,Market-Level Capital Concentration,Salt Lake City / Utah,Salt Lake City / Utah,Apartment,2026-07-21,2026-08-12,2,0,0,0,1,0,Fading,Monitor Debt Conditions,Capital flow fading,34
2026-09-21,20260921-005246-91e60804,2026-09-21 00:52:46,Recurring Lender,wells fargo,New York City / New York,Affordable Housing,2026-08-11,2026-08-11,2,0,40,0,0,1,Fading,No Clear Stress,Capital flow fading,34
2026-09-21,20260921-005246-91e60804,2026-09-21 00:52:46,Institutional Capital Flow,Abanca Bank,Florida,Multifamily,2026-08-06,2026-08-07,2,0,0,40,0,0,Fading,No Clear Stress,Capital flow fading,24
2026-09-21,20260921-005246-91e60804,2026-09-21 00:52:46,Institutional Capital Flow,Adirondack Capital,New York,Apartment,2026-07-24,2026-09-04,2,0,0,40,0,0,Fading,No Clear Stress,Capital flow fading,24
2026-09-21,20260921-005246-91e60804,2026-09-21 00:52:46,Institutional Capital Flow,Affinius Capital,California,Multifamily,2026-06-08,2026-06-09,2,0,0,40,0,0,Fading,No Clear Stress,Capital flow fading,24
2026-09-21,20260921-005246-91e60804,2026-09-21 00:52:46,Institutional Capital Flow,Apartment Portfolio Trades Hands Strategic Value Partners,Houston / Texas,Apartment,2026-08-04,2026-08-05,2,0,0,40,0,0,Fading,No Clear Stress,Capital flow fading,24
2026-09-21,20260921-005246-91e60804,2026-09-21 00:52:46,Institutional Capital Flow,Arlington Hotel-to-Multifamily Conversion NewPoint Real Estate Capital,Washington DC,Apartment,2026-07-15,2026-07-17,2,0,0,40,0,0,Fading,No Clear Stress,Capital flow fading,24
2026-09-21,20260921-005246-91e60804,2026-09-21 00:52:46,Institutional Capital Flow,Arrow Real Estate Advisors,Other / Unknown,Multifamily,2026-06-14,2026-06-15,2,0,0,40,0,0,Fading,No Clear Stress,Capital flow fading,24
2026-09-21,20260921-005246-91e60804,2026-09-21 00:52:46,Market-Level Capital Concentration,Atlanta / Georgia,Atlanta / Georgia,General Residential,2026-07-07,2026-08-28,2,0,0,0,0,0,Fading,No Clear Stress,Capital flow fading,24
2026-09-21,20260921-005246-91e60804,2026-09-21 00:52:46,Institutional Capital Flow,AvalonBay,New York,Apartment,2026-08-17,2026-08-18,2,0,0,40,0,0,Fading,No Clear Stress,Capital flow fading,24
2026-09-21,20260921-005246-91e60804,2026-09-21 00:52:46,Institutional Capital Flow,BGO,Other / Unknown,Multifamily,2026-08-19,2026-08-20,2,0,0,40,0,0,Fading,No Clear Stress,Capital flow fading,24
2026-09-21,20260921-005246-91e60804,2026-09-21 00:52:46,Institutional Capital Flow,BGO,Sun Belt,General Residential,2026-05-20,2026-05-20,2,0,0,40,0,0,Fading,No Clear Stress,Capital flow fading,24
2026-09-21,20260921-005246-91e60804,2026-09-21 00:52:46,Institutional Capital Flow,BHI,Florida,General Residential,2026-06-10,2026-06-11,2,0,0,40,0,0,Fading,No Clear Stress,Capital flow fading,24
2026-09-21,20260921-005246-91e60804,2026-09-21 00:52:46,Institutional Capital Flow,BHI,New York,Apartment,2026-06-04,2026-06-04,2,0,0,40,0,0,Fading,No Clear Stress,Capital flow fading,24
2026-09-21,20260921-005246-91e60804,2026-09-21 00:52:46,Institutional Capital Flow,BWE,Florida,Senior Housing,2026-09-15,2026-09-16,2,0,0,40,0,0,Fading,No Clear Stress,Capital flow fading,24
2026-09-21,20260921-005246-91e60804,2026-09-21 00:52:46,Institutional Capital Flow,Bain Capital Joint Venture,Riverside / California,Multifamily,2026-08-29,2026-08-30,2,0,0,40,0,0,Fading,No Clear Stress,Capital flow fading,24
2026-09-21,20260921-005246-91e60804,2026-09-21 00:52:46,Institutional Capital Flow,Bank Hapoalim,New York City / New York,Affordable Housing,2026-06-08,2026-06-09,2,0,0,40,0,0,Fading,No Clear Stress,Capital flow fading,24
2026-09-21,20260921-005246-91e60804,2026-09-21 00:52:46,Institutional Capital Flow,Baron Property Group,Florida; Miami / Florida,Mixed-Use Residential,2026-08-02,2026-08-03,2,0,0,40,0,0,Fading,No Clear Stress,Capital flow fading,24
2026-09-21,20260921-005246-91e60804,2026-09-21 00:52:46,Institutional Capital Flow,Bay Area Apartments Build Residential,San Francisco / California,Apartment,2026-08-25,2026-08-27,2,0,0,40,0,0,Fading,No Clear Stress,Capital flow fading,24
2026-09-21,20260921-005246-91e60804,2026-09-21 00:52:46,Institutional Capital Flow,Belay Investment Group Expand into San Francisco,San Francisco / California,Multifamily,2026-06-04,2026-06-04,2,0,0,40,0,0,Fading,No Clear Stress,Capital flow fading,24
2026-09-21,20260921-005246-91e60804,2026-09-21 00:52:46,Institutional Capital Flow,Bell Partners,San Francisco / California,Apartment,2026-07-28,2026-07-30,2,0,0,40,0,0,Fading,No Clear Stress,Capital flow fading,24
2026-09-21,20260921-005246-91e60804,2026-09-21 00:52:46,Institutional Capital Flow,Benefit Street Partners,Other / Unknown,Apartment,2026-06-11,2026-09-17,2,0,0,40,0,0,Fading,No Clear Stress,Capital flow fading,24
2026-09-21,20260921-005246-91e60804,2026-09-21 00:52:46,Institutional Capital Flow,Berkadia,Miami / Florida; Washington DC,Apartment,2026-09-15,2026-09-16,2,0,0,40,0,0,Fading,No Clear Stress,Capital flow fading,24
2026-09-21,20260921-005246-91e60804,2026-09-21 00:52:46,Institutional Capital Flow,Berkadia,Miami / Florida; Other / Unknown,Apartment,2026-06-08,2026-06-09,2,0,0,40,0,0,Fading,No Clear Stress,Capital flow fading,24
2026-09-21,20260921-005246-91e60804,2026-09-21 00:52:46,Institutional Capital Flow,Berkadia,Miami / Florida; National,Apartment,2026-08-17,2026-09-10,2,0,0,40,0,0,Fading,No Clear Stress,Capital flow fading,24
2026-09-21,20260921-005246-91e60804,2026-09-21 00:52:46,Recurring Lender,Berkadia,Houston / Texas,Multifamily,2026-06-13,2026-09-17,2,0,40,0,0,0,Fading,No Clear Stress,Capital flow fading,24
2026-09-21,20260921-005246-91e60804,2026-09-21 00:52:46,Institutional Capital Flow,Berkadia,California,Apartment,2026-07-21,2026-07-23,2,0,0,40,0,0,Fading,No Clear Stress,Capital flow fading,24
2026-09-21,20260921-005246-91e60804,2026-09-21 00:52:46,Recurring Lender,Berkadia,Washington DC,Apartment,2026-07-13,2026-07-20,2,0,40,0,0,0,Fading,No Clear Stress,Capital flow fading,24
2026-09-21,20260921-005246-91e60804,2026-09-21 00:52:46,Institutional Capital Flow,Berkadia,Virginia,Multifamily,2026-08-01,2026-08-02,2,0,0,40,0,0,Fading,No Clear Stress,Capital flow fading,24
2026-09-21,20260921-005246-91e60804,2026-09-21 00:52:46,Institutional Capital Flow,Berkadia,Florida,General Residential,2026-06-27,2026-06-28,2,0,0,40,0,0,Fading,No Clear Stress,Capital flow fading,24
2026-09-21,20260921-005246-91e60804,2026-09-21 00:52:46,Institutional Capital Flow,Berkadia,Los Angeles / California,Affordable Housing,2026-06-04,2026-06-05,2,0,0,40,0,0,Fading,No Clear Stress,Capital flow fading,24
2026-09-21,20260921-005246-91e60804,2026-09-21 00:52:46,Recurring Lender,Berkadia,San Francisco / California,Multifamily,2026-07-24,2026-08-18,2,0,40,0,0,0,Fading,No Clear Stress,Capital flow fading,24
2026-09-21,20260921-005246-91e60804,2026-09-21 00:52:46,Institutional Capital Flow,Berkshire Hathaway,Los Angeles / California; Phoenix / Arizona,Affordable Housing,2026-06-04,2026-06-05,2,0,0,40,0,0,Fading,No Clear Stress,Capital flow fading,24
2026-09-21,20260921-005246-91e60804,2026-09-21 00:52:46,Institutional Capital Flow,Bernard Financial Group,Other / Unknown,Multifamily,2026-07-02,2026-09-09,2,0,0,40,0,0,Fading,No Clear Stress,Capital flow fading,24
2026-09-21,20260921-005246-91e60804,2026-09-21 00:52:46,Recurring Capital Partner,Blackstone,San Francisco / California,General Residential,2026-06-23,2026-06-25,2,0,0,40,0,0,Fading,No Clear Stress,Capital flow fading,24
2026-09-21,20260921-005246-91e60804,2026-09-21 00:52:46,Recurring Capital Partner,Blackstone,National,Affordable Housing,2026-05-26,2026-05-27,2,0,0,40,0,0,Fading,No Clear Stress,Capital flow fading,24
2026-09-21,20260921-005246-91e60804,2026-09-21 00:52:46,Recurring Capital Partner,Blackstone,Riverside / California,General Residential,2026-06-04,2026-06-04,2,0,0,40,0,0,Fading,No Clear Stress,Capital flow fading,24
2026-09-21,20260921-005246-91e60804,2026-09-21 00:52:46,Institutional Capital Flow,Blackstone,National; New York; Sun Belt,General Residential,2026-05-26,2026-05-27,2,0,0,40,0,0,Fading,No Clear Stress,Capital flow fading,24
2026-09-21,20260921-005246-91e60804,2026-09-21 00:52:46,Institutional Capital Flow,Blackstone,Riverside / California,General Residential,2026-06-04,2026-06-04,2,0,0,40,0,0,Fading,No Clear Stress,Capital flow fading,24
2026-09-21,20260921-005246-91e60804,2026-09-21 00:52:46,Institutional Capital Flow,Blueprint Capital,Miami / Florida,Senior Housing,2026-06-04,2026-06-05,2,0,0,40,0,0,Fading,No Clear Stress,Capital flow fading,24
2026-09-21,20260921-005246-91e60804,2026-09-21 00:52:46,Institutional Capital Flow,Bridge Investment Group,Sarasota / Florida,Senior Housing,2026-08-06,2026-08-07,2,0,0,40,0,0,Fading,No Clear Stress,Capital flow fading,24
2026-09-21,20260921-005246-91e60804,2026-09-21 00:52:46,Institutional Capital Flow,BridgeCity Capital,New York City / New York,Apartment,2026-07-01,2026-07-02,2,0,0,40,0,0,Fading,No Clear Stress,Capital flow fading,24
2026-09-21,20260921-005246-91e60804,2026-09-21 00:52:46,Institutional Capital Flow,Build Coral Gables Condo Benmark Capital,Other / Unknown,Mixed-Use Residential,2026-06-08,2026-06-09,2,0,0,40,0,0,Fading,No Clear Stress,Capital flow fading,24
2026-09-21,20260921-005246-91e60804,2026-09-21 00:52:46,Institutional Capital Flow,CAPREIT,Washington DC,Apartment,2026-08-19,2026-08-20,2,0,0,40,0,0,Fading,No Clear Stress,Capital flow fading,24
2026-09-21,20260921-005246-91e60804,2026-09-21 00:52:46,Institutional Capital Flow,CBRE,National; Other / Unknown,Apartment,2026-07-13,2026-08-12,2,0,0,40,0,0,Fading,No Clear Stress,Capital flow fading,24
2026-09-21,20260921-005246-91e60804,2026-09-21 00:52:46,Institutional Capital Flow,CBRE,California; San Francisco / California,Apartment,2026-06-26,2026-06-28,2,0,0,40,0,0,Fading,No Clear Stress,Capital flow fading,24
2026-09-21,20260921-005246-91e60804,2026-09-21 00:52:46,Recurring Lender,CBRE,National,BTR / Single-Family Rental,2026-05-26,2026-05-27,2,0,40,0,0,0,Fading,No Clear Stress,Capital flow fading,24
2026-09-21,20260921-005246-91e60804,2026-09-21 00:52:46,Institutional Capital Flow,CBRE,California; Other / Unknown; Phoenix / Arizona,Apartment,2026-06-15,2026-06-23,2,0,0,40,0,0,Fading,No Clear Stress,Capital flow fading,24
2026-09-21,20260921-005246-91e60804,2026-09-21 00:52:46,Institutional Capital Flow,CBRE,California; New York,Apartment,2026-06-16,2026-07-10,2,0,0,40,0,0,Fading,No Clear Stress,Capital flow fading,24
2026-09-21,20260921-005246-91e60804,2026-09-21 00:52:46,Institutional Capital Flow,CBRE,Phoenix / Arizona,Apartment,2026-07-20,2026-07-23,2,0,0,40,0,0,Fading,No Clear Stress,Capital flow fading,24
2026-09-21,20260921-005246-91e60804,2026-09-21 00:52:46,Recurring Lender,CBRE,National,Apartment,2026-08-12,2026-08-13,2,0,40,0,0,0,Fading,No Clear Stress,Capital flow fading,24
2026-09-21,20260921-005246-91e60804,2026-09-21 00:52:46,Institutional Capital Flow,CBRE,California; Los Angeles / California,Multifamily,2026-06-08,2026-06-09,2,0,0,40,0,0,Fading,No Clear Stress,Capital flow fading,24
2026-09-21,20260921-005246-91e60804,2026-09-21 00:52:46,Recurring Lender,CBRE,Washington DC,Senior Housing,2026-08-04,2026-08-05,2,0,40,0,0,0,Fading,No Clear Stress,Capital flow fading,24
2026-09-21,20260921-005246-91e60804,2026-09-21 00:52:46,Institutional Capital Flow,CBRE,California; San Francisco / California,General Residential,2026-07-01,2026-07-02,2,0,0,40,0,0,Fading,No Clear Stress,Capital flow fading,24
2026-09-21,20260921-005246-91e60804,2026-09-21 00:52:46,Institutional Capital Flow,CBRE,California; Seattle,Apartment,2026-06-12,2026-07-07,2,0,0,40,0,0,Fading,No Clear Stress,Capital flow fading,24
2026-09-21,20260921-005246-91e60804,2026-09-21 00:52:46,Institutional Capital Flow,CBRE,California; Las Vegas / Nevada; Los Angeles / California,General Residential,2026-06-04,2026-06-04,2,0,0,40,0,0,Fading,No Clear Stress,Capital flow fading,24
2026-09-21,20260921-005246-91e60804,2026-09-21 00:52:46,Recurring Lender,CBRE,Santa Monica / California,Apartment,2026-07-30,2026-08-14,2,0,40,0,0,0,Fading,No Clear Stress,Capital flow fading,24
2026-09-21,20260921-005246-91e60804,2026-09-21 00:52:46,Recurring Lender,CBRE,Arizona,General Residential,2026-05-26,2026-05-27,2,0,40,0,0,0,Fading,No Clear Stress,Capital flow fading,24
2026-09-21,20260921-005246-91e60804,2026-09-21 00:52:46,Institutional Capital Flow,CIM Group,Atlanta / Georgia; Los Angeles / California,Mixed-Use Residential,2026-07-20,2026-07-21,2,0,0,40,0,0,Fading,No Clear Stress,Capital flow fading,24
2026-09-21,20260921-005246-91e60804,2026-09-21 00:52:46,Institutional Capital Flow,CIM Group,Atlanta / Georgia; Los Angeles / California,Apartment,2026-07-23,2026-07-24,2,0,0,40,0,0,Fading,No Clear Stress,Capital flow fading,24
2026-09-21,20260921-005246-91e60804,2026-09-21 00:52:46,Institutional Capital Flow,CP Capital,Georgia,Apartment,2026-08-29,2026-08-30,2,0,0,40,0,0,Fading,No Clear Stress,Capital flow fading,24
2026-09-21,20260921-005246-91e60804,2026-09-21 00:52:46,Institutional Capital Flow,California Loans Multifamily Western IPA Capital,California,Apartment,2026-06-08,2026-06-09,2,0,0,40,0,0,Fading,No Clear Stress,Capital flow fading,24
2026-09-21,20260921-005246-91e60804,2026-09-21 00:52:46,Institutional Capital Flow,Camber Property Group,New York City / New York,Multifamily,2026-09-19,2026-09-20,2,0,0,40,0,0,Fading,No Clear Stress,Capital flow fading,24
2026-09-21,20260921-005246-91e60804,2026-09-21 00:52:46,Institutional Capital Flow,Carmel Partners,New York,Multifamily,2026-05-20,2026-05-20,2,0,0,40,0,0,Fading,No Clear Stress,Capital flow fading,24
2026-09-21,20260921-005246-91e60804,2026-09-21 00:52:46,Institutional Capital Flow,Cirrus Real Estate Partners,New York City / New York,Workforce Housing,2026-06-10,2026-06-11,2,0,0,40,0,0,Fading,No Clear Stress,Capital flow fading,24
2026-09-21,20260921-005246-91e60804,2026-09-21 00:52:46,Institutional Capital Flow,Concord Summit Capital,Houston / Texas,Mixed-Use Residential,2026-07-20,2026-08-28,2,0,0,40,0,0,Fading,No Clear Stress,Capital flow fading,24
2026-09-21,20260921-005246-91e60804,2026-09-21 00:52:46,Institutional Capital Flow,Condo Tower Residential,Miami / Florida,Mixed-Use Residential,2026-08-19,2026-08-20,2,0,0,40,0,0,Fading,No Clear Stress,Capital flow fading,24
2026-09-21,20260921-005246-91e60804,2026-09-21 00:52:46,Institutional Capital Flow,Courtesy Invesca Development Group,Miami / Florida,Apartment,2026-09-16,2026-09-17,2,0,0,40,0,0,Fading,No Clear Stress,Capital flow fading,24
2026-09-21,20260921-005246-91e60804,2026-09-21 00:52:46,Institutional Capital Flow,Crescent Communities,Sarasota / Florida,Multifamily,2026-06-01,2026-06-01,2,0,0,40,0,0,Fading,No Clear Stress,Capital flow fading,24
2026-09-21,20260921-005246-91e60804,2026-09-21 00:52:46,Institutional Capital Flow,DLP Real Estate Capital,Houston / Texas,Apartment,2026-07-05,2026-07-06,2,0,0,40,0,0,Fading,No Clear Stress,Capital flow fading,24
2026-09-21,20260921-005246-91e60804,2026-09-21 00:52:46,Market-Level Capital Concentration,Dallas / Texas,Dallas / Texas,Office-to-Residential Conversion,2026-06-23,2026-06-23,2,0,0,0,0,0,Fading,No Clear Stress,Capital flow fading,24
2026-09-21,20260921-005246-91e60804,2026-09-21 00:52:46,Market-Level Capital Concentration,Denver / Colorado,Denver / Colorado,Workforce Housing,2026-06-19,2026-06-19,2,0,0,0,0,0,Fading,No Clear Stress,Capital flow fading,24
2026-09-21,20260921-005246-91e60804,2026-09-21 00:52:46,Institutional Capital Flow,Derby Copeland Capital,New York City / New York,General Residential,2026-06-04,2026-06-04,2,0,0,40,0,0,Fading,No Clear Stress,Capital flow fading,24
2026-09-21,20260921-005246-91e60804,2026-09-21 00:52:46,Institutional Capital Flow,Driftwood Capital,Los Angeles / California,General Residential,2026-09-09,2026-09-10,2,0,0,40,0,0,Fading,No Clear Stress,Capital flow fading,24
2026-09-21,20260921-005246-91e60804,2026-09-21 00:52:46,Institutional Capital Flow,Dunlop Capital,New York City / New York,Mixed-Use Residential,2026-08-04,2026-08-05,2,0,0,40,0,0,Fading,No Clear Stress,Capital flow fading,24
2026-09-21,20260921-005246-91e60804,2026-09-21 00:52:46,Institutional Capital Flow,Dunlop Capital,New York,Mixed-Use Residential,2026-06-07,2026-06-08,2,0,0,40,0,0,Fading,No Clear Stress,Capital flow fading,24
2026-09-21,20260921-005246-91e60804,2026-09-21 00:52:46,Institutional Capital Flow,Dunlop Capital Markets Real Estate,Sarasota / Florida,Senior Housing,2026-08-06,2026-08-07,2,0,0,40,0,0,Fading,No Clear Stress,Capital flow fading,24
2026-09-21,20260921-005246-91e60804,2026-09-21 00:52:46,Institutional Capital Flow,Dunlop Capital Markets Real Estate,Los Angeles / California,Apartment,2026-08-15,2026-08-16,2,0,0,40,0,0,Fading,No Clear Stress,Capital flow fading,24
2026-09-21,20260921-005246-91e60804,2026-09-21 00:52:46,Institutional Capital Flow,Dwight Capital,Other / Unknown,Apartment,2026-06-18,2026-06-26,2,0,0,40,0,0,Fading,No Clear Stress,Capital flow fading,24
2026-09-21,20260921-005246-91e60804,2026-09-21 00:52:46,Institutional Capital Flow,Eastern Bank,Other / Unknown,Senior Housing,2026-06-04,2026-06-05,2,0,0,40,0,0,Fading,No Clear Stress,Capital flow fading,24
2026-09-21,20260921-005246-91e60804,2026-09-21 00:52:46,Institutional Capital Flow,Education Housing Partners,Other / Unknown,Apartment,2026-07-20,2026-07-21,2,0,0,40,0,0,Fading,No Clear Stress,Capital flow fading,24
2026-09-21,20260921-005246-91e60804,2026-09-21 00:52:46,Institutional Capital Flow,Equity Residential,New York,Apartment,2026-08-17,2026-08-18,2,0,0,40,0,0,Fading,No Clear Stress,Capital flow fading,24
2026-09-21,20260921-005246-91e60804,2026-09-21 00:52:46,Institutional Capital Flow,Everett Washington Residential Multifamily Community,Seattle,Apartment,2026-06-08,2026-06-09,2,0,0,40,0,0,Fading,No Clear Stress,Capital flow fading,24
2026-09-21,20260921-005246-91e60804,2026-09-21 00:52:46,Institutional Capital Flow,FCP,Florida,Multifamily,2026-08-06,2026-08-07,2,0,0,40,0,0,Fading,No Clear Stress,Capital flow fading,24
2026-09-21,20260921-005246-91e60804,2026-09-21 00:52:46,Institutional Capital Flow,FPM Partners,Phoenix / Arizona,Apartment,2026-07-07,2026-07-07,2,0,0,40,0,0,Fading,No Clear Stress,Capital flow fading,24
2026-09-21,20260921-005246-91e60804,2026-09-21 00:52:46,Institutional Capital Flow,Fairfield Residential,Dallas / Texas,Apartment,2026-06-25,2026-08-10,2,0,0,40,0,0,Fading,No Clear Stress,Capital flow fading,24
2026-09-21,20260921-005246-91e60804,2026-09-21 00:52:46,Institutional Capital Flow,Fannie Mae,New York,Apartment,2026-06-11,2026-06-12,2,0,0,40,0,0,Fading,No Clear Stress,Capital flow fading,24
2026-09-21,20260921-005246-91e60804,2026-09-21 00:52:46,Institutional Capital Flow,Fannie Mae,Other / Unknown,Multifamily,2026-06-14,2026-06-15,2,0,0,40,0,0,Fading,No Clear Stress,Capital flow fading,24
2026-09-21,20260921-005246-91e60804,2026-09-21 00:52:46,Institutional Capital Flow,Fannie Mae,Louisville / Kentucky,Multifamily,2026-08-07,2026-08-08,2,0,0,40,0,0,Fading,No Clear Stress,Capital flow fading,24
2026-09-21,20260921-005246-91e60804,2026-09-21 00:52:46,Institutional Capital Flow,Fannie Mae,Other / Unknown,Affordable Housing,2026-06-18,2026-07-24,2,0,0,40,0,0,Fading,No Clear Stress,Capital flow fading,24
2026-09-21,20260921-005246-91e60804,2026-09-21 00:52:46,Institutional Capital Flow,Fannie Mae,New York City / New York,Apartment,2026-09-18,2026-09-19,2,0,0,40,0,0,Fading,No Clear Stress,Capital flow fading,24
2026-09-21,20260921-005246-91e60804,2026-09-21 00:52:46,Institutional Capital Flow,Fannie Mae,California; Other / Unknown,Apartment,2026-07-07,2026-08-13,2,0,0,40,0,0,Fading,No Clear Stress,Capital flow fading,24
2026-09-21,20260921-005246-91e60804,2026-09-21 00:52:46,Recurring Lender,Freddie Mac,California,Affordable Housing,2026-06-08,2026-06-09,2,0,40,0,0,0,Fading,No Clear Stress,Capital flow fading,24
2026-09-21,20260921-005246-91e60804,2026-09-21 00:52:46,Recurring Lender,Freddie Mac,Other / Unknown,Student Housing,2026-05-20,2026-05-21,2,0,40,0,0,0,Fading,No Clear Stress,Capital flow fading,24
2026-09-21,20260921-005246-91e60804,2026-09-21 00:52:46,Recurring Lender,Freddie Mac,Seattle,Apartment,2026-06-08,2026-06-09,2,0,40,0,0,0,Fading,No Clear Stress,Capital flow fading,24
2026-09-21,20260921-005246-91e60804,2026-09-21 00:52:46,Institutional Capital Flow,Freddie Mac,Connecticut,Apartment,2026-06-04,2026-06-04,2,0,0,40,0,0,Fading,No Clear Stress,Capital flow fading,24
2026-09-21,20260921-005246-91e60804,2026-09-21 00:52:46,Recurring Lender,Freddie Mac,Los Angeles / California,Multifamily,2026-08-06,2026-08-07,2,0,40,0,0,0,Fading,No Clear Stress,Capital flow fading,24
2026-09-21,20260921-005246-91e60804,2026-09-21 00:52:46,Institutional Capital Flow,Freddie Mac,California; New York City / New York; Other / Unknown; Seattle,Apartment,2026-06-08,2026-06-09,2,0,0,40,0,0,Fading,No Clear Stress,Capital flow fading,24
2026-09-21,20260921-005246-91e60804,2026-09-21 00:52:46,Recurring Lender,Freddie Mac,Colorado,Apartment,2026-08-20,2026-08-24,2,0,40,0,0,0,Fading,No Clear Stress,Capital flow fading,24
2026-09-21,20260921-005246-91e60804,2026-09-21 00:52:46,Institutional Capital Flow,Freddie Mac,Colorado,Apartment,2026-08-20,2026-08-24,2,0,0,40,0,0,Fading,No Clear Stress,Capital flow fading,24
2026-09-21,20260921-005246-91e60804,2026-09-21 00:52:46,Institutional Capital Flow,Freddie Mac,Washington DC,Apartment,2026-07-23,2026-07-28,2,0,0,40,0,0,Fading,No Clear Stress,Capital flow fading,24
2026-09-21,20260921-005246-91e60804,2026-09-21 00:52:46,Institutional Capital Flow,FrontRange Capital Partners,Miami / Florida; West Palm Beach / Florida,Apartment,2026-07-23,2026-07-24,2,0,0,40,0,0,Fading,No Clear Stress,Capital flow fading,24
2026-09-21,20260921-005246-91e60804,2026-09-21 00:52:46,Institutional Capital Flow,GMH Communities,Other / Unknown,Student Housing,2026-09-19,2026-09-20,2,0,0,40,0,0,Fading,No Clear Stress,Capital flow fading,24
2026-09-21,20260921-005246-91e60804,2026-09-21 00:52:46,Institutional Capital Flow,Generation Real Estate Partners,Los Angeles / California,Affordable Housing,2026-06-04,2026-06-05,2,0,0,40,0,0,Fading,No Clear Stress,Capital flow fading,24
2026-09-21,20260921-005246-91e60804,2026-09-21 00:52:46,Institutional Capital Flow,Greystar,Nashville / Tennessee; Other / Unknown,Apartment,2026-09-13,2026-09-14,2,0,0,40,0,0,Fading,No Clear Stress,Capital flow fading,24
2026-09-21,20260921-005246-91e60804,2026-09-21 00:52:46,Institutional Capital Flow,Greystar,Other / Unknown,Apartment,2026-05-21,2026-07-24,2,0,0,40,0,0,Fading,No Clear Stress,Capital flow fading,24
2026-09-21,20260921-005246-91e60804,2026-09-21 00:52:46,Institutional Capital Flow,Greystone,New York; Other / Unknown,Affordable Housing,2026-07-25,2026-07-26,2,0,0,40,0,0,Fading,No Clear Stress,Capital flow fading,24
2026-09-21,20260921-005246-91e60804,2026-09-21 00:52:46,Institutional Capital Flow,Greystone,Phoenix / Arizona,Apartment,2026-06-05,2026-06-06,2,0,0,40,0,0,Fading,No Clear Stress,Capital flow fading,24
2026-09-21,20260921-005246-91e60804,2026-09-21 00:52:46,Institutional Capital Flow,Greystone,Other / Unknown,Multifamily,2026-06-30,2026-07-20,2,0,0,40,0,0,Fading,No Clear Stress,Capital flow fading,24
2026-09-21,20260921-005246-91e60804,2026-09-21 00:52:46,Institutional Capital Flow,Greystone,New York,Affordable Housing,2026-07-27,2026-07-28,2,0,0,40,0,0,Fading,No Clear Stress,Capital flow fading,24
2026-09-21,20260921-005246-91e60804,2026-09-21 00:52:46,Institutional Capital Flow,Harbor Group International,Dallas / Texas,Mixed-Use Residential,2026-06-23,2026-06-25,2,0,0,40,0,0,Fading,No Clear Stress,Capital flow fading,24
2026-09-21,20260921-005246-91e60804,2026-09-21 00:52:46,Institutional Capital Flow,Harbor Group International,National,Multifamily,2026-05-27,2026-05-28,2,0,0,40,0,0,Fading,No Clear Stress,Capital flow fading,24
2026-09-21,20260921-005246-91e60804,2026-09-21 00:52:46,Institutional Capital Flow,Harrison Street Asset Management,Dallas / Texas; Phoenix / Arizona,BTR / Single-Family Rental,2026-07-21,2026-07-23,2,0,0,40,0,0,Fading,No Clear Stress,Capital flow fading,24
2026-09-21,20260921-005246-91e60804,2026-09-21 00:52:46,Institutional Capital Flow,Hawkins Way Capital,New York City / New York,Student Housing,2026-06-17,2026-08-25,2,0,0,40,0,0,Fading,No Clear Stress,Capital flow fading,24
2026-09-21,20260921-005246-91e60804,2026-09-21 00:52:46,Institutional Capital Flow,Hawkins Way Capital Joint Venture,New York City / New York,Student Housing,2026-06-21,2026-06-22,2,0,0,40,0,0,Fading,No Clear Stress,Capital flow fading,24
2026-09-21,20260921-005246-91e60804,2026-09-21 00:52:46,Institutional Capital Flow,Hines,New York,Apartment,2026-05-20,2026-05-20,2,0,0,40,0,0,Fading,No Clear Stress,Capital flow fading,24
2026-09-21,20260921-005246-91e60804,2026-09-21 00:52:46,Institutional Capital Flow,Holland Partner Group,Other / Unknown,Multifamily,2026-08-19,2026-08-20,2,0,0,40,0,0,Fading,No Clear Stress,Capital flow fading,24
2026-09-21,20260921-005246-91e60804,2026-09-21 00:52:46,Institutional Capital Flow,IPA,Seattle,Multifamily,2026-08-21,2026-08-22,2,0,0,40,0,0,Fading,No Clear Stress,Capital flow fading,24
2026-09-21,20260921-005246-91e60804,2026-09-21 00:52:46,Institutional Capital Flow,IPA,Miami / Florida; West Palm Beach / Florida,Apartment,2026-08-07,2026-08-14,2,0,0,40,0,0,Fading,No Clear Stress,Capital flow fading,24
2026-09-21,20260921-005246-91e60804,2026-09-21 00:52:46,Institutional Capital Flow,IPA,Houston / Texas; Los Angeles / California,Apartment,2026-06-06,2026-06-07,2,0,0,40,0,0,Fading,No Clear Stress,Capital flow fading,24
2026-09-21,20260921-005246-91e60804,2026-09-21 00:52:46,Institutional Capital Flow,IPA,Other / Unknown,Office-to-Residential Conversion,2026-09-19,2026-09-20,2,0,0,40,0,0,Fading,No Clear Stress,Capital flow fading,24
2026-09-21,20260921-005246-91e60804,2026-09-21 00:52:46,Institutional Capital Flow,IPA,Washington DC,Apartment,2026-06-04,2026-06-05,2,0,0,40,0,0,Fading,No Clear Stress,Capital flow fading,24
2026-09-21,20260921-005246-91e60804,2026-09-21 00:52:46,Institutional Capital Flow,IPA,Miami / Florida; New York City / New York,Apartment,2026-07-28,2026-08-07,2,0,0,40,0,0,Fading,No Clear Stress,Capital flow fading,24
2026-09-21,20260921-005246-91e60804,2026-09-21 00:52:46,Institutional Capital Flow,IPA,Los Angeles / California; New York City / New York,Multifamily,2026-06-07,2026-06-08,2,0,0,40,0,0,Fading,No Clear Stress,Capital flow fading,24
2026-09-21,20260921-005246-91e60804,2026-09-21 00:52:46,Institutional Capital Flow,IPA,Houston / Texas,Apartment,2026-06-05,2026-06-06,2,0,0,40,0,0,Fading,No Clear Stress,Capital flow fading,24
2026-09-21,20260921-005246-91e60804,2026-09-21 00:52:46,Institutional Capital Flow,IZO Capital,National,Student Housing,2026-06-04,2026-06-05,2,0,0,40,0,0,Fading,No Clear Stress,Capital flow fading,24
2026-09-21,20260921-005246-91e60804,2026-09-21 00:52:46,Institutional Capital Flow,IZO Capital,Seattle,Mixed-Use Residential,2026-06-17,2026-06-18,2,0,0,40,0,0,Fading,No Clear Stress,Capital flow fading,24
2026-09-21,20260921-005246-91e60804,2026-09-21 00:52:46,Institutional Capital Flow,Icon Real Estate Advisors,Other / Unknown,Mixed-Use Residential,2026-07-10,2026-07-11,2,0,0,40,0,0,Fading,No Clear Stress,Capital flow fading,24
2026-09-21,20260921-005246-91e60804,2026-09-21 00:52:46,Institutional Capital Flow,Invent Development Partners,Phoenix / Arizona,Apartment,2026-08-08,2026-08-09,2,0,0,40,0,0,Fading,No Clear Stress,Capital flow fading,24
2026-09-21,20260921-005246-91e60804,2026-09-21 00:52:46,Institutional Capital Flow,JBT Property Management,California,Apartment,2026-07-21,2026-07-23,2,0,0,40,0,0,Fading,No Clear Stress,Capital flow fading,24
2026-09-21,20260921-005246-91e60804,2026-09-21 00:52:46,Institutional Capital Flow,JLL,Atlanta / Georgia; California; Other / Unknown; Southeast,Student Housing,2026-06-13,2026-06-14,2,0,0,40,0,0,Fading,No Clear Stress,Capital flow fading,24
2026-09-21,20260921-005246-91e60804,2026-09-21 00:52:46,Institutional Capital Flow,JLL,California; New York,Apartment,2026-06-21,2026-06-22,2,0,0,40,0,0,Fading,No Clear Stress,Capital flow fading,24
2026-09-21,20260921-005246-91e60804,2026-09-21 00:52:46,Recurring Lender,JLL,Los Angeles / California,Apartment,2026-08-06,2026-08-07,2,0,40,0,0,0,Fading,No Clear Stress,Capital flow fading,24
2026-09-21,20260921-005246-91e60804,2026-09-21 00:52:46,Institutional Capital Flow,JLL,California; Georgia; Other / Unknown; Sun Belt,Apartment,2026-08-29,2026-08-30,2,0,0,40,0,0,Fading,No Clear Stress,Capital flow fading,24
2026-09-21,20260921-005246-91e60804,2026-09-21 00:52:46,Recurring Lender,JLL,National,General Residential,2026-07-01,2026-07-23,2,0,40,0,0,0,Fading,No Clear Stress,Capital flow fading,24
2026-09-21,20260921-005246-91e60804,2026-09-21 00:52:46,Institutional Capital Flow,JLL,California,Apartment,2026-06-08,2026-09-09,2,0,0,40,0,0,Fading,No Clear Stress,Capital flow fading,24
2026-09-21,20260921-005246-91e60804,2026-09-21 00:52:46,Recurring Lender,JLL,Texas,General Residential,2026-06-25,2026-08-11,2,0,40,0,0,0,Fading,No Clear Stress,Capital flow fading,24
2026-09-21,20260921-005246-91e60804,2026-09-21 00:52:46,Recurring Lender,JLL,Los Angeles / California,BTR / Single-Family Rental,2026-06-08,2026-06-09,2,0,40,0,0,0,Fading,No Clear Stress,Capital flow fading,24
2026-09-21,20260921-005246-91e60804,2026-09-21 00:52:46,Institutional Capital Flow,JLL,California; Los Angeles / California; New York City / New York,Multifamily,2026-06-08,2026-06-09,2,0,0,40,0,0,Fading,No Clear Stress,Capital flow fading,24
2026-09-21,20260921-005246-91e60804,2026-09-21 00:52:46,Recurring Lender,JLL,Los Angeles / California,Senior Housing,2026-07-28,2026-07-30,2,0,40,0,0,0,Fading,No Clear Stress,Capital flow fading,24
2026-09-21,20260921-005246-91e60804,2026-09-21 00:52:46,Institutional Capital Flow,JLL,California; Other / Unknown,Senior Housing,2026-06-04,2026-06-05,2,0,0,40,0,0,Fading,No Clear Stress,Capital flow fading,24
2026-09-21,20260921-005246-91e60804,2026-09-21 00:52:46,Institutional Capital Flow,JLL,California; New York City / New York; Other / Unknown,Affordable Housing,2026-06-05,2026-06-06,2,0,0,40,0,0,Fading,No Clear Stress,Capital flow fading,24
2026-09-21,20260921-005246-91e60804,2026-09-21 00:52:46,Recurring Lender,JLL,San Francisco / California,Apartment,2026-08-19,2026-08-20,2,0,40,0,0,0,Fading,No Clear Stress,Capital flow fading,24
2026-09-21,20260921-005246-91e60804,2026-09-21 00:52:46,Institutional Capital Flow,JLL,Atlanta / Georgia; Austin / Texas; National; Other / Unknown,Affordable Housing,2026-08-08,2026-08-09,2,0,0,40,0,0,Fading,No Clear Stress,Capital flow fading,24
2026-09-21,20260921-005246-91e60804,2026-09-21 00:52:46,Recurring Lender,JLL,Florida,BTR / Single-Family Rental,2026-07-31,2026-09-16,2,0,40,0,0,0,Fading,No Clear Stress,Capital flow fading,24
2026-09-21,20260921-005246-91e60804,2026-09-21 00:52:46,Recurring Lender,JLL,New York,General Residential,2026-06-30,2026-09-11,2,0,40,0,0,0,Fading,No Clear Stress,Capital flow fading,24
2026-09-21,20260921-005246-91e60804,2026-09-21 00:52:46,Institutional Capital Flow,Kennedy Wilson,Riverside / California,Apartment,2026-07-15,2026-07-17,2,0,0,40,0,0,Fading,No Clear Stress,Capital flow fading,24
2026-09-21,20260921-005246-91e60804,2026-09-21 00:52:46,Institutional Capital Flow,Kennedy Wilson,Los Angeles / California; New York,Affordable Housing,2026-07-02,2026-07-07,2,0,0,40,0,0,Fading,No Clear Stress,Capital flow fading,24
2026-09-21,20260921-005246-91e60804,2026-09-21 00:52:46,Recurring Capital Partner,Kennedy Wilson,New York,Apartment,2026-07-02,2026-07-07,2,0,0,40,0,0,Fading,No Clear Stress,Capital flow fading,24
2026-09-21,20260921-005246-91e60804,2026-09-21 00:52:46,Recurring Capital Partner,Kennedy Wilson,Los Angeles / California,Multifamily,2026-08-19,2026-08-20,2,0,0,40,0,0,Fading,No Clear Stress,Capital flow fading,24
2026-09-21,20260921-005246-91e60804,2026-09-21 00:52:46,Recurring Capital Partner,Kennedy Wilson,Los Angeles / California,Office-to-Residential Conversion,2026-07-01,2026-07-02,2,0,0,40,0,0,Fading,No Clear Stress,Capital flow fading,24
2026-09-21,20260921-005246-91e60804,2026-09-21 00:52:46,Institutional Capital Flow,Kennedy Wilson,Los Angeles / California,Multifamily,2026-08-19,2026-08-20,2,0,0,40,0,0,Fading,No Clear Stress,Capital flow fading,24
2026-09-21,20260921-005246-91e60804,2026-09-21 00:52:46,Recurring Capital Partner,Kennedy Wilson,National,Apartment,2026-06-10,2026-08-17,2,0,0,40,0,0,Fading,No Clear Stress,Capital flow fading,24
2026-09-21,20260921-005246-91e60804,2026-09-21 00:52:46,Institutional Capital Flow,Kennedy Wilson,National,Apartment,2026-06-10,2026-08-17,2,0,0,40,0,0,Fading,No Clear Stress,Capital flow fading,24
2026-09-21,20260921-005246-91e60804,2026-09-21 00:52:46,Institutional Capital Flow,Knightvest Capital,Austin / Texas,Apartment,2026-08-19,2026-08-20,2,0,0,40,0,0,Fading,No Clear Stress,Capital flow fading,24
2026-09-21,20260921-005246-91e60804,2026-09-21 00:52:46,Institutional Capital Flow,Lake Austin Four Seasons Residences TYKO Capital,Austin / Texas,Apartment,2026-06-04,2026-06-04,2,0,0,40,0,0,Fading,No Clear Stress,Capital flow fading,24
2026-09-21,20260921-005246-91e60804,2026-09-21 00:52:46,Market-Level Capital Concentration,Las Vegas / Nevada,Las Vegas / Nevada,Multifamily,2026-09-10,2026-09-11,2,0,0,0,0,0,Fading,No Clear Stress,Capital flow fading,24
2026-09-21,20260921-005246-91e60804,2026-09-21 00:52:46,Institutional Capital Flow,Lincoln Property Company,Austin / Texas,Apartment,2026-06-04,2026-06-04,2,0,0,40,0,0,Fading,No Clear Stress,Capital flow fading,24
2026-09-21,20260921-005246-91e60804,2026-09-21 00:52:46,Market-Level Capital Concentration,Los Angeles / California,Los Angeles / California,BTR / Single-Family Rental,2026-06-08,2026-06-09,2,0,0,0,0,0,Fading,No Clear Stress,Capital flow fading,24
2026-09-21,20260921-005246-91e60804,2026-09-21 00:52:46,Institutional Capital Flow,Luxury East Village Multifamily JLL Capital,New York City / New York,Apartment,2026-07-01,2026-07-02,2,0,0,40,0,0,Fading,No Clear Stress,Capital flow fading,24
2026-09-21,20260921-005246-91e60804,2026-09-21 00:52:46,Institutional Capital Flow,Madison Realty Capital,Florida; Miami / Florida,Mixed-Use Residential,2026-08-02,2026-08-03,2,0,0,40,0,0,Fading,No Clear Stress,Capital flow fading,24
2026-09-21,20260921-005246-91e60804,2026-09-21 00:52:46,Institutional Capital Flow,Madison Realty Capital,California,General Residential,2026-06-16,2026-06-17,2,0,0,40,0,0,Fading,No Clear Stress,Capital flow fading,24
2026-09-21,20260921-005246-91e60804,2026-09-21 00:52:46,Institutional Capital Flow,Madison Realty Capital,New York City / New York,Office-to-Residential Conversion,2026-06-21,2026-06-22,2,0,0,40,0,0,Fading,No Clear Stress,Capital flow fading,24
2026-09-21,20260921-005246-91e60804,2026-09-21 00:52:46,Institutional Capital Flow,Marcus & Millichap,California; West Palm Beach / Florida,Apartment,2026-08-07,2026-08-14,2,0,0,40,0,0,Fading,No Clear Stress,Capital flow fading,24
2026-09-21,20260921-005246-91e60804,2026-09-21 00:52:46,Institutional Capital Flow,Marcus & Millichap,California; Riverside / California; West Palm Beach / Florida,Apartment,2026-08-08,2026-08-09,2,0,0,40,0,0,Fading,No Clear Stress,Capital flow fading,24
2026-09-21,20260921-005246-91e60804,2026-09-21 00:52:46,Institutional Capital Flow,Marcus & Millichap,California; New York City / New York; Other / Unknown,Apartment,2026-08-20,2026-09-12,2,0,0,40,0,0,Fading,No Clear Stress,Capital flow fading,24
2026-09-21,20260921-005246-91e60804,2026-09-21 00:52:46,Institutional Capital Flow,Marcus & Millichap,Miami / Florida; Other / Unknown,Apartment,2026-06-04,2026-06-04,2,0,0,40,0,0,Fading,No Clear Stress,Capital flow fading,24
2026-09-21,20260921-005246-91e60804,2026-09-21 00:52:46,Institutional Capital Flow,Marcus & Millichap,Texas; Washington DC,Apartment,2026-06-04,2026-06-05,2,0,0,40,0,0,Fading,No Clear Stress,Capital flow fading,24
2026-09-21,20260921-005246-91e60804,2026-09-21 00:52:46,Institutional Capital Flow,Marcus & Millichap,Los Angeles / California; New York City / New York,Apartment,2026-07-18,2026-07-19,2,0,0,40,0,0,Fading,No Clear Stress,Capital flow fading,24
2026-09-21,20260921-005246-91e60804,2026-09-21 00:52:46,Institutional Capital Flow,Marcus & Millichap,Austin / Texas; Los Angeles / California; Other / Unknown; Seattle,Multifamily,2026-07-11,2026-07-12,2,0,0,40,0,0,Fading,No Clear Stress,Capital flow fading,24
2026-09-21,20260921-005246-91e60804,2026-09-21 00:52:46,Institutional Capital Flow,Marcus & Millichap,Other / Unknown; San Francisco / California,Apartment,2026-06-21,2026-06-22,2,0,0,40,0,0,Fading,No Clear Stress,Capital flow fading,24
2026-09-21,20260921-005246-91e60804,2026-09-21 00:52:46,Institutional Capital Flow,Marcus & Millichap,Los Angeles / California; New York City / New York; Other / Unknown,Multifamily,2026-06-07,2026-06-08,2,0,0,40,0,0,Fading,No Clear Stress,Capital flow fading,24
2026-09-21,20260921-005246-91e60804,2026-09-21 00:52:46,Institutional Capital Flow,Marcus & Millichap,California; Dallas / Texas; Los Angeles / California; Seattle,Apartment,2026-08-30,2026-08-31,2,0,0,40,0,0,Fading,No Clear Stress,Capital flow fading,24
2026-09-21,20260921-005246-91e60804,2026-09-21 00:52:46,Institutional Capital Flow,Marcus & Millichap,California; Los Angeles / California; New York City / New York; Other / Unknown,Apartment,2026-07-17,2026-07-31,2,0,0,40,0,0,Fading,No Clear Stress,Capital flow fading,24
2026-09-21,20260921-005246-91e60804,2026-09-21 00:52:46,Institutional Capital Flow,Marcus & Millichap,Other / Unknown,Apartment,2026-06-05,2026-06-06,2,0,0,40,0,0,Fading,No Clear Stress,Capital flow fading,24
2026-09-21,20260921-005246-91e60804,2026-09-21 00:52:46,Institutional Capital Flow,Marcus & Millichap,California; Connecticut; Los Angeles / California; Miami / Florida; Other / Unknown,Apartment,2026-06-08,2026-06-09,2,0,0,40,0,0,Fading,No Clear Stress,Capital flow fading,24
2026-09-21,20260921-005246-91e60804,2026-09-21 00:52:46,Institutional Capital Flow,Marcus & Millichap,California; Los Angeles / California; Louisiana; Other / Unknown; Seattle,Apartment,2026-08-21,2026-08-22,2,0,0,40,0,0,Fading,No Clear Stress,Capital flow fading,24
2026-09-21,20260921-005246-91e60804,2026-09-21 00:52:46,Institutional Capital Flow,Mavrek,Other / Unknown,Office-to-Residential Conversion,2026-06-12,2026-06-16,2,0,0,40,0,0,Fading,No Clear Stress,Capital flow fading,24
2026-09-21,20260921-005246-91e60804,2026-09-21 00:52:46,Institutional Capital Flow,Mavrek,National,Mixed-Use Residential,2026-08-25,2026-09-16,2,0,0,40,0,0,Fading,No Clear Stress,Capital flow fading,24
2026-09-21,20260921-005246-91e60804,2026-09-21 00:52:46,Institutional Capital Flow,McDowell Housing Partners,Florida,Affordable Housing,2026-08-19,2026-08-20,2,0,0,40,0,0,Fading,No Clear Stress,Capital flow fading,24
2026-09-21,20260921-005246-91e60804,2026-09-21 00:52:46,Institutional Capital Flow,Merchants Capital,Other / Unknown,Affordable Housing,2026-07-10,2026-07-13,2,0,0,40,0,0,Fading,No Clear Stress,Capital flow fading,24
2026-09-21,20260921-005246-91e60804,2026-09-21 00:52:46,Institutional Capital Flow,Midtown Manhattan Office-to-Residential Conversion,New York City / New York,Office-to-Residential Conversion,2026-06-21,2026-06-22,2,0,0,40,0,0,Fading,No Clear Stress,Capital flow fading,24
2026-09-21,20260921-005246-91e60804,2026-09-21 00:52:46,Institutional Capital Flow,Millichap Capital,California; Los Angeles / California,Apartment,2026-08-04,2026-08-05,2,0,0,40,0,0,Fading,No Clear Stress,Capital flow fading,24
2026-09-21,20260921-005246-91e60804,2026-09-21 00:52:46,Institutional Capital Flow,Millichap Capital,Los Angeles / California,Apartment,2026-08-30,2026-08-31,2,0,0,40,0,0,Fading,No Clear Stress,Capital flow fading,24
2026-09-21,20260921-005246-91e60804,2026-09-21 00:52:46,Market-Level Capital Concentration,Nashville / Tennessee,Nashville / Tennessee,General Residential,2026-08-05,2026-08-17,2,0,0,0,0,0,Fading,No Clear Stress,Capital flow fading,24
2026-09-21,20260921-005246-91e60804,2026-09-21 00:52:46,Market-Level Capital Concentration,National,National,Workforce Housing,2026-08-15,2026-08-16,2,0,0,0,0,0,Fading,No Clear Stress,Capital flow fading,24
2026-09-21,20260921-005246-91e60804,2026-09-21 00:52:46,Market-Level Capital Concentration,New York City / New York,New York City / New York,Senior Housing,2026-07-02,2026-07-09,2,0,0,0,0,0,Fading,No Clear Stress,Capital flow fading,24
2026-09-21,20260921-005246-91e60804,2026-09-21 00:52:46,Market-Level Capital Concentration,New York City / New York,New York City / New York,Workforce Housing,2026-06-10,2026-06-11,2,0,0,0,0,0,Fading,No Clear Stress,Capital flow fading,24
2026-09-21,20260921-005246-91e60804,2026-09-21 00:52:46,Institutional Capital Flow,Newmark Multifamily Capital,Houston / Texas,Apartment,2026-06-23,2026-06-25,2,0,0,40,0,0,Fading,No Clear Stress,Capital flow fading,24
2026-09-21,20260921-005246-91e60804,2026-09-21 00:52:46,Market-Level Capital Concentration,Northern Virginia / Virginia,Northern Virginia / Virginia,Apartment,2026-07-09,2026-09-18,2,0,0,0,0,0,Fading,No Clear Stress,Capital flow fading,24
2026-09-21,20260921-005246-91e60804,2026-09-21 00:52:46,Institutional Capital Flow,On-Campus Housing Harrison Street Asset Management,California,Student Housing,2026-09-16,2026-09-17,2,0,0,40,0,0,Fading,No Clear Stress,Capital flow fading,24
2026-09-21,20260921-005246-91e60804,2026-09-21 00:52:46,Institutional Capital Flow,PCCP,New York; Riverside / California,Apartment,2026-07-03,2026-07-04,2,0,0,40,0,0,Fading,No Clear Stress,Capital flow fading,24
2026-09-21,20260921-005246-91e60804,2026-09-21 00:52:46,Institutional Capital Flow,PCCP,Riverside / California; Texas,Student Housing,2026-06-07,2026-06-08,2,0,0,40,0,0,Fading,No Clear Stress,Capital flow fading,24
2026-09-21,20260921-005246-91e60804,2026-09-21 00:52:46,Institutional Capital Flow,PCCP,New York; New York City / New York; Riverside / California,Apartment,2026-07-05,2026-07-06,2,0,0,40,0,0,Fading,No Clear Stress,Capital flow fading,24
2026-09-21,20260921-005246-91e60804,2026-09-21 00:52:46,Institutional Capital Flow,PCCP,Dallas / Texas; Texas,Mixed-Use Residential,2026-08-21,2026-08-22,2,0,0,40,0,0,Fading,No Clear Stress,Capital flow fading,24
2026-09-21,20260921-005246-91e60804,2026-09-21 00:52:46,Institutional Capital Flow,PPR Capital Management,National; Other / Unknown,BTR / Single-Family Rental,2026-07-17,2026-07-18,2,0,0,40,0,0,Fading,No Clear Stress,Capital flow fading,24
2026-09-21,20260921-005246-91e60804,2026-09-21 00:52:46,Institutional Capital Flow,PSRS,Los Angeles / California,Affordable Housing,2026-06-04,2026-06-04,2,0,0,40,0,0,Fading,No Clear Stress,Capital flow fading,24
2026-09-21,20260921-005246-91e60804,2026-09-21 00:52:46,Institutional Capital Flow,Paul Bubny AV Management,New York,Mixed-Use Residential,2026-08-12,2026-08-13,2,0,0,40,0,0,Fading,No Clear Stress,Capital flow fading,24
2026-09-21,20260921-005246-91e60804,2026-09-21 00:52:46,Institutional Capital Flow,Paul Bubny IPA Capital,California,Apartment,2026-06-10,2026-06-11,2,0,0,40,0,0,Fading,No Clear Stress,Capital flow fading,24
2026-09-21,20260921-005246-91e60804,2026-09-21 00:52:46,Market-Level Capital Concentration,Phoenix / Arizona,Phoenix / Arizona,Affordable Housing,2026-06-17,2026-07-04,2,0,0,0,0,0,Fading,No Clear Stress,Capital flow fading,24
2026-09-21,20260921-005246-91e60804,2026-09-21 00:52:46,Market-Level Capital Concentration,Port Richey / Florida,Port Richey / Florida,Apartment,2026-06-01,2026-06-01,2,0,0,0,0,0,Fading,No Clear Stress,Capital flow fading,24
2026-09-21,20260921-005246-91e60804,2026-09-21 00:52:46,Institutional Capital Flow,Priority Capital Advisory,Los Angeles / California,Student Housing,2026-08-31,2026-09-01,2,0,0,40,0,0,Fading,No Clear Stress,Capital flow fading,24
2026-09-21,20260921-005246-91e60804,2026-09-21 00:52:46,Institutional Capital Flow,Prism Partners,New York,Apartment,2026-08-18,2026-08-19,2,0,0,40,0,0,Fading,No Clear Stress,Capital flow fading,24
2026-09-21,20260921-005246-91e60804,2026-09-21 00:52:46,Institutional Capital Flow,Private Capital,Other / Unknown,Multifamily,2026-09-19,2026-09-20,2,0,0,40,0,0,Fading,No Clear Stress,Capital flow fading,24
2026-09-21,20260921-005246-91e60804,2026-09-21 00:52:46,Institutional Capital Flow,Quarterra,Riverside / California,Apartment,2026-06-25,2026-06-26,2,0,0,40,0,0,Fading,No Clear Stress,Capital flow fading,24
2026-09-21,20260921-005246-91e60804,2026-09-21 00:52:46,Institutional Capital Flow,Quarterra,Seattle,Apartment,2026-05-20,2026-05-20,2,0,0,40,0,0,Fading,No Clear Stress,Capital flow fading,24
2026-09-21,20260921-005246-91e60804,2026-09-21 00:52:46,Institutional Capital Flow,RXR,New York City / New York,Office-to-Residential Conversion,2026-06-01,2026-06-01,2,0,0,40,0,0,Fading,No Clear Stress,Capital flow fading,24
2026-09-21,20260921-005246-91e60804,2026-09-21 00:52:46,Institutional Capital Flow,RXR,Phoenix / Arizona,Apartment,2026-08-08,2026-08-09,2,0,0,40,0,0,Fading,No Clear Stress,Capital flow fading,24
2026-09-21,20260921-005246-91e60804,2026-09-21 00:52:46,Institutional Capital Flow,RXR,New York City / New York,Mixed-Use Residential,2026-06-25,2026-06-26,2,0,0,40,0,0,Fading,No Clear Stress,Capital flow fading,24
2026-09-21,20260921-005246-91e60804,2026-09-21 00:52:46,Institutional Capital Flow,Realty Capital Residential,Other / Unknown,Multifamily,2026-06-05,2026-06-06,2,0,0,40,0,0,Fading,No Clear Stress,Capital flow fading,24
2026-09-21,20260921-005246-91e60804,2026-09-21 00:52:46,Institutional Capital Flow,Red Oak Capital,Tennessee,Apartment,2026-06-04,2026-06-05,2,0,0,40,0,0,Fading,No Clear Stress,Capital flow fading,24
2026-09-21,20260921-005246-91e60804,2026-09-21 00:52:46,Institutional Capital Flow,Related Companies,New York,Mixed-Use Residential,2026-09-16,2026-09-17,2,0,0,40,0,0,Fading,No Clear Stress,Capital flow fading,24
2026-09-21,20260921-005246-91e60804,2026-09-21 00:52:46,Recurring Capital Partner,Related Companies,Southeast,Apartment,2026-05-26,2026-05-27,2,0,0,40,0,0,Fading,No Clear Stress,Capital flow fading,24
2026-09-21,20260921-005246-91e60804,2026-09-21 00:52:46,Institutional Capital Flow,Residential Multifamily Conversion Project Potrero Grande & Atlas,Los Angeles / California,Multifamily,2026-08-07,2026-08-08,2,0,0,40,0,0,Fading,No Clear Stress,Capital flow fading,24
2026-09-21,20260921-005246-91e60804,2026-09-21 00:52:46,Market-Level Capital Concentration,Riverside / California,Riverside / California,General Residential,2026-06-04,2026-06-04,2,0,0,0,0,0,Fading,No Clear Stress,Capital flow fading,24
2026-09-21,20260921-005246-91e60804,2026-09-21 00:52:46,Institutional Capital Flow,S3 Capital,Sun Belt,General Residential,2026-06-26,2026-06-27,2,0,0,40,0,0,Fading,No Clear Stress,Capital flow fading,24
2026-09-21,20260921-005246-91e60804,2026-09-21 00:52:46,Institutional Capital Flow,S3 Capital,New York City / New York; Sun Belt,Office-to-Residential Conversion,2026-06-28,2026-06-29,2,0,0,40,0,0,Fading,No Clear Stress,Capital flow fading,24
2026-09-21,20260921-005246-91e60804,2026-09-21 00:52:46,Institutional Capital Flow,S3 Capital,New York City / New York,Office-to-Residential Conversion,2026-06-23,2026-06-25,2,0,0,40,0,0,Fading,No Clear Stress,Capital flow fading,24
2026-09-21,20260921-005246-91e60804,2026-09-21 00:52:46,Institutional Capital Flow,S3 Capital Makes First Multifamily Residential,New York City / New York,Office-to-Residential Conversion,2026-06-28,2026-06-29,2,0,0,40,0,0,Fading,No Clear Stress,Capital flow fading,24
2026-09-21,20260921-005246-91e60804,2026-09-21 00:52:46,Institutional Capital Flow,Scion Group,Louisiana,Student Housing,2026-08-09,2026-08-10,2,0,0,40,0,0,Fading,No Clear Stress,Capital flow fading,24
2026-09-21,20260921-005246-91e60804,2026-09-21 00:52:46,Institutional Capital Flow,Scion Group,Atlanta / Georgia; Other / Unknown; Phoenix / Arizona,Student Housing,2026-06-13,2026-06-14,2,0,0,40,0,0,Fading,No Clear Stress,Capital flow fading,24
2026-09-21,20260921-005246-91e60804,2026-09-21 00:52:46,Institutional Capital Flow,Seachange Partners,Los Angeles / California,Affordable Housing,2026-06-04,2026-06-05,2,0,0,40,0,0,Fading,No Clear Stress,Capital flow fading,24
2026-09-21,20260921-005246-91e60804,2026-09-21 00:52:46,Institutional Capital Flow,Senior Housing Operator Omni Lifestyle Living,New York,Senior Housing,2026-06-08,2026-06-09,2,0,0,40,0,0,Fading,No Clear Stress,Capital flow fading,24
2026-09-21,20260921-005246-91e60804,2026-09-21 00:52:46,Institutional Capital Flow,Side Section 8 Apartments Ariel Property Advisors,New York City / New York,Affordable Housing,2026-07-07,2026-07-07,2,0,0,40,0,0,Fading,No Clear Stress,Capital flow fading,24
2026-09-21,20260921-005246-91e60804,2026-09-21 00:52:46,Institutional Capital Flow,Slate Property Group,New York City / New York,Multifamily,2026-09-12,2026-09-13,2,0,0,40,0,0,Fading,No Clear Stress,Capital flow fading,24
2026-09-21,20260921-005246-91e60804,2026-09-21 00:52:46,Market-Level Capital Concentration,Southeast,Southeast,Office-to-Residential Conversion,2026-05-28,2026-09-03,2,0,0,0,0,0,Fading,No Clear Stress,Capital flow fading,24
2026-09-21,20260921-005246-91e60804,2026-09-21 00:52:46,Market-Level Capital Concentration,Southeast,Southeast,BTR / Single-Family Rental,2026-06-11,2026-09-18,2,0,0,0,0,0,Fading,No Clear Stress,Capital flow fading,24
2026-09-21,20260921-005246-91e60804,2026-09-21 00:52:46,Institutional Capital Flow,Sterling Properties Group,Other / Unknown,Apartment,2026-06-13,2026-06-14,2,0,0,40,0,0,Fading,No Clear Stress,Capital flow fading,24
2026-09-21,20260921-005246-91e60804,2026-09-21 00:52:46,Market-Level Capital Concentration,Sun Belt,Sun Belt,Office-to-Residential Conversion,2026-05-19,2026-05-28,2,0,0,0,0,0,Fading,No Clear Stress,Capital flow fading,24
2026-09-21,20260921-005246-91e60804,2026-09-21 00:52:46,Market-Level Capital Concentration,Sun Belt,Sun Belt,Senior Housing,2026-05-21,2026-06-25,2,0,0,0,0,0,Fading,No Clear Stress,Capital flow fading,24
2026-09-21,20260921-005246-91e60804,2026-09-21 00:52:46,Market-Level Capital Concentration,Sun Belt,Sun Belt,Workforce Housing,2026-05-20,2026-05-20,2,0,0,0,0,0,Fading,No Clear Stress,Capital flow fading,24
2026-09-21,20260921-005246-91e60804,2026-09-21 00:52:46,Institutional Capital Flow,TARGO Capital Partners,New York City / New York,Mixed-Use Residential,2026-06-04,2026-06-04,2,0,0,40,0,0,Fading,No Clear Stress,Capital flow fading,24
2026-09-21,20260921-005246-91e60804,2026-09-21 00:52:46,Market-Level Capital Concentration,Tennessee,Tennessee,Apartment,2026-06-04,2026-06-05,2,0,0,0,0,0,Fading,No Clear Stress,Capital flow fading,24
2026-09-21,20260921-005246-91e60804,2026-09-21 00:52:46,Market-Level Capital Concentration,Tennessee,Tennessee,Senior Housing,2026-07-04,2026-07-05,2,0,0,0,0,0,Fading,No Clear Stress,Capital flow fading,24
2026-09-21,20260921-005246-91e60804,2026-09-21 00:52:46,Institutional Capital Flow,Tishman Speyer,New York,Apartment,2026-08-05,2026-08-06,2,0,0,40,0,0,Fading,No Clear Stress,Capital flow fading,24
2026-09-21,20260921-005246-91e60804,2026-09-21 00:52:46,Institutional Capital Flow,Trez Capital,Phoenix / Arizona,Apartment,2026-07-01,2026-07-02,2,0,0,40,0,0,Fading,No Clear Stress,Capital flow fading,24
2026-09-21,20260921-005246-91e60804,2026-09-21 00:52:46,Institutional Capital Flow,Trinsic Residential Group,Dallas / Texas,Apartment,2026-07-01,2026-07-02,2,0,0,40,0,0,Fading,No Clear Stress,Capital flow fading,24
2026-09-21,20260921-005246-91e60804,2026-09-21 00:52:46,Institutional Capital Flow,UCLA Anderson Forecast California Commercial Real Estate,Los Angeles / California,General Residential,2026-07-30,2026-07-31,2,0,0,40,0,0,Fading,No Clear Stress,Capital flow fading,24
2026-09-21,20260921-005246-91e60804,2026-09-21 00:52:46,Institutional Capital Flow,UDR,New York,Multifamily,2026-05-20,2026-05-20,2,0,0,40,0,0,Fading,No Clear Stress,Capital flow fading,24
2026-09-21,20260921-005246-91e60804,2026-09-21 00:52:46,Market-Level Capital Concentration,Virginia,Virginia,Affordable Housing,2026-06-08,2026-06-09,2,0,0,0,0,0,Fading,No Clear Stress,Capital flow fading,24
2026-09-21,20260921-005246-91e60804,2026-09-21 00:52:46,Institutional Capital Flow,Wakefield Represents The Green Companies,Miami / Florida,Multifamily,2026-06-04,2026-06-05,2,0,0,40,0,0,Fading,No Clear Stress,Capital flow fading,24
2026-09-21,20260921-005246-91e60804,2026-09-21 00:52:46,Institutional Capital Flow,Walker & Dunlop,Louisiana,Student Housing,2026-08-09,2026-08-10,2,0,0,40,0,0,Fading,No Clear Stress,Capital flow fading,24
2026-09-21,20260921-005246-91e60804,2026-09-21 00:52:46,Institutional Capital Flow,Walker & Dunlop,Florida; New York,Mixed-Use Residential,2026-06-07,2026-06-08,2,0,0,40,0,0,Fading,No Clear Stress,Capital flow fading,24
2026-09-21,20260921-005246-91e60804,2026-09-21 00:52:46,Institutional Capital Flow,Walker & Dunlop,New York City / New York,Affordable Housing,2026-06-12,2026-08-05,2,0,0,40,0,0,Fading,No Clear Stress,Capital flow fading,24
2026-09-21,20260921-005246-91e60804,2026-09-21 00:52:46,Institutional Capital Flow,Walker & Dunlop,Atlanta / Georgia; Austin / Texas,Apartment,2026-06-04,2026-06-05,2,0,0,40,0,0,Fading,No Clear Stress,Capital flow fading,24
2026-09-21,20260921-005246-91e60804,2026-09-21 00:52:46,Institutional Capital Flow,Walker & Dunlop,Atlanta / Georgia,Apartment,2026-07-13,2026-07-14,2,0,0,40,0,0,Fading,No Clear Stress,Capital flow fading,24
2026-09-21,20260921-005246-91e60804,2026-09-21 00:52:46,Institutional Capital Flow,Walker & Dunlop,Houston / Texas; New York,Affordable Housing,2026-06-08,2026-06-09,2,0,0,40,0,0,Fading,No Clear Stress,Capital flow fading,24
2026-09-21,20260921-005246-91e60804,2026-09-21 00:52:46,Institutional Capital Flow,Walker & Dunlop,Sarasota / Florida,Senior Housing,2026-08-06,2026-08-07,2,0,0,40,0,0,Fading,No Clear Stress,Capital flow fading,24
2026-09-21,20260921-005246-91e60804,2026-09-21 00:52:46,Institutional Capital Flow,Walker & Dunlop,Other / Unknown,Apartment,2026-06-26,2026-07-07,2,0,0,40,0,0,Fading,No Clear Stress,Capital flow fading,24
2026-09-21,20260921-005246-91e60804,2026-09-21 00:52:46,Market-Level Capital Concentration,Washington DC,Washington DC,Affordable Housing,2026-06-18,2026-06-19,2,0,0,0,0,0,Fading,No Clear Stress,Capital flow fading,24
2026-09-21,20260921-005246-91e60804,2026-09-21 00:52:46,Institutional Capital Flow,Waterton,Seattle,Apartment,2026-08-27,2026-08-28,2,0,0,40,0,0,Fading,No Clear Stress,Capital flow fading,24
2026-09-21,20260921-005246-91e60804,2026-09-21 00:52:46,Institutional Capital Flow,Wells Fargo Bank,Miami / Florida; National,Apartment,2026-06-28,2026-06-29,2,0,0,40,0,0,Fading,No Clear Stress,Capital flow fading,24
2026-09-21,20260921-005246-91e60804,2026-09-21 00:52:46,Market-Level Capital Concentration,Wethersfield / Connecticut,Wethersfield / Connecticut,Apartment,2026-06-01,2026-06-01,2,0,0,0,0,0,Fading,No Clear Stress,Capital flow fading,24
2026-09-21,20260921-005246-91e60804,2026-09-21 00:52:46,Institutional Capital Flow,Wood Partners,Atlanta / Georgia; Phoenix / Arizona,Apartment,2026-06-01,2026-06-01,2,0,0,40,0,0,Fading,No Clear Stress,Capital flow fading,24
2026-09-21,20260921-005246-91e60804,2026-09-21 00:52:46,Institutional Capital Flow,Wood Partners,San Francisco / California,Apartment,2026-08-19,2026-08-20,2,0,0,40,0,0,Fading,No Clear Stress,Capital flow fading,24
2026-09-21,20260921-005246-91e60804,2026-09-21 00:52:46,Recurring Capital Partner,ares,Sun Belt,General Residential,2026-05-26,2026-05-27,2,0,0,40,0,0,Fading,No Clear Stress,Capital flow fading,24
2026-09-21,20260921-005246-91e60804,2026-09-21 00:52:46,Recurring Capital Partner,camden,Los Angeles / California,Apartment,2026-08-06,2026-08-07,2,0,0,40,0,0,Fading,No Clear Stress,Capital flow fading,24
2026-09-21,20260921-005246-91e60804,2026-09-21 00:52:46,Recurring Lender,cushman,Miami / Florida,Multifamily,2026-06-04,2026-06-05,2,0,40,0,0,0,Fading,No Clear Stress,Capital flow fading,24
2026-09-21,20260921-005246-91e60804,2026-09-21 00:52:46,Recurring Lender,cushman,Los Angeles / California,General Residential,2026-09-09,2026-09-10,2,0,40,0,0,0,Fading,No Clear Stress,Capital flow fading,24
2026-09-21,20260921-005246-91e60804,2026-09-21 00:52:46,Recurring Lender,cushman,Georgia,Apartment,2026-07-07,2026-07-07,2,0,40,0,0,0,Fading,No Clear Stress,Capital flow fading,24
2026-09-21,20260921-005246-91e60804,2026-09-21 00:52:46,Recurring Lender,jpmorgan,Other / Unknown,Multifamily,2026-08-19,2026-08-20,2,0,40,0,0,0,Fading,No Clear Stress,Capital flow fading,24
2026-09-21,20260921-005246-91e60804,2026-09-21 00:52:46,Recurring Lender,jpmorgan,San Francisco / California,Apartment,2026-08-05,2026-08-06,2,0,40,0,0,0,Fading,No Clear Stress,Capital flow fading,24
2026-09-21,20260921-005246-91e60804,2026-09-21 00:52:46,Recurring Capital Partner,kkr,New York,Apartment,2026-07-10,2026-07-12,2,0,0,40,0,0,Fading,No Clear Stress,Capital flow fading,24
2026-09-21,20260921-005246-91e60804,2026-09-21 00:52:46,Recurring Lender,northmarq,Atlanta / Georgia,Manufactured Housing,2026-07-07,2026-07-07,2,0,40,0,0,0,Fading,No Clear Stress,Capital flow fading,24
2026-09-21,20260921-005246-91e60804,2026-09-21 00:52:46,Recurring Capital Partner,udr,New York,Multifamily,2026-05-20,2026-05-20,2,0,0,40,0,0,Fading,No Clear Stress,Capital flow fading,24
2026-09-21,20260921-005246-91e60804,2026-09-21 00:52:46,Recurring Lender,walker & dunlop,Atlanta / Georgia,Apartment,2026-06-04,2026-06-05,2,0,40,0,0,0,Fading,No Clear Stress,Capital flow fading,24
2026-09-21,20260921-005246-91e60804,2026-09-21 00:52:46,Recurring Lender,walker & dunlop,Sun Belt,General Residential,2026-05-20,2026-05-20,2,0,40,0,0,0,Fading,No Clear Stress,Capital flow fading,24
2026-09-21,20260921-005246-91e60804,2026-09-21 00:52:46,Recurring Lender,walker & dunlop,Austin / Texas,Multifamily,2026-06-04,2026-06-05,2,0,40,0,0,0,Fading,No Clear Stress,Capital flow fading,24
2026-09-21,20260921-005246-91e60804,2026-09-21 00:52:46,Market-Level Capital Concentration,Arizona,Arizona,Student Housing,2026-09-11,2026-09-11,1,0,0,0,1,0,Fading,Monitor Debt Conditions,Capital flow fading,22
2026-09-21,20260921-005246-91e60804,2026-09-21 00:52:46,Recurring Lender,Berkadia,Tampa / Florida,Apartment,2026-09-02,2026-09-02,1,0,20,0,1,0,Fading,Monitor Debt Conditions,Capital flow fading,22
2026-09-21,20260921-005246-91e60804,2026-09-21 00:52:46,Recurring Lender,Berkadia,Texas,Mixed-Use Residential,2026-06-23,2026-06-23,1,0,20,0,1,0,Fading,Monitor Debt Conditions,Capital flow fading,22
2026-09-21,20260921-005246-91e60804,2026-09-21 00:52:46,Recurring Lender,Berkadia,Denver / Colorado,Apartment,2026-06-11,2026-06-11,1,0,20,0,1,0,Fading,Monitor Debt Conditions,Capital flow fading,22
2026-09-21,20260921-005246-91e60804,2026-09-21 00:52:46,Recurring Capital Partner,Blackstone,Texas,Mixed-Use Residential,2026-06-23,2026-06-23,1,0,0,20,1,0,Fading,Monitor Debt Conditions,Capital flow fading,22
2026-09-21,20260921-005246-91e60804,2026-09-21 00:52:46,Recurring Capital Partner,Blackstone,Sun Belt,Multifamily,2026-09-17,2026-09-17,1,0,0,20,1,0,Fading,Monitor Debt Conditions,Capital flow fading,22
2026-09-21,20260921-005246-91e60804,2026-09-21 00:52:46,Recurring Capital Partner,Blackstone,Dallas / Texas,Mixed-Use Residential,2026-06-23,2026-06-23,1,0,0,20,1,0,Fading,Monitor Debt Conditions,Capital flow fading,22
2026-09-21,20260921-005246-91e60804,2026-09-21 00:52:46,Recurring Capital Partner,Blackstone,Dallas / Texas,General Residential,2026-06-19,2026-06-19,1,0,0,20,1,0,Fading,Monitor Debt Conditions,Capital flow fading,22
2026-09-21,20260921-005246-91e60804,2026-09-21 00:52:46,Recurring Capital Partner,Blackstone,Miami / Florida,Apartment,2026-07-13,2026-07-13,1,0,0,20,1,0,Fading,Monitor Debt Conditions,Capital flow fading,22
2026-09-21,20260921-005246-91e60804,2026-09-21 00:52:46,Recurring Lender,CBRE,Seattle,Affordable Housing,2026-06-30,2026-06-30,1,0,20,0,0,1,Fading,No Clear Stress,Capital flow fading,22
2026-09-21,20260921-005246-91e60804,2026-09-21 00:52:46,Recurring Lender,CBRE,New York City / New York,General Residential,2026-08-06,2026-08-06,1,0,20,0,1,0,Fading,Monitor Debt Conditions,Capital flow fading,22
2026-09-21,20260921-005246-91e60804,2026-09-21 00:52:46,Market-Level Capital Concentration,Dallas / Texas,Dallas / Texas,General Residential,2026-06-19,2026-06-19,1,0,0,0,1,0,Fading,Monitor Debt Conditions,Capital flow fading,22
2026-09-21,20260921-005246-91e60804,2026-09-21 00:52:46,Recurring Lender,Fannie Mae,Seattle,Apartment,2026-08-11,2026-08-11,1,0,20,0,1,0,Fading,Monitor Debt Conditions,Capital flow fading,22
2026-09-21,20260921-005246-91e60804,2026-09-21 00:52:46,Recurring Lender,Fannie Mae,New York,Multifamily,2026-07-31,2026-07-31,1,0,20,0,1,0,Fading,Monitor Debt Conditions,Capital flow fading,22
2026-09-21,20260921-005246-91e60804,2026-09-21 00:52:46,Recurring Lender,Fannie Mae,Other / Unknown,Student Housing,2026-08-03,2026-08-03,1,0,20,0,1,0,Fading,Monitor Debt Conditions,Capital flow fading,22
2026-09-21,20260921-005246-91e60804,2026-09-21 00:52:46,Recurring Lender,Fannie Mae,California,Multifamily,2026-08-13,2026-08-13,1,0,20,0,1,0,Fading,Monitor Debt Conditions,Capital flow fading,22
2026-09-21,20260921-005246-91e60804,2026-09-21 00:52:46,Recurring Lender,Fannie Mae,Northern Virginia / Virginia,Multifamily,2026-07-13,2026-07-13,1,0,20,0,1,0,Fading,Monitor Debt Conditions,Capital flow fading,22
2026-09-21,20260921-005246-91e60804,2026-09-21 00:52:46,Recurring Lender,Fannie Mae,Austin / Texas,Multifamily,2026-06-29,2026-06-29,1,0,20,0,1,0,Fading,Monitor Debt Conditions,Capital flow fading,22
2026-09-21,20260921-005246-91e60804,2026-09-21 00:52:46,Recurring Lender,Fannie Mae,Nevada,Multifamily,2026-08-11,2026-08-11,1,0,20,0,1,0,Fading,Monitor Debt Conditions,Capital flow fading,22
2026-09-21,20260921-005246-91e60804,2026-09-21 00:52:46,Recurring Lender,Freddie Mac,National,Multifamily,2026-05-29,2026-05-29,1,0,20,0,1,0,Fading,Monitor Debt Conditions,Capital flow fading,22
2026-09-21,20260921-005246-91e60804,2026-09-21 00:52:46,Recurring Lender,Freddie Mac,Sun Belt,Apartment,2026-08-05,2026-08-05,1,0,20,0,1,0,Fading,Monitor Debt Conditions,Capital flow fading,22
2026-09-21,20260921-005246-91e60804,2026-09-21 00:52:46,Market-Level Capital Concentration,Houston / Texas,Houston / Texas,General Residential,2026-09-03,2026-09-03,1,0,0,0,1,0,Fading,Monitor Debt Conditions,Capital flow fading,22
2026-09-21,20260921-005246-91e60804,2026-09-21 00:52:46,Recurring Lender,JLL,Houston / Texas,General Residential,2026-09-03,2026-09-03,1,0,20,0,1,0,Fading,Monitor Debt Conditions,Capital flow fading,22
2026-09-21,20260921-005246-91e60804,2026-09-21 00:52:46,Recurring Lender,JLL,Tampa / Florida,Apartment,2026-07-21,2026-07-21,1,0,20,0,0,1,Fading,No Clear Stress,Capital flow fading,22
2026-09-21,20260921-005246-91e60804,2026-09-21 00:52:46,Recurring Lender,JLL,Tampa / Florida,Mixed-Use Residential,2026-07-31,2026-07-31,1,0,20,0,1,0,Fading,Monitor Debt Conditions,Capital flow fading,22
2026-09-21,20260921-005246-91e60804,2026-09-21 00:52:46,Recurring Lender,JLL,Washington DC,Multifamily,2026-08-11,2026-08-11,1,0,20,0,1,0,Fading,Monitor Debt Conditions,Capital flow fading,22
2026-09-21,20260921-005246-91e60804,2026-09-21 00:52:46,Recurring Lender,JLL,New York,Senior Housing,2026-06-17,2026-06-17,1,0,20,0,0,1,Fading,No Clear Stress,Capital flow fading,22
2026-09-21,20260921-005246-91e60804,2026-09-21 00:52:46,Recurring Lender,JLL,Florida,Apartment,2026-07-15,2026-07-15,1,0,20,0,0,1,Fading,No Clear Stress,Capital flow fading,22
2026-09-21,20260921-005246-91e60804,2026-09-21 00:52:46,Recurring Lender,JLL,Florida,Mixed-Use Residential,2026-07-10,2026-07-10,1,0,20,0,0,1,Fading,No Clear Stress,Capital flow fading,22
2026-09-21,20260921-005246-91e60804,2026-09-21 00:52:46,Recurring Lender,JLL,Baton Rouge / Louisiana,Multifamily,2026-07-31,2026-07-31,1,0,20,0,1,0,Fading,Monitor Debt Conditions,Capital flow fading,22
2026-09-21,20260921-005246-91e60804,2026-09-21 00:52:46,Recurring Lender,JLL,Dallas / Texas,Affordable Housing,2026-08-11,2026-08-11,1,0,20,0,1,0,Fading,Monitor Debt Conditions,Capital flow fading,22
2026-09-21,20260921-005246-91e60804,2026-09-21 00:52:46,Recurring Lender,JLL,Dallas / Texas,General Residential,2026-06-19,2026-06-19,1,0,20,0,1,0,Fading,Monitor Debt Conditions,Capital flow fading,22
2026-09-21,20260921-005246-91e60804,2026-09-21 00:52:46,Recurring Lender,JLL,Washington DC,Apartment,2026-08-13,2026-08-13,1,0,20,0,1,0,Fading,Monitor Debt Conditions,Capital flow fading,22
2026-09-21,20260921-005246-91e60804,2026-09-21 00:52:46,Market-Level Capital Concentration,Moreno Valley / California,Moreno Valley / California,Apartment,2026-06-01,2026-06-01,1,0,0,0,1,0,Fading,Monitor Debt Conditions,Capital flow fading,22
2026-09-21,20260921-005246-91e60804,2026-09-21 00:52:46,Market-Level Capital Concentration,Nevada,Nevada,Multifamily,2026-08-11,2026-08-11,1,0,0,0,1,0,Fading,Monitor Debt Conditions,Capital flow fading,22
2026-09-21,20260921-005246-91e60804,2026-09-21 00:52:46,Market-Level Capital Concentration,Northern Virginia / Virginia,Northern Virginia / Virginia,Multifamily,2026-07-13,2026-07-13,1,0,0,0,1,0,Fading,Monitor Debt Conditions,Capital flow fading,22
2026-09-21,20260921-005246-91e60804,2026-09-21 00:52:46,Recurring Capital Partner,ares,Denver / Colorado,Apartment,2026-06-17,2026-06-17,1,0,0,20,1,0,Fading,Monitor Debt Conditions,Capital flow fading,22
2026-09-21,20260921-005246-91e60804,2026-09-21 00:52:46,Recurring Lender,cushman,Other / Unknown,Mixed-Use Residential,2026-07-07,2026-07-07,1,0,20,0,1,0,Fading,Monitor Debt Conditions,Capital flow fading,22
2026-09-21,20260921-005246-91e60804,2026-09-21 00:52:46,Recurring Lender,cushman,Seattle,Apartment,2026-08-24,2026-08-24,1,0,20,0,1,0,Fading,Monitor Debt Conditions,Capital flow fading,22
2026-09-21,20260921-005246-91e60804,2026-09-21 00:52:46,Recurring Lender,cushman,Other / Unknown,Multifamily,2026-09-15,2026-09-15,1,0,20,0,0,1,Fading,No Clear Stress,Capital flow fading,22
2026-09-21,20260921-005246-91e60804,2026-09-21 00:52:46,Recurring Capital Partner,hines,New York,Multifamily,2026-05-19,2026-05-19,1,0,0,20,1,0,Fading,Monitor Debt Conditions,Capital flow fading,22
2026-09-21,20260921-005246-91e60804,2026-09-21 00:52:46,Recurring Capital Partner,hines,Other / Unknown,General Residential,2026-05-27,2026-05-27,1,0,0,20,1,0,Fading,Monitor Debt Conditions,Capital flow fading,22
2026-09-21,20260921-005246-91e60804,2026-09-21 00:52:46,Recurring Lender,jpmorgan,Miami / Florida,Apartment,2026-07-13,2026-07-13,1,0,20,0,1,0,Fading,Monitor Debt Conditions,Capital flow fading,22
2026-09-21,20260921-005246-91e60804,2026-09-21 00:52:46,Recurring Lender,pgim,Denver / Colorado,Multifamily,2026-07-28,2026-07-28,1,0,20,0,1,0,Fading,Monitor Debt Conditions,Capital flow fading,22
2026-09-21,20260921-005246-91e60804,2026-09-21 00:52:46,Recurring Lender,walker & dunlop,National,General Residential,2026-07-06,2026-07-06,1,0,20,0,0,1,Fading,No Clear Stress,Capital flow fading,22
2026-09-21,20260921-005246-91e60804,2026-09-21 00:52:46,Recurring Lender,walker & dunlop,New York City / New York,Multifamily,2026-07-10,2026-07-10,1,0,20,0,1,0,Fading,Monitor Debt Conditions,Capital flow fading,22
2026-09-21,20260921-005246-91e60804,2026-09-21 00:52:46,Recurring Lender,walker & dunlop,Colorado,Apartment,2026-07-10,2026-07-10,1,0,20,0,1,0,Fading,Monitor Debt Conditions,Capital flow fading,22
2026-09-21,20260921-005246-91e60804,2026-09-21 00:52:46,Recurring Lender,walker & dunlop,Phoenix / Arizona,Apartment,2026-07-31,2026-07-31,1,0,20,0,1,0,Fading,Monitor Debt Conditions,Capital flow fading,22
2026-09-21,20260921-005246-91e60804,2026-09-21 00:52:46,Institutional Capital Flow,Acquisition of Multifamily Property Management Company ResidentialOne,Washington DC,Apartment,2026-06-23,2026-06-23,1,0,0,20,0,0,Fading,No Clear Stress,Capital flow fading,12
2026-09-21,20260921-005246-91e60804,2026-09-21 00:52:46,Institutional Capital Flow,Adam America Real Estate,Florida,BTR / Single-Family Rental,2026-08-04,2026-08-04,1,0,0,20,0,0,Fading,No Clear Stress,Capital flow fading,12
2026-09-21,20260921-005246-91e60804,2026-09-21 00:52:46,Institutional Capital Flow,Affinius Capital,Houston / Texas,Mixed-Use Residential,2026-07-14,2026-07-14,1,0,0,20,0,0,Fading,No Clear Stress,Capital flow fading,12
2026-09-21,20260921-005246-91e60804,2026-09-21 00:52:46,Institutional Capital Flow,Affinius Capital,New York; New York City / New York,Apartment,2026-06-26,2026-06-26,1,0,0,20,0,0,Fading,No Clear Stress,Capital flow fading,12
2026-09-21,20260921-005246-91e60804,2026-09-21 00:52:46,Institutional Capital Flow,Affinius Capital,Houston / Texas; Other / Unknown,Apartment,2026-09-03,2026-09-03,1,0,0,20,0,0,Fading,No Clear Stress,Capital flow fading,12
2026-09-21,20260921-005246-91e60804,2026-09-21 00:52:46,Institutional Capital Flow,Affinius Capital,New York City / New York,Affordable Housing,2026-08-11,2026-08-11,1,0,0,20,0,0,Fading,No Clear Stress,Capital flow fading,12
2026-09-21,20260921-005246-91e60804,2026-09-21 00:52:46,Institutional Capital Flow,Affinius Capital,Tampa / Florida,Apartment,2026-07-01,2026-07-01,1,0,0,20,0,0,Fading,No Clear Stress,Capital flow fading,12
2026-09-21,20260921-005246-91e60804,2026-09-21 00:52:46,Institutional Capital Flow,Affinius Capital,Other / Unknown,Multifamily,2026-09-18,2026-09-18,1,0,0,20,0,0,Fading,No Clear Stress,Capital flow fading,12
2026-09-21,20260921-005246-91e60804,2026-09-21 00:52:46,Institutional Capital Flow,Affinius Capital,Tampa / Florida,Multifamily,2026-07-06,2026-07-06,1,0,0,20,0,0,Fading,No Clear Stress,Capital flow fading,12
2026-09-21,20260921-005246-91e60804,2026-09-21 00:52:46,Institutional Capital Flow,Affinius Capital,New York City / New York,Mixed-Use Residential,2026-06-25,2026-06-25,1,0,0,20,0,0,Fading,No Clear Stress,Capital flow fading,12
2026-09-21,20260921-005246-91e60804,2026-09-21 00:52:46,Institutional Capital Flow,Affinius Capital,Other / Unknown,Affordable Housing,2026-07-10,2026-07-10,1,0,0,20,0,0,Fading,No Clear Stress,Capital flow fading,12
2026-09-21,20260921-005246-91e60804,2026-09-21 00:52:46,Institutional Capital Flow,Affinius Capital,Florida,Student Housing,2026-07-17,2026-07-17,1,0,0,20,0,0,Fading,No Clear Stress,Capital flow fading,12
2026-09-21,20260921-005246-91e60804,2026-09-21 00:52:46,Institutional Capital Flow,Affinius Capital,Dallas / Texas,Apartment,2026-09-01,2026-09-01,1,0,0,20,0,0,Fading,No Clear Stress,Capital flow fading,12
2026-09-21,20260921-005246-91e60804,2026-09-21 00:52:46,Institutional Capital Flow,Affinius Capital,Atlanta / Georgia,Student Housing,2026-08-07,2026-08-07,1,0,0,20,0,0,Fading,No Clear Stress,Capital flow fading,12
2026-09-21,20260921-005246-91e60804,2026-09-21 00:52:46,Institutional Capital Flow,Affinius Capital,Other / Unknown,Mixed-Use Residential,2026-07-07,2026-07-07,1,0,0,20,0,0,Fading,No Clear Stress,Capital flow fading,12
2026-09-21,20260921-005246-91e60804,2026-09-21 00:52:46,Institutional Capital Flow,Affinius Capital,New York City / New York,Multifamily,2026-09-09,2026-09-09,1,0,0,20,0,0,Fading,No Clear Stress,Capital flow fading,12
2026-09-21,20260921-005246-91e60804,2026-09-21 00:52:46,Institutional Capital Flow,Affinius Capital,Tampa / Florida,Mixed-Use Residential,2026-06-30,2026-06-30,1,0,0,20,0,0,Fading,No Clear Stress,Capital flow fading,12
2026-09-21,20260921-005246-91e60804,2026-09-21 00:52:46,Institutional Capital Flow,Alliance Residential,Seattle,Apartment,2026-06-10,2026-06-10,1,0,0,20,0,0,Fading,No Clear Stress,Capital flow fading,12
2026-09-21,20260921-005246-91e60804,2026-09-21 00:52:46,Institutional Capital Flow,Alliance Residential,Houston / Texas,Mixed-Use Residential,2026-08-24,2026-08-24,1,0,0,20,0,0,Fading,No Clear Stress,Capital flow fading,12
2026-09-21,20260921-005246-91e60804,2026-09-21 00:52:46,Institutional Capital Flow,Ameris Bank,Florida,Mixed-Use Residential,2026-07-10,2026-07-10,1,0,0,20,0,0,Fading,No Clear Stress,Capital flow fading,12
2026-09-21,20260921-005246-91e60804,2026-09-21 00:52:46,Institutional Capital Flow,Apartment Tower Near Miami Metrorail Santander Bank,Miami / Florida,Apartment,2026-06-12,2026-06-12,1,0,0,20,0,0,Fading,No Clear Stress,Capital flow fading,12
2026-09-21,20260921-005246-91e60804,2026-09-21 00:52:46,Institutional Capital Flow,Ares Real Estate,Phoenix / Arizona,Apartment,2026-06-23,2026-06-23,1,0,0,20,0,0,Fading,No Clear Stress,Capital flow fading,12
2026-09-21,20260921-005246-91e60804,2026-09-21 00:52:46,Institutional Capital Flow,Argyle Real Estate Capital,Other / Unknown,Apartment,2026-07-17,2026-07-17,1,0,0,20,0,0,Fading,No Clear Stress,Capital flow fading,12
2026-09-21,20260921-005246-91e60804,2026-09-21 00:52:46,Institutional Capital Flow,Ariel Property Advisors,Other / Unknown,Multifamily,2026-09-14,2026-09-14,1,0,0,20,0,0,Fading,No Clear Stress,Capital flow fading,12
2026-09-21,20260921-005246-91e60804,2026-09-21 00:52:46,Institutional Capital Flow,Ariel Property Advisors,New York City / New York,Multifamily,2026-08-04,2026-08-04,1,0,0,20,0,0,Fading,No Clear Stress,Capital flow fading,12
2026-09-21,20260921-005246-91e60804,2026-09-21 00:52:46,Market-Level Capital Concentration,Arizona,Arizona,Mixed-Use Residential,2026-09-09,2026-09-09,1,0,0,0,0,0,Fading,No Clear Stress,Capital flow fading,12
2026-09-21,20260921-005246-91e60804,2026-09-21 00:52:46,Institutional Capital Flow,ArrowMark Partners,Salt Lake City / Utah,Apartment,2026-08-12,2026-08-12,1,0,0,20,0,0,Fading,No Clear Stress,Capital flow fading,12
2026-09-21,20260921-005246-91e60804,2026-09-21 00:52:46,Institutional Capital Flow,Asbury Park Condo Project Meridian Capital Group,New York,Apartment,2026-07-17,2026-07-17,1,0,0,20,0,0,Fading,No Clear Stress,Capital flow fading,12
2026-09-21,20260921-005246-91e60804,2026-09-21 00:52:46,Institutional Capital Flow,Asset Management,Miami / Florida; National,Apartment,2026-08-12,2026-08-12,1,0,0,20,0,0,Fading,No Clear Stress,Capital flow fading,12
2026-09-21,20260921-005246-91e60804,2026-09-21 00:52:46,Institutional Capital Flow,Associated Bank,Other / Unknown,Affordable Housing,2026-07-30,2026-07-30,1,0,0,20,0,0,Fading,No Clear Stress,Capital flow fading,12
2026-09-21,20260921-005246-91e60804,2026-09-21 00:52:46,Institutional Capital Flow,Associated Bank,Other / Unknown,BTR / Single-Family Rental,2026-06-16,2026-06-16,1,0,0,20,0,0,Fading,No Clear Stress,Capital flow fading,12
2026-09-21,20260921-005246-91e60804,2026-09-21 00:52:46,Market-Level Capital Concentration,Atlanta / Georgia,Atlanta / Georgia,Workforce Housing,2026-06-16,2026-06-16,1,0,0,0,0,0,Fading,No Clear Stress,Capital flow fading,12
2026-09-21,20260921-005246-91e60804,2026-09-21 00:52:46,Market-Level Capital Concentration,Austin / Texas,Austin / Texas,Student Housing,2026-09-02,2026-09-02,1,0,0,0,0,0,Fading,No Clear Stress,Capital flow fading,12
2026-09-21,20260921-005246-91e60804,2026-09-21 00:52:46,Institutional Capital Flow,AvalonBay,Nashville / Tennessee; Other / Unknown,Apartment,2026-08-19,2026-08-19,1,0,0,20,0,0,Fading,No Clear Stress,Capital flow fading,12
2026-09-21,20260921-005246-91e60804,2026-09-21 00:52:46,Institutional Capital Flow,AvalonBay,Miami / Florida,Apartment,2026-07-09,2026-07-09,1,0,0,20,0,0,Fading,No Clear Stress,Capital flow fading,12
2026-09-21,20260921-005246-91e60804,2026-09-21 00:52:46,Institutional Capital Flow,Avatar Financial Group LLC,National,Mixed-Use Residential,2026-09-02,2026-09-02,1,0,0,20,0,0,Fading,No Clear Stress,Capital flow fading,12
2026-09-21,20260921-005246-91e60804,2026-09-21 00:52:46,Institutional Capital Flow,Avison Young,Connecticut,Apartment,2026-07-14,2026-07-14,1,0,0,20,0,0,Fading,No Clear Stress,Capital flow fading,12
2026-09-21,20260921-005246-91e60804,2026-09-21 00:52:46,Institutional Capital Flow,BHI,Riverside / California,Mixed-Use Residential,2026-08-27,2026-08-27,1,0,0,20,0,0,Fading,No Clear Stress,Capital flow fading,12
2026-09-21,20260921-005246-91e60804,2026-09-21 00:52:46,Institutional Capital Flow,BWE,Miami / Florida; Other / Unknown,Apartment,2026-06-11,2026-06-11,1,0,0,20,0,0,Fading,No Clear Stress,Capital flow fading,12
2026-09-21,20260921-005246-91e60804,2026-09-21 00:52:46,Institutional Capital Flow,BWE,Louisville / Kentucky,Multifamily,2026-08-12,2026-08-12,1,0,0,20,0,0,Fading,No Clear Stress,Capital flow fading,12
2026-09-21,20260921-005246-91e60804,2026-09-21 00:52:46,Institutional Capital Flow,BWE,New York City / New York,Apartment,2026-07-23,2026-07-23,1,0,0,20,0,0,Fading,No Clear Stress,Capital flow fading,12
2026-09-21,20260921-005246-91e60804,2026-09-21 00:52:46,Institutional Capital Flow,BWE,National,Apartment,2026-07-01,2026-07-01,1,0,0,20,0,0,Fading,No Clear Stress,Capital flow fading,12
2026-09-21,20260921-005246-91e60804,2026-09-21 00:52:46,Institutional Capital Flow,BWE,Las Vegas / Nevada,Multifamily,2026-09-10,2026-09-10,1,0,0,20,0,0,Fading,No Clear Stress,Capital flow fading,12
2026-09-21,20260921-005246-91e60804,2026-09-21 00:52:46,Institutional Capital Flow,BWE,National; Other / Unknown,Apartment,2026-06-25,2026-06-25,1,0,0,20,0,0,Fading,No Clear Stress,Capital flow fading,12
2026-09-21,20260921-005246-91e60804,2026-09-21 00:52:46,Institutional Capital Flow,BWE,National,Multifamily,2026-08-28,2026-08-28,1,0,0,20,0,0,Fading,No Clear Stress,Capital flow fading,12
2026-09-21,20260921-005246-91e60804,2026-09-21 00:52:46,Institutional Capital Flow,Balbec Capital,Baton Rouge / Louisiana; Other / Unknown,Multifamily,2026-07-31,2026-07-31,1,0,0,20,0,0,Fading,No Clear Stress,Capital flow fading,12
2026-09-21,20260921-005246-91e60804,2026-09-21 00:52:46,Institutional Capital Flow,Bascom Group,Houston / Texas,Multifamily,2026-06-26,2026-06-26,1,0,0,20,0,0,Fading,No Clear Stress,Capital flow fading,12
2026-09-21,20260921-005246-91e60804,2026-09-21 00:52:46,Market-Level Capital Concentration,Baton Rouge / Louisiana,Baton Rouge / Louisiana,Apartment,2026-08-24,2026-08-24,1,0,0,0,0,0,Fading,No Clear Stress,Capital flow fading,12
2026-09-21,20260921-005246-91e60804,2026-09-21 00:52:46,Institutional Capital Flow,Beach Point Capital,Other / Unknown,Mixed-Use Residential,2026-08-12,2026-08-12,1,0,0,20,0,0,Fading,No Clear Stress,Capital flow fading,12
2026-09-21,20260921-005246-91e60804,2026-09-21 00:52:46,Institutional Capital Flow,Beacon Bank,Other / Unknown,Affordable Housing,2026-06-18,2026-06-18,1,0,0,20,0,0,Fading,No Clear Stress,Capital flow fading,12
2026-09-21,20260921-005246-91e60804,2026-09-21 00:52:46,Institutional Capital Flow,Beacon Bank,Other / Unknown,Apartment,2026-06-17,2026-06-17,1,0,0,20,0,0,Fading,No Clear Stress,Capital flow fading,12
2026-09-21,20260921-005246-91e60804,2026-09-21 00:52:46,Institutional Capital Flow,BedRock Real Estate Partners,New York City / New York,Affordable Housing,2026-08-04,2026-08-04,1,0,0,20,0,0,Fading,No Clear Stress,Capital flow fading,12
2026-09-21,20260921-005246-91e60804,2026-09-21 00:52:46,Institutional Capital Flow,Bell Partners,Other / Unknown; San Francisco / California,Apartment,2026-08-06,2026-08-06,1,0,0,20,0,0,Fading,No Clear Stress,Capital flow fading,12
2026-09-21,20260921-005246-91e60804,2026-09-21 00:52:46,Institutional Capital Flow,Bell Partners,Other / Unknown,Apartment,2026-08-11,2026-08-11,1,0,0,20,0,0,Fading,No Clear Stress,Capital flow fading,12
2026-09-21,20260921-005246-91e60804,2026-09-21 00:52:46,Institutional Capital Flow,Bell Partners,Northern Virginia / Virginia,Apartment,2026-09-18,2026-09-18,1,0,0,20,0,0,Fading,No Clear Stress,Capital flow fading,12
2026-09-21,20260921-005246-91e60804,2026-09-21 00:52:46,Institutional Capital Flow,Bender Equities Sells Two Multifamily Communities,Other / Unknown,Apartment,2026-09-16,2026-09-16,1,0,0,20,0,0,Fading,No Clear Stress,Capital flow fading,12
2026-09-21,20260921-005246-91e60804,2026-09-21 00:52:46,Institutional Capital Flow,Benefit Street Partners,Texas,Multifamily,2026-07-13,2026-07-13,1,0,0,20,0,0,Fading,No Clear Stress,Capital flow fading,12
2026-09-21,20260921-005246-91e60804,2026-09-21 00:52:46,Institutional Capital Flow,Benefit Street Partners,Florida; Tampa / Florida,Multifamily,2026-09-04,2026-09-04,1,0,0,20,0,0,Fading,No Clear Stress,Capital flow fading,12
2026-09-21,20260921-005246-91e60804,2026-09-21 00:52:46,Institutional Capital Flow,Benefit Street Partners,Austin / Texas,Multifamily,2026-08-11,2026-08-11,1,0,0,20,0,0,Fading,No Clear Stress,Capital flow fading,12
2026-09-21,20260921-005246-91e60804,2026-09-21 00:52:46,Institutional Capital Flow,Berkadia,Miami / Florida; Other / Unknown,BTR / Single-Family Rental,2026-08-05,2026-08-05,1,0,0,20,0,0,Fading,No Clear Stress,Capital flow fading,12
2026-09-21,20260921-005246-91e60804,2026-09-21 00:52:46,Institutional Capital Flow,Berkadia,Atlanta / Georgia; Phoenix / Arizona; San Francisco / California,Multifamily,2026-08-18,2026-08-18,1,0,0,20,0,0,Fading,No Clear Stress,Capital flow fading,12
2026-09-21,20260921-005246-91e60804,2026-09-21 00:52:46,Institutional Capital Flow,Berkadia,Florida; Other / Unknown,BTR / Single-Family Rental,2026-08-10,2026-08-10,1,0,0,20,0,0,Fading,No Clear Stress,Capital flow fading,12
2026-09-21,20260921-005246-91e60804,2026-09-21 00:52:46,Recurring Lender,Berkadia,Atlanta / Georgia,BTR / Single-Family Rental,2026-08-18,2026-08-18,1,0,20,0,0,0,Fading,No Clear Stress,Capital flow fading,12
2026-09-21,20260921-005246-91e60804,2026-09-21 00:52:46,Institutional Capital Flow,Berkadia,Miami / Florida; Tampa / Florida,Apartment,2026-09-02,2026-09-02,1,0,0,20,0,0,Fading,No Clear Stress,Capital flow fading,12
2026-09-21,20260921-005246-91e60804,2026-09-21 00:52:46,Institutional Capital Flow,Berkadia,Denver / Colorado; Florida; Houston / Texas; Miami / Florida; New York; Sun Belt; Virginia,Apartment,2026-06-11,2026-06-11,1,0,0,20,0,0,Fading,No Clear Stress,Capital flow fading,12
2026-09-21,20260921-005246-91e60804,2026-09-21 00:52:46,Institutional Capital Flow,Berkadia,Houston / Texas; Washington DC,Apartment,2026-07-28,2026-07-28,1,0,0,20,0,0,Fading,No Clear Stress,Capital flow fading,12
2026-09-21,20260921-005246-91e60804,2026-09-21 00:52:46,Institutional Capital Flow,Berkadia,Miami / Florida,Multifamily,2026-09-03,2026-09-03,1,0,0,20,0,0,Fading,No Clear Stress,Capital flow fading,12
2026-09-21,20260921-005246-91e60804,2026-09-21 00:52:46,Recurring Lender,Berkadia,Other / Unknown,Multifamily,2026-07-15,2026-07-15,1,0,20,0,0,0,Fading,No Clear Stress,Capital flow fading,12
2026-09-21,20260921-005246-91e60804,2026-09-21 00:52:46,Recurring Lender,Berkadia,Miami / Florida,BTR / Single-Family Rental,2026-08-05,2026-08-05,1,0,20,0,0,0,Fading,No Clear Stress,Capital flow fading,12
2026-09-21,20260921-005246-91e60804,2026-09-21 00:52:46,Recurring Lender,Berkadia,Georgia,Apartment,2026-08-12,2026-08-12,1,0,20,0,0,0,Fading,No Clear Stress,Capital flow fading,12
2026-09-21,20260921-005246-91e60804,2026-09-21 00:52:46,Recurring Lender,Berkadia,Colorado,Senior Housing,2026-07-17,2026-07-17,1,0,20,0,0,0,Fading,No Clear Stress,Capital flow fading,12
2026-09-21,20260921-005246-91e60804,2026-09-21 00:52:46,Recurring Lender,Berkadia,Austin / Texas,Affordable Housing,2026-09-09,2026-09-09,1,0,20,0,0,0,Fading,No Clear Stress,Capital flow fading,12
2026-09-21,20260921-005246-91e60804,2026-09-21 00:52:46,Institutional Capital Flow,Berkadia,Sun Belt,Multifamily,2026-08-03,2026-08-03,1,0,0,20,0,0,Fading,No Clear Stress,Capital flow fading,12
2026-09-21,20260921-005246-91e60804,2026-09-21 00:52:46,Institutional Capital Flow,Berkadia,Miami / Florida; Other / Unknown,Multifamily,2026-07-15,2026-07-15,1,0,0,20,0,0,Fading,No Clear Stress,Capital flow fading,12
2026-09-21,20260921-005246-91e60804,2026-09-21 00:52:46,Institutional Capital Flow,Berkadia,Houston / Texas; Virginia,Apartment,2026-06-07,2026-06-07,1,0,0,20,0,0,Fading,No Clear Stress,Capital flow fading,12
2026-09-21,20260921-005246-91e60804,2026-09-21 00:52:46,Institutional Capital Flow,Berkadia,Austin / Texas; Miami / Florida; Other / Unknown,Affordable Housing,2026-09-09,2026-09-09,1,0,0,20,0,0,Fading,No Clear Stress,Capital flow fading,12
2026-09-21,20260921-005246-91e60804,2026-09-21 00:52:46,Institutional Capital Flow,Berkadia,Colorado,Senior Housing,2026-07-17,2026-07-17,1,0,0,20,0,0,Fading,No Clear Stress,Capital flow fading,12
2026-09-21,20260921-005246-91e60804,2026-09-21 00:52:46,Institutional Capital Flow,Berkadia,Florida; Miami / Florida,Mixed-Use Residential,2026-06-10,2026-06-10,1,0,0,20,0,0,Fading,No Clear Stress,Capital flow fading,12
2026-09-21,20260921-005246-91e60804,2026-09-21 00:52:46,Institutional Capital Flow,Berkadia,Houston / Texas; Miami / Florida; Virginia,Apartment,2026-06-08,2026-06-08,1,0,0,20,0,0,Fading,No Clear Stress,Capital flow fading,12
2026-09-21,20260921-005246-91e60804,2026-09-21 00:52:46,Recurring Lender,Berkadia,Atlanta / Georgia,Multifamily,2026-07-13,2026-07-13,1,0,20,0,0,0,Fading,No Clear Stress,Capital flow fading,12
2026-09-21,20260921-005246-91e60804,2026-09-21 00:52:46,Institutional Capital Flow,Berkadia,California; San Francisco / California,Multifamily,2026-07-24,2026-07-24,1,0,0,20,0,0,Fading,No Clear Stress,Capital flow fading,12
2026-09-21,20260921-005246-91e60804,2026-09-21 00:52:46,Institutional Capital Flow,Berkadia,Houston / Texas; Miami / Florida; New York,Apartment,2026-06-12,2026-06-12,1,0,0,20,0,0,Fading,No Clear Stress,Capital flow fading,12
2026-09-21,20260921-005246-91e60804,2026-09-21 00:52:46,Recurring Lender,Berkadia,San Francisco / California,Apartment,2026-07-31,2026-07-31,1,0,20,0,0,0,Fading,No Clear Stress,Capital flow fading,12
2026-09-21,20260921-005246-91e60804,2026-09-21 00:52:46,Recurring Lender,Berkadia,Other / Unknown,Affordable Housing,2026-09-09,2026-09-09,1,0,20,0,0,0,Fading,No Clear Stress,Capital flow fading,12
2026-09-21,20260921-005246-91e60804,2026-09-21 00:52:46,Institutional Capital Flow,Berkadia,California; Dallas / Texas; Texas,Mixed-Use Residential,2026-06-23,2026-06-23,1,0,0,20,0,0,Fading,No Clear Stress,Capital flow fading,12
2026-09-21,20260921-005246-91e60804,2026-09-21 00:52:46,Institutional Capital Flow,Berkadia,Atlanta / Georgia; Washington DC,Apartment,2026-07-20,2026-07-20,1,0,0,20,0,0,Fading,No Clear Stress,Capital flow fading,12
2026-09-21,20260921-005246-91e60804,2026-09-21 00:52:46,Institutional Capital Flow,Berkadia,Florida; Georgia; Miami / Florida; National,Apartment,2026-08-12,2026-08-12,1,0,0,20,0,0,Fading,No Clear Stress,Capital flow fading,12
2026-09-21,20260921-005246-91e60804,2026-09-21 00:52:46,Institutional Capital Flow,Berkadia,Austin / Texas; National,Affordable Housing,2026-07-07,2026-07-07,1,0,0,20,0,0,Fading,No Clear Stress,Capital flow fading,12
2026-09-21,20260921-005246-91e60804,2026-09-21 00:52:46,Institutional Capital Flow,Berkadia,San Francisco / California,Apartment,2026-07-31,2026-07-31,1,0,0,20,0,0,Fading,No Clear Stress,Capital flow fading,12
2026-09-21,20260921-005246-91e60804,2026-09-21 00:52:46,Institutional Capital Flow,Berkadia,Dallas / Texas; Miami / Florida,Mixed-Use Residential,2026-06-23,2026-06-23,1,0,0,20,0,0,Fading,No Clear Stress,Capital flow fading,12
2026-09-21,20260921-005246-91e60804,2026-09-21 00:52:46,Institutional Capital Flow,Berkadia,Florida,Multifamily,2026-07-14,2026-07-14,1,0,0,20,0,0,Fading,No Clear Stress,Capital flow fading,12
2026-09-21,20260921-005246-91e60804,2026-09-21 00:52:46,Institutional Capital Flow,Berkadia,Houston / Texas; Miami / Florida,Apartment,2026-09-17,2026-09-17,1,0,0,20,0,0,Fading,No Clear Stress,Capital flow fading,12
2026-09-21,20260921-005246-91e60804,2026-09-21 00:52:46,Institutional Capital Flow,Berkadia,Sun Belt; Virginia,Multifamily,2026-07-10,2026-07-10,1,0,0,20,0,0,Fading,No Clear Stress,Capital flow fading,12
2026-09-21,20260921-005246-91e60804,2026-09-21 00:52:46,Recurring Lender,Berkadia,Phoenix / Arizona,BTR / Single-Family Rental,2026-07-28,2026-07-28,1,0,20,0,0,0,Fading,No Clear Stress,Capital flow fading,12
2026-09-21,20260921-005246-91e60804,2026-09-21 00:52:46,Institutional Capital Flow,Berkadia,Dallas / Texas; Sun Belt,Multifamily,2026-06-25,2026-06-25,1,0,0,20,0,0,Fading,No Clear Stress,Capital flow fading,12
2026-09-21,20260921-005246-91e60804,2026-09-21 00:52:46,Recurring Lender,Berkadia,Florida,BTR / Single-Family Rental,2026-08-10,2026-08-10,1,0,20,0,0,0,Fading,No Clear Stress,Capital flow fading,12
2026-09-21,20260921-005246-91e60804,2026-09-21 00:52:46,Institutional Capital Flow,Berkadia,Austin / Texas; Florida,Multifamily,2026-06-29,2026-06-29,1,0,0,20,0,0,Fading,No Clear Stress,Capital flow fading,12
2026-09-21,20260921-005246-91e60804,2026-09-21 00:52:46,Institutional Capital Flow,Berkadia,Phoenix / Arizona,BTR / Single-Family Rental,2026-07-28,2026-07-28,1,0,0,20,0,0,Fading,No Clear Stress,Capital flow fading,12
2026-09-21,20260921-005246-91e60804,2026-09-21 00:52:46,Institutional Capital Flow,Berkadia,Other / Unknown; Phoenix / Arizona; Sun Belt,Apartment,2026-08-27,2026-08-27,1,0,0,20,0,0,Fading,No Clear Stress,Capital flow fading,12
2026-09-21,20260921-005246-91e60804,2026-09-21 00:52:46,Recurring Lender,Berkadia,New York,Apartment,2026-05-21,2026-05-21,1,0,20,0,0,0,Fading,No Clear Stress,Capital flow fading,12
2026-09-21,20260921-005246-91e60804,2026-09-21 00:52:46,Institutional Capital Flow,Berkadia,Atlanta / Georgia; Washington DC,Multifamily,2026-07-13,2026-07-13,1,0,0,20,0,0,Fading,No Clear Stress,Capital flow fading,12
2026-09-21,20260921-005246-91e60804,2026-09-21 00:52:46,Institutional Capital Flow,Berkadia,Miami / Florida; Phoenix / Arizona,Apartment,2026-08-20,2026-08-20,1,0,0,20,0,0,Fading,No Clear Stress,Capital flow fading,12
2026-09-21,20260921-005246-91e60804,2026-09-21 00:52:46,Institutional Capital Flow,Bernard Financial Group,Other / Unknown,Apartment,2026-06-26,2026-06-26,1,0,0,20,0,0,Fading,No Clear Stress,Capital flow fading,12
2026-09-21,20260921-005246-91e60804,2026-09-21 00:52:46,Institutional Capital Flow,Blackstone,Dallas / Texas; Sun Belt,Multifamily,2026-09-17,2026-09-17,1,0,0,20,0,0,Fading,No Clear Stress,Capital flow fading,12
2026-09-21,20260921-005246-91e60804,2026-09-21 00:52:46,Recurring Capital Partner,Blackstone,Other / Unknown,General Residential,2026-05-27,2026-05-27,1,0,0,20,0,0,Fading,No Clear Stress,Capital flow fading,12
2026-09-21,20260921-005246-91e60804,2026-09-21 00:52:46,Institutional Capital Flow,Blackstone,San Francisco / California,General Residential,2026-06-25,2026-06-25,1,0,0,20,0,0,Fading,No Clear Stress,Capital flow fading,12
2026-09-21,20260921-005246-91e60804,2026-09-21 00:52:46,Recurring Capital Partner,Blackstone,Houston / Texas,Affordable Housing,2026-08-25,2026-08-25,1,0,0,20,0,0,Fading,No Clear Stress,Capital flow fading,12
2026-09-21,20260921-005246-91e60804,2026-09-21 00:52:46,Recurring Capital Partner,Blackstone,Other / Unknown,Senior Housing,2026-06-11,2026-06-11,1,0,0,20,0,0,Fading,No Clear Stress,Capital flow fading,12
2026-09-21,20260921-005246-91e60804,2026-09-21 00:52:46,Institutional Capital Flow,Blackstone,Miami / Florida,Apartment,2026-07-13,2026-07-13,1,0,0,20,0,0,Fading,No Clear Stress,Capital flow fading,12
2026-09-21,20260921-005246-91e60804,2026-09-21 00:52:46,Institutional Capital Flow,Blackstone,Houston / Texas,Affordable Housing,2026-08-25,2026-08-25,1,0,0,20,0,0,Fading,No Clear Stress,Capital flow fading,12
2026-09-21,20260921-005246-91e60804,2026-09-21 00:52:46,Institutional Capital Flow,Blackstone,Other / Unknown,Senior Housing,2026-06-11,2026-06-11,1,0,0,20,0,0,Fading,No Clear Stress,Capital flow fading,12
2026-09-21,20260921-005246-91e60804,2026-09-21 00:52:46,Institutional Capital Flow,Blackstone,New York; Other / Unknown; Sun Belt,General Residential,2026-05-27,2026-05-27,1,0,0,20,0,0,Fading,No Clear Stress,Capital flow fading,12
2026-09-21,20260921-005246-91e60804,2026-09-21 00:52:46,Institutional Capital Flow,Blackstone,Other / Unknown,Apartment,2026-07-31,2026-07-31,1,0,0,20,0,0,Fading,No Clear Stress,Capital flow fading,12
2026-09-21,20260921-005246-91e60804,2026-09-21 00:52:46,Institutional Capital Flow,Blackstone,San Francisco / California; Texas,Mixed-Use Residential,2026-06-23,2026-06-23,1,0,0,20,0,0,Fading,No Clear Stress,Capital flow fading,12
2026-09-21,20260921-005246-91e60804,2026-09-21 00:52:46,Institutional Capital Flow,Blackstone,Dallas / Texas,General Residential,2026-06-19,2026-06-19,1,0,0,20,0,0,Fading,No Clear Stress,Capital flow fading,12
2026-09-21,20260921-005246-91e60804,2026-09-21 00:52:46,Recurring Capital Partner,Blackstone,Austin / Texas,Affordable Housing,2026-06-18,2026-06-18,1,0,0,20,0,0,Fading,No Clear Stress,Capital flow fading,12
2026-09-21,20260921-005246-91e60804,2026-09-21 00:52:46,Recurring Capital Partner,Blackstone,Other / Unknown,Apartment,2026-07-31,2026-07-31,1,0,0,20,0,0,Fading,No Clear Stress,Capital flow fading,12
2026-09-21,20260921-005246-91e60804,2026-09-21 00:52:46,Institutional Capital Flow,Blackstone,Austin / Texas,Affordable Housing,2026-06-18,2026-06-18,1,0,0,20,0,0,Fading,No Clear Stress,Capital flow fading,12
2026-09-21,20260921-005246-91e60804,2026-09-21 00:52:46,Institutional Capital Flow,Blue Owl Capital,New York City / New York,General Residential,2026-08-06,2026-08-06,1,0,0,20,0,0,Fading,No Clear Stress,Capital flow fading,12
2026-09-21,20260921-005246-91e60804,2026-09-21 00:52:46,Institutional Capital Flow,Bravo Property Trust,Other / Unknown,Apartment,2026-07-07,2026-07-07,1,0,0,20,0,0,Fading,No Clear Stress,Capital flow fading,12
2026-09-21,20260921-005246-91e60804,2026-09-21 00:52:46,Institutional Capital Flow,Bridge Investment Group,Georgia,BTR / Single-Family Rental,2026-06-19,2026-06-19,1,0,0,20,0,0,Fading,No Clear Stress,Capital flow fading,12
2026-09-21,20260921-005246-91e60804,2026-09-21 00:52:46,Institutional Capital Flow,Bridge Investment Group,New York,Apartment,2026-08-10,2026-08-10,1,0,0,20,0,0,Fading,No Clear Stress,Capital flow fading,12
2026-09-21,20260921-005246-91e60804,2026-09-21 00:52:46,Institutional Capital Flow,Bridge Investment Group,Phoenix / Arizona,Mixed-Use Residential,2026-09-15,2026-09-15,1,0,0,20,0,0,Fading,No Clear Stress,Capital flow fading,12
2026-09-21,20260921-005246-91e60804,2026-09-21 00:52:46,Institutional Capital Flow,Broadshore Capital,California,Apartment,2026-07-03,2026-07-03,1,0,0,20,0,0,Fading,No Clear Stress,Capital flow fading,12
2026-09-21,20260921-005246-91e60804,2026-09-21 00:52:46,Institutional Capital Flow,Bronx Housing Development Residential,New York City / New York,Affordable Housing,2026-07-17,2026-07-17,1,0,0,20,0,0,Fading,No Clear Stress,Capital flow fading,12
2026-09-21,20260921-005246-91e60804,2026-09-21 00:52:46,Institutional Capital Flow,Brook Farm Group,Atlanta / Georgia,Multifamily,2026-08-04,2026-08-04,1,0,0,20,0,0,Fading,No Clear Stress,Capital flow fading,12
2026-09-21,20260921-005246-91e60804,2026-09-21 00:52:46,Recurring Capital Partner,Brookfield,National,General Residential,2026-07-23,2026-07-23,1,0,0,20,0,0,Fading,No Clear Stress,Capital flow fading,12
2026-09-21,20260921-005246-91e60804,2026-09-21 00:52:46,Institutional Capital Flow,Brookfield,National; Other / Unknown,Apartment,2026-05-21,2026-05-21,1,0,0,20,0,0,Fading,No Clear Stress,Capital flow fading,12
2026-09-21,20260921-005246-91e60804,2026-09-21 00:52:46,Recurring Capital Partner,Brookfield,Denver / Colorado,General Residential,2026-07-20,2026-07-20,1,0,0,20,0,0,Fading,No Clear Stress,Capital flow fading,12
2026-09-21,20260921-005246-91e60804,2026-09-21 00:52:46,Institutional Capital Flow,Brookfield,Denver / Colorado,General Residential,2026-07-20,2026-07-20,1,0,0,20,0,0,Fading,No Clear Stress,Capital flow fading,12
2026-09-21,20260921-005246-91e60804,2026-09-21 00:52:46,Institutional Capital Flow,Brookfield,Arizona; Phoenix / Arizona,Mixed-Use Residential,2026-09-09,2026-09-09,1,0,0,20,0,0,Fading,No Clear Stress,Capital flow fading,12
2026-09-21,20260921-005246-91e60804,2026-09-21 00:52:46,Institutional Capital Flow,Brookfield,National,General Residential,2026-07-23,2026-07-23,1,0,0,20,0,0,Fading,No Clear Stress,Capital flow fading,12
2026-09-21,20260921-005246-91e60804,2026-09-21 00:52:46,Recurring Capital Partner,Brookfield,Arizona,Mixed-Use Residential,2026-09-09,2026-09-09,1,0,0,20,0,0,Fading,No Clear Stress,Capital flow fading,12
2026-09-21,20260921-005246-91e60804,2026-09-21 00:52:46,Institutional Capital Flow,Brooklyn New York JLL Capital,New York City / New York,Multifamily,2026-06-19,2026-06-19,1,0,0,20,0,0,Fading,No Clear Stress,Capital flow fading,12
2026-09-21,20260921-005246-91e60804,2026-09-21 00:52:46,Institutional Capital Flow,Build Miami Condo SME Capital,Miami / Florida,General Residential,2026-09-10,2026-09-10,1,0,0,20,0,0,Fading,No Clear Stress,Capital flow fading,12
2026-09-21,20260921-005246-91e60804,2026-09-21 00:52:46,Institutional Capital Flow,Built Turtle Bay Apartments M&T Realty Capital,New York City / New York,Apartment,2026-07-24,2026-07-24,1,0,0,20,0,0,Fading,No Clear Stress,Capital flow fading,12
2026-09-21,20260921-005246-91e60804,2026-09-21 00:52:46,Institutional Capital Flow,CAPREIT,New York,Apartment,2026-06-12,2026-06-12,1,0,0,20,0,0,Fading,No Clear Stress,Capital flow fading,12
2026-09-21,20260921-005246-91e60804,2026-09-21 00:52:46,Institutional Capital Flow,CBRE,California; Miami / Florida; New York City / New York,General Residential,2026-08-28,2026-08-28,1,0,0,20,0,0,Fading,No Clear Stress,Capital flow fading,12
2026-09-21,20260921-005246-91e60804,2026-09-21 00:52:46,Institutional Capital Flow,CBRE,California; Other / Unknown,Affordable Housing,2026-06-18,2026-06-18,1,0,0,20,0,0,Fading,No Clear Stress,Capital flow fading,12
2026-09-21,20260921-005246-91e60804,2026-09-21 00:52:46,Institutional Capital Flow,CBRE,California; Los Angeles / California,Apartment,2026-07-31,2026-07-31,1,0,0,20,0,0,Fading,No Clear Stress,Capital flow fading,12
2026-09-21,20260921-005246-91e60804,2026-09-21 00:52:46,Institutional Capital Flow,CBRE,Los Angeles / California; Seattle; Washington DC,Apartment,2026-08-04,2026-08-04,1,0,0,20,0,0,Fading,No Clear Stress,Capital flow fading,12
2026-09-21,20260921-005246-91e60804,2026-09-21 00:52:46,Institutional Capital Flow,CBRE,New York City / New York; Phoenix / Arizona,Apartment,2026-07-21,2026-07-21,1,0,0,20,0,0,Fading,No Clear Stress,Capital flow fading,12
2026-09-21,20260921-005246-91e60804,2026-09-21 00:52:46,Institutional Capital Flow,CBRE,Other / Unknown; Santa Monica / California,Apartment,2026-08-14,2026-08-14,1,0,0,20,0,0,Fading,No Clear Stress,Capital flow fading,12
2026-09-21,20260921-005246-91e60804,2026-09-21 00:52:46,Institutional Capital Flow,CBRE,California; Miami / Florida,General Residential,2026-08-27,2026-08-27,1,0,0,20,0,0,Fading,No Clear Stress,Capital flow fading,12
2026-09-21,20260921-005246-91e60804,2026-09-21 00:52:46,Recurring Lender,CBRE,Connecticut,Apartment,2026-07-10,2026-07-10,1,0,20,0,0,0,Fading,No Clear Stress,Capital flow fading,12
2026-09-21,20260921-005246-91e60804,2026-09-21 00:52:46,Institutional Capital Flow,CBRE,California; Seattle,General Residential,2026-09-17,2026-09-17,1,0,0,20,0,0,Fading,No Clear Stress,Capital flow fading,12
2026-09-21,20260921-005246-91e60804,2026-09-21 00:52:46,Institutional Capital Flow,CBRE,California; Santa Monica / California,Apartment,2026-07-30,2026-07-30,1,0,0,20,0,0,Fading,No Clear Stress,Capital flow fading,12
2026-09-21,20260921-005246-91e60804,2026-09-21 00:52:46,Institutional Capital Flow,CBRE,New York City / New York; Seattle,Apartment,2026-08-06,2026-08-06,1,0,0,20,0,0,Fading,No Clear Stress,Capital flow fading,12
2026-09-21,20260921-005246-91e60804,2026-09-21 00:52:46,Institutional Capital Flow,CBRE,California; Denver / Colorado; Phoenix / Arizona; Seattle,Apartment,2026-07-06,2026-07-06,1,0,0,20,0,0,Fading,No Clear Stress,Capital flow fading,12
2026-09-21,20260921-005246-91e60804,2026-09-21 00:52:46,Institutional Capital Flow,CBRE,California; National; New York,Apartment,2026-08-19,2026-08-19,1,0,0,20,0,0,Fading,No Clear Stress,Capital flow fading,12
2026-09-21,20260921-005246-91e60804,2026-09-21 00:52:46,Institutional Capital Flow,CBRE,California; New York; Seattle,Apartment,2026-09-04,2026-09-04,1,0,0,20,0,0,Fading,No Clear Stress,Capital flow fading,12
2026-09-21,20260921-005246-91e60804,2026-09-21 00:52:46,Recurring Lender,CBRE,National,Mixed-Use Residential,2026-08-19,2026-08-19,1,0,20,0,0,0,Fading,No Clear Stress,Capital flow fading,12
2026-09-21,20260921-005246-91e60804,2026-09-21 00:52:46,Institutional Capital Flow,CBRE,Connecticut; New York; Seattle,Apartment,2026-07-10,2026-07-10,1,0,0,20,0,0,Fading,No Clear Stress,Capital flow fading,12
2026-09-21,20260921-005246-91e60804,2026-09-21 00:52:46,Institutional Capital Flow,CBRE,Miami / Florida,General Residential,2026-08-24,2026-08-24,1,0,0,20,0,0,Fading,No Clear Stress,Capital flow fading,12
2026-09-21,20260921-005246-91e60804,2026-09-21 00:52:46,Institutional Capital Flow,CBRE,California; Florida; San Francisco / California; Seattle,General Residential,2026-06-30,2026-06-30,1,0,0,20,0,0,Fading,No Clear Stress,Capital flow fading,12
2026-09-21,20260921-005246-91e60804,2026-09-21 00:52:46,Recurring Lender,CBRE,Atlanta / Georgia,General Residential,2026-07-07,2026-07-07,1,0,20,0,0,0,Fading,No Clear Stress,Capital flow fading,12
2026-09-21,20260921-005246-91e60804,2026-09-21 00:52:46,Institutional Capital Flow,CBRE,Nashville / Tennessee; Other / Unknown,Apartment,2026-08-17,2026-08-17,1,0,0,20,0,0,Fading,No Clear Stress,Capital flow fading,12
2026-09-21,20260921-005246-91e60804,2026-09-21 00:52:46,Recurring Lender,CBRE,California,Student Housing,2026-09-04,2026-09-04,1,0,20,0,0,0,Fading,No Clear Stress,Capital flow fading,12
2026-09-21,20260921-005246-91e60804,2026-09-21 00:52:46,Recurring Lender,CBRE,Sun Belt,Multifamily,2026-05-19,2026-05-19,1,0,20,0,0,0,Fading,No Clear Stress,Capital flow fading,12
2026-09-21,20260921-005246-91e60804,2026-09-21 00:52:46,Institutional Capital Flow,CBRE,Other / Unknown,General Residential,2026-07-28,2026-07-28,1,0,0,20,0,0,Fading,No Clear Stress,Capital flow fading,12
2026-09-21,20260921-005246-91e60804,2026-09-21 00:52:46,Institutional Capital Flow,CBRE,California; Seattle,Affordable Housing,2026-06-19,2026-06-19,1,0,0,20,0,0,Fading,No Clear Stress,Capital flow fading,12
2026-09-21,20260921-005246-91e60804,2026-09-21 00:52:46,Institutional Capital Flow,CBRE,Sun Belt,General Residential,2026-09-09,2026-09-09,1,0,0,20,0,0,Fading,No Clear Stress,Capital flow fading,12
2026-09-21,20260921-005246-91e60804,2026-09-21 00:52:46,Institutional Capital Flow,CBRE,California; Other / Unknown; Seattle; Texas,Apartment,2026-06-25,2026-06-25,1,0,0,20,0,0,Fading,No Clear Stress,Capital flow fading,12
2026-09-21,20260921-005246-91e60804,2026-09-21 00:52:46,Institutional Capital Flow,CBRE,Los Angeles / California; Miami / Florida; Riverside / California,Apartment,2026-09-02,2026-09-02,1,0,0,20,0,0,Fading,No Clear Stress,Capital flow fading,12
2026-09-21,20260921-005246-91e60804,2026-09-21 00:52:46,Institutional Capital Flow,CBRE,California; Miami / Florida,Apartment,2026-07-09,2026-07-09,1,0,0,20,0,0,Fading,No Clear Stress,Capital flow fading,12
2026-09-21,20260921-005246-91e60804,2026-09-21 00:52:46,Institutional Capital Flow,CBRE,New York; Seattle,Apartment,2026-07-12,2026-07-12,1,0,0,20,0,0,Fading,No Clear Stress,Capital flow fading,12
2026-09-21,20260921-005246-91e60804,2026-09-21 00:52:46,Recurring Lender,CBRE,Southeast,Apartment,2026-09-03,2026-09-03,1,0,20,0,0,0,Fading,No Clear Stress,Capital flow fading,12
2026-09-21,20260921-005246-91e60804,2026-09-21 00:52:46,Recurring Lender,CBRE,New York City / New York,Apartment,2026-07-21,2026-07-21,1,0,20,0,0,0,Fading,No Clear Stress,Capital flow fading,12
2026-09-21,20260921-005246-91e60804,2026-09-21 00:52:46,Institutional Capital Flow,CBRE,Atlanta / Georgia; California,General Residential,2026-07-07,2026-07-07,1,0,0,20,0,0,Fading,No Clear Stress,Capital flow fading,12
2026-09-21,20260921-005246-91e60804,2026-09-21 00:52:46,Institutional Capital Flow,CBRE,California; Louisville / Kentucky; San Francisco / California,Apartment,2026-06-29,2026-06-29,1,0,0,20,0,0,Fading,No Clear Stress,Capital flow fading,12
2026-09-21,20260921-005246-91e60804,2026-09-21 00:52:46,Institutional Capital Flow,CBRE,California; Other / Unknown; Seattle,Multifamily,2026-09-18,2026-09-18,1,0,0,20,0,0,Fading,No Clear Stress,Capital flow fading,12
2026-09-21,20260921-005246-91e60804,2026-09-21 00:52:46,Recurring Lender,CBRE,Washington DC,Apartment,2026-08-04,2026-08-04,1,0,20,0,0,0,Fading,No Clear Stress,Capital flow fading,12
2026-09-21,20260921-005246-91e60804,2026-09-21 00:52:46,Recurring Lender,CBRE,Arizona,Apartment,2026-08-05,2026-08-05,1,0,20,0,0,0,Fading,No Clear Stress,Capital flow fading,12
2026-09-21,20260921-005246-91e60804,2026-09-21 00:52:46,Institutional Capital Flow,CBRE,New York; Seattle,Mixed-Use Residential,2026-07-11,2026-07-11,1,0,0,20,0,0,Fading,No Clear Stress,Capital flow fading,12
2026-09-21,20260921-005246-91e60804,2026-09-21 00:52:46,Recurring Lender,CBRE,Florida,Student Housing,2026-06-30,2026-06-30,1,0,20,0,0,0,Fading,No Clear Stress,Capital flow fading,12
2026-09-21,20260921-005246-91e60804,2026-09-21 00:52:46,Recurring Lender,CBRE,Denver / Colorado,Apartment,2026-07-06,2026-07-06,1,0,20,0,0,0,Fading,No Clear Stress,Capital flow fading,12
2026-09-21,20260921-005246-91e60804,2026-09-21 00:52:46,Institutional Capital Flow,CBRE,California; Miami / Florida; New York,General Residential,2026-08-25,2026-08-25,1,0,0,20,0,0,Fading,No Clear Stress,Capital flow fading,12
2026-09-21,20260921-005246-91e60804,2026-09-21 00:52:46,Institutional Capital Flow,CBRE,National; San Francisco / California,Apartment,2026-08-13,2026-08-13,1,0,0,20,0,0,Fading,No Clear Stress,Capital flow fading,12
2026-09-21,20260921-005246-91e60804,2026-09-21 00:52:46,Institutional Capital Flow,CBRE,Los Angeles / California; Miami / Florida; Other / Unknown; Riverside / California,Apartment,2026-09-01,2026-09-01,1,0,0,20,0,0,Fading,No Clear Stress,Capital flow fading,12
2026-09-21,20260921-005246-91e60804,2026-09-21 00:52:46,Institutional Capital Flow,CBRE,Riverside / California; Southeast,Apartment,2026-09-03,2026-09-03,1,0,0,20,0,0,Fading,No Clear Stress,Capital flow fading,12
2026-09-21,20260921-005246-91e60804,2026-09-21 00:52:46,Institutional Capital Flow,CBRE,Arizona; Washington DC,Apartment,2026-08-05,2026-08-05,1,0,0,20,0,0,Fading,No Clear Stress,Capital flow fading,12
2026-09-21,20260921-005246-91e60804,2026-09-21 00:52:46,Institutional Capital Flow,CIM Group,New York,Apartment,2026-09-04,2026-09-04,1,0,0,20,0,0,Fading,No Clear Stress,Capital flow fading,12
2026-09-21,20260921-005246-91e60804,2026-09-21 00:52:46,Market-Level Capital Concentration,California,California,Office-to-Residential Conversion,2026-05-19,2026-05-19,1,0,0,0,0,0,Fading,No Clear Stress,Capital flow fading,12
2026-09-21,20260921-005246-91e60804,2026-09-21 00:52:46,Institutional Capital Flow,Camden Property Trust,Southeast,Apartment,2026-05-21,2026-05-21,1,0,0,20,0,0,Fading,No Clear Stress,Capital flow fading,12
2026-09-21,20260921-005246-91e60804,2026-09-21 00:52:46,Institutional Capital Flow,Camden Property Trust,California,Apartment,2026-09-04,2026-09-04,1,0,0,20,0,0,Fading,No Clear Stress,Capital flow fading,12
2026-09-21,20260921-005246-91e60804,2026-09-21 00:52:46,Institutional Capital Flow,Camden Property Trust,Los Angeles / California,Apartment,2026-08-07,2026-08-07,1,0,0,20,0,0,Fading,No Clear Stress,Capital flow fading,12
2026-09-21,20260921-005246-91e60804,2026-09-21 00:52:46,Institutional Capital Flow,Camden Property Trust,Atlanta / Georgia,Apartment,2026-06-26,2026-06-26,1,0,0,20,0,0,Fading,No Clear Stress,Capital flow fading,12
2026-09-21,20260921-005246-91e60804,2026-09-21 00:52:46,Institutional Capital Flow,Camden Property Trust,Other / Unknown,Apartment,2026-05-19,2026-05-19,1,0,0,20,0,0,Fading,No Clear Stress,Capital flow fading,12
2026-09-21,20260921-005246-91e60804,2026-09-21 00:52:46,Institutional Capital Flow,Camden Property Trust,Los Angeles / California,Multifamily,2026-08-06,2026-08-06,1,0,0,20,0,0,Fading,No Clear Stress,Capital flow fading,12
2026-09-21,20260921-005246-91e60804,2026-09-21 00:52:46,Institutional Capital Flow,Canyon Partners,Riverside / California,Apartment,2026-09-02,2026-09-02,1,0,0,20,0,0,Fading,No Clear Stress,Capital flow fading,12
2026-09-21,20260921-005246-91e60804,2026-09-21 00:52:46,Institutional Capital Flow,Canyon Partners,Other / Unknown,Student Housing,2026-08-12,2026-08-12,1,0,0,20,0,0,Fading,No Clear Stress,Capital flow fading,12
2026-09-21,20260921-005246-91e60804,2026-09-21 00:52:46,Institutional Capital Flow,Canyon Partners Real Estate,California,Student Housing,2026-08-11,2026-08-11,1,0,0,20,0,0,Fading,No Clear Stress,Capital flow fading,12
2026-09-21,20260921-005246-91e60804,2026-09-21 00:52:46,Institutional Capital Flow,Capital City Real Estate,Atlanta / Georgia,Multifamily,2026-08-05,2026-08-05,1,0,0,20,0,0,Fading,No Clear Stress,Capital flow fading,12
2026-09-21,20260921-005246-91e60804,2026-09-21 00:52:46,Institutional Capital Flow,Capital One,New York City / New York,Affordable Housing,2026-06-25,2026-06-25,1,0,0,20,0,0,Fading,No Clear Stress,Capital flow fading,12
2026-09-21,20260921-005246-91e60804,2026-09-21 00:52:46,Institutional Capital Flow,Capital Partners,Atlanta / Georgia; Connecticut; Other / Unknown,Apartment,2026-09-01,2026-09-01,1,0,0,20,0,0,Fading,No Clear Stress,Capital flow fading,12
2026-09-21,20260921-005246-91e60804,2026-09-21 00:52:46,Institutional Capital Flow,Capital Square,Tennessee,Multifamily,2026-06-15,2026-06-15,1,0,0,20,0,0,Fading,No Clear Stress,Capital flow fading,12
2026-09-21,20260921-005246-91e60804,2026-09-21 00:52:46,Institutional Capital Flow,Carmel Partners,Denver / Colorado; Phoenix / Arizona,Apartment,2026-09-03,2026-09-03,1,0,0,20,0,0,Fading,No Clear Stress,Capital flow fading,12
2026-09-21,20260921-005246-91e60804,2026-09-21 00:52:46,Institutional Capital Flow,Centerbridge Partners,California,Multifamily,2026-06-23,2026-06-23,1,0,0,20,0,0,Fading,No Clear Stress,Capital flow fading,12
2026-09-21,20260921-005246-91e60804,2026-09-21 00:52:46,Institutional Capital Flow,Chelsea Multifamily Portfolio Residential,New York City / New York,Apartment,2026-09-10,2026-09-10,1,0,0,20,0,0,Fading,No Clear Stress,Capital flow fading,12
2026-09-21,20260921-005246-91e60804,2026-09-21 00:52:46,Institutional Capital Flow,Chicago-based Midloch Investment Partners,Dallas / Texas,Student Housing,2026-09-10,2026-09-10,1,0,0,20,0,0,Fading,No Clear Stress,Capital flow fading,12
2026-09-21,20260921-005246-91e60804,2026-09-21 00:52:46,Institutional Capital Flow,Civitas Capital Group,Denver / Colorado,Multifamily,2026-09-18,2026-09-18,1,0,0,20,0,0,Fading,No Clear Stress,Capital flow fading,12
2026-09-21,20260921-005246-91e60804,2026-09-21 00:52:46,Institutional Capital Flow,CoStar Group,Seattle,Apartment,2026-08-17,2026-08-17,1,0,0,20,0,0,Fading,No Clear Stress,Capital flow fading,12
2026-09-21,20260921-005246-91e60804,2026-09-21 00:52:46,Institutional Capital Flow,Coastland Residential,Miami / Florida,Apartment,2026-08-11,2026-08-11,1,0,0,20,0,0,Fading,No Clear Stress,Capital flow fading,12
2026-09-21,20260921-005246-91e60804,2026-09-21 00:52:46,Market-Level Capital Concentration,Colorado,Colorado,Student Housing,2026-06-19,2026-06-19,1,0,0,0,0,0,Fading,No Clear Stress,Capital flow fading,12
2026-09-21,20260921-005246-91e60804,2026-09-21 00:52:46,Market-Level Capital Concentration,Colorado,Colorado,Office-to-Residential Conversion,2026-09-11,2026-09-11,1,0,0,0,0,0,Fading,No Clear Stress,Capital flow fading,12
2026-09-21,20260921-005246-91e60804,2026-09-21 00:52:46,Market-Level Capital Concentration,Colorado,Colorado,Senior Housing,2026-07-17,2026-07-17,1,0,0,0,0,0,Fading,No Clear Stress,Capital flow fading,12
2026-09-21,20260921-005246-91e60804,2026-09-21 00:52:46,Institutional Capital Flow,Commercial Finance Group,National,Apartment,2026-09-09,2026-09-09,1,0,0,20,0,0,Fading,No Clear Stress,Capital flow fading,12
2026-09-21,20260921-005246-91e60804,2026-09-21 00:52:46,Institutional Capital Flow,Commercial Finance Group,Other / Unknown,Apartment,2026-09-11,2026-09-11,1,0,0,20,0,0,Fading,No Clear Stress,Capital flow fading,12
2026-09-21,20260921-005246-91e60804,2026-09-21 00:52:46,Institutional Capital Flow,Concord Summit Capital,Colorado,Apartment,2026-07-13,2026-07-13,1,0,0,20,0,0,Fading,No Clear Stress,Capital flow fading,12
2026-09-21,20260921-005246-91e60804,2026-09-21 00:52:46,Institutional Capital Flow,Concord Summit Capital,Colorado; Phoenix / Arizona,Apartment,2026-07-09,2026-07-09,1,0,0,20,0,0,Fading,No Clear Stress,Capital flow fading,12
2026-09-21,20260921-005246-91e60804,2026-09-21 00:52:46,Institutional Capital Flow,Concord Summit Capital,Dallas / Texas,Apartment,2026-08-05,2026-08-05,1,0,0,20,0,0,Fading,No Clear Stress,Capital flow fading,12
2026-09-21,20260921-005246-91e60804,2026-09-21 00:52:46,Market-Level Capital Concentration,Connecticut,Connecticut,Senior Housing,2026-07-15,2026-07-15,1,0,0,0,0,0,Fading,No Clear Stress,Capital flow fading,12
2026-09-21,20260921-005246-91e60804,2026-09-21 00:52:46,Market-Level Capital Concentration,Connecticut,Connecticut,Student Housing,2026-07-28,2026-07-28,1,0,0,0,0,0,Fading,No Clear Stress,Capital flow fading,12
2026-09-21,20260921-005246-91e60804,2026-09-21 00:52:46,Institutional Capital Flow,Continuum Advisors,Tampa / Florida,Senior Housing,2026-07-17,2026-07-17,1,0,0,20,0,0,Fading,No Clear Stress,Capital flow fading,12
2026-09-21,20260921-005246-91e60804,2026-09-21 00:52:46,Institutional Capital Flow,CrossHarbor Capital Begins Construction,Other / Unknown,Student Housing,2026-07-02,2026-07-02,1,0,0,20,0,0,Fading,No Clear Stress,Capital flow fading,12
2026-09-21,20260921-005246-91e60804,2026-09-21 00:52:46,Institutional Capital Flow,CrossHarbor Capital Partners,California,Multifamily,2026-08-13,2026-08-13,1,0,0,20,0,0,Fading,No Clear Stress,Capital flow fading,12
2026-09-21,20260921-005246-91e60804,2026-09-21 00:52:46,Institutional Capital Flow,Debt Investments,National,Multifamily,2026-07-15,2026-07-15,1,0,0,20,0,0,Fading,No Clear Stress,Capital flow fading,12
2026-09-21,20260921-005246-91e60804,2026-09-21 00:52:46,Institutional Capital Flow,Delaware Statutory Trust,Virginia,Apartment,2026-06-30,2026-06-30,1,0,0,20,0,0,Fading,No Clear Stress,Capital flow fading,12
2026-09-21,20260921-005246-91e60804,2026-09-21 00:52:46,Market-Level Capital Concentration,Denver / Colorado,Denver / Colorado,Mixed-Use Residential,2026-09-18,2026-09-18,1,0,0,0,0,0,Fading,No Clear Stress,Capital flow fading,12
2026-09-21,20260921-005246-91e60804,2026-09-21 00:52:46,Institutional Capital Flow,Deutsche Bank,Miami / Florida,General Residential,2026-07-28,2026-07-28,1,0,0,20,0,0,Fading,No Clear Stress,Capital flow fading,12
2026-09-21,20260921-005246-91e60804,2026-09-21 00:52:46,Institutional Capital Flow,Developers Richman Group,New York City / New York,Multifamily,2026-07-30,2026-07-30,1,0,0,20,0,0,Fading,No Clear Stress,Capital flow fading,12
2026-09-21,20260921-005246-91e60804,2026-09-21 00:52:46,Institutional Capital Flow,Dinosaur Capital Partners,Other / Unknown,Multifamily,2026-09-17,2026-09-17,1,0,0,20,0,0,Fading,No Clear Stress,Capital flow fading,12
2026-09-21,20260921-005246-91e60804,2026-09-21 00:52:46,Institutional Capital Flow,"Donaldson Impact Investments, NYL",Washington DC,Affordable Housing,2026-06-19,2026-06-19,1,0,0,20,0,0,Fading,No Clear Stress,Capital flow fading,12
2026-09-21,20260921-005246-91e60804,2026-09-21 00:52:46,Institutional Capital Flow,Drew Capital,Other / Unknown,Apartment,2026-09-01,2026-09-01,1,0,0,20,0,0,Fading,No Clear Stress,Capital flow fading,12
2026-09-21,20260921-005246-91e60804,2026-09-21 00:52:46,Institutional Capital Flow,Drew Capital,Other / Unknown,Affordable Housing,2026-08-18,2026-08-18,1,0,0,20,0,0,Fading,No Clear Stress,Capital flow fading,12
2026-09-21,20260921-005246-91e60804,2026-09-21 00:52:46,Institutional Capital Flow,Drops Objections Residential,Los Angeles / California,Multifamily,2026-07-21,2026-07-21,1,0,0,20,0,0,Fading,No Clear Stress,Capital flow fading,12
2026-09-21,20260921-005246-91e60804,2026-09-21 00:52:46,Institutional Capital Flow,Dunlop Capital,New York; Other / Unknown,Apartment,2026-09-04,2026-09-04,1,0,0,20,0,0,Fading,No Clear Stress,Capital flow fading,12
2026-09-21,20260921-005246-91e60804,2026-09-21 00:52:46,Institutional Capital Flow,Dunlop Capital,Colorado,Apartment,2026-07-10,2026-07-10,1,0,0,20,0,0,Fading,No Clear Stress,Capital flow fading,12
2026-09-21,20260921-005246-91e60804,2026-09-21 00:52:46,Institutional Capital Flow,Dunlop Capital,California,Affordable Housing,2026-06-10,2026-06-10,1,0,0,20,0,0,Fading,No Clear Stress,Capital flow fading,12
2026-09-21,20260921-005246-91e60804,2026-09-21 00:52:46,Institutional Capital Flow,Dunlop Capital Markets Real Estate,New York,Multifamily,2026-07-01,2026-07-01,1,0,0,20,0,0,Fading,No Clear Stress,Capital flow fading,12
2026-09-21,20260921-005246-91e60804,2026-09-21 00:52:46,Institutional Capital Flow,Dunlop Capital Markets Real Estate,Other / Unknown,Student Housing,2026-08-03,2026-08-03,1,0,0,20,0,0,Fading,No Clear Stress,Capital flow fading,12
2026-09-21,20260921-005246-91e60804,2026-09-21 00:52:46,Institutional Capital Flow,Dunlop Capital Markets Real Estate,Other / Unknown,Apartment,2026-06-26,2026-06-26,1,0,0,20,0,0,Fading,No Clear Stress,Capital flow fading,12
2026-09-21,20260921-005246-91e60804,2026-09-21 00:52:46,Institutional Capital Flow,Dunlop Investment Partners,New York City / New York,Multifamily,2026-07-10,2026-07-10,1,0,0,20,0,0,Fading,No Clear Stress,Capital flow fading,12
2026-09-21,20260921-005246-91e60804,2026-09-21 00:52:46,Institutional Capital Flow,Dwight Capital,New York City / New York,Multifamily,2026-07-24,2026-07-24,1,0,0,20,0,0,Fading,No Clear Stress,Capital flow fading,12
2026-09-21,20260921-005246-91e60804,2026-09-21 00:52:46,Institutional Capital Flow,Dwight Capital,New York City / New York,Apartment,2026-08-20,2026-08-20,1,0,0,20,0,0,Fading,No Clear Stress,Capital flow fading,12
2026-09-21,20260921-005246-91e60804,2026-09-21 00:52:46,Institutional Capital Flow,Dwight Capital,Los Angeles / California,Apartment,2026-09-10,2026-09-10,1,0,0,20,0,0,Fading,No Clear Stress,Capital flow fading,12
2026-09-21,20260921-005246-91e60804,2026-09-21 00:52:46,Institutional Capital Flow,Dwight Mortgage Trust,New York,Apartment,2026-09-01,2026-09-01,1,0,0,20,0,0,Fading,No Clear Stress,Capital flow fading,12
2026-09-21,20260921-005246-91e60804,2026-09-21 00:52:46,Institutional Capital Flow,Dwight Mortgage Trust,Other / Unknown,Apartment,2026-06-30,2026-06-30,1,0,0,20,0,0,Fading,No Clear Stress,Capital flow fading,12
2026-09-21,20260921-005246-91e60804,2026-09-21 00:52:46,Institutional Capital Flow,Dwight Mortgage Trust,New York City / New York,Multifamily,2026-08-20,2026-08-20,1,0,0,20,0,0,Fading,No Clear Stress,Capital flow fading,12
2026-09-21,20260921-005246-91e60804,2026-09-21 00:52:46,Institutional Capital Flow,ESJ Capital Partners,Sun Belt,Multifamily,2026-09-18,2026-09-18,1,0,0,20,0,0,Fading,No Clear Stress,Capital flow fading,12
2026-09-21,20260921-005246-91e60804,2026-09-21 00:52:46,Institutional Capital Flow,Eagle Real Estate,California,Affordable Housing,2026-07-09,2026-07-09,1,0,0,20,0,0,Fading,No Clear Stress,Capital flow fading,12
2026-09-21,20260921-005246-91e60804,2026-09-21 00:52:46,Institutional Capital Flow,"Eagle Real Estate, Vistria Group",California,Affordable Housing,2026-07-10,2026-07-10,1,0,0,20,0,0,Fading,No Clear Stress,Capital flow fading,12
2026-09-21,20260921-005246-91e60804,2026-09-21 00:52:46,Institutional Capital Flow,East Village Student Housing Hawkins Way Capital,New York City / New York,Student Housing,2026-08-06,2026-08-06,1,0,0,20,0,0,Fading,No Clear Stress,Capital flow fading,12
2026-09-21,20260921-005246-91e60804,2026-09-21 00:52:46,Institutional Capital Flow,East Village Student Housing Hawkins Way Capital,New York,Student Housing,2026-08-27,2026-08-27,1,0,0,20,0,0,Fading,No Clear Stress,Capital flow fading,12
2026-09-21,20260921-005246-91e60804,2026-09-21 00:52:46,Institutional Capital Flow,"Eastham Capital, Bender Companies",Miami / Florida,Apartment,2026-09-03,2026-09-03,1,0,0,20,0,0,Fading,No Clear Stress,Capital flow fading,12
2026-09-21,20260921-005246-91e60804,2026-09-21 00:52:46,Institutional Capital Flow,Essex Capital Markets,Other / Unknown,Office-to-Residential Conversion,2026-07-23,2026-07-23,1,0,0,20,0,0,Fading,No Clear Stress,Capital flow fading,12
2026-09-21,20260921-005246-91e60804,2026-09-21 00:52:46,Institutional Capital Flow,Essex Property Trust,Los Angeles / California,Multifamily,2026-09-15,2026-09-15,1,0,0,20,0,0,Fading,No Clear Stress,Capital flow fading,12
2026-09-21,20260921-005246-91e60804,2026-09-21 00:52:46,Institutional Capital Flow,Expand Real Estate Development Opportunities,National,Mixed-Use Residential,2026-09-01,2026-09-01,1,0,0,20,0,0,Fading,No Clear Stress,Capital flow fading,12
2026-09-21,20260921-005246-91e60804,2026-09-21 00:52:46,Institutional Capital Flow,FCP,Virginia,Apartment,2026-09-01,2026-09-01,1,0,0,20,0,0,Fading,No Clear Stress,Capital flow fading,12
2026-09-21,20260921-005246-91e60804,2026-09-21 00:52:46,Institutional Capital Flow,Fairfield Residential,West Palm Beach / Florida,Apartment,2026-09-14,2026-09-14,1,0,0,20,0,0,Fading,No Clear Stress,Capital flow fading,12
2026-09-21,20260921-005246-91e60804,2026-09-21 00:52:46,Institutional Capital Flow,Fannie Mae,Louisiana,Student Housing,2026-08-10,2026-08-10,1,0,0,20,0,0,Fading,No Clear Stress,Capital flow fading,12
2026-09-21,20260921-005246-91e60804,2026-09-21 00:52:46,Recurring Lender,Fannie Mae,Arizona,BTR / Single-Family Rental,2026-05-22,2026-05-22,1,0,20,0,0,0,Fading,No Clear Stress,Capital flow fading,12
2026-09-21,20260921-005246-91e60804,2026-09-21 00:52:46,Institutional Capital Flow,Fannie Mae,Louisiana; Louisville / Kentucky,Multifamily,2026-08-09,2026-08-09,1,0,0,20,0,0,Fading,No Clear Stress,Capital flow fading,12
2026-09-21,20260921-005246-91e60804,2026-09-21 00:52:46,Institutional Capital Flow,Fannie Mae,New York,Multifamily,2026-07-31,2026-07-31,1,0,0,20,0,0,Fading,No Clear Stress,Capital flow fading,12
2026-09-21,20260921-005246-91e60804,2026-09-21 00:52:46,Institutional Capital Flow,Fannie Mae,California,Senior Housing,2026-08-17,2026-08-17,1,0,0,20,0,0,Fading,No Clear Stress,Capital flow fading,12
2026-09-21,20260921-005246-91e60804,2026-09-21 00:52:46,Recurring Lender,Fannie Mae,Houston / Texas,Multifamily,2026-06-25,2026-06-25,1,0,20,0,0,0,Fading,No Clear Stress,Capital flow fading,12
2026-09-21,20260921-005246-91e60804,2026-09-21 00:52:46,Institutional Capital Flow,Fannie Mae,Southeast,Mixed-Use Residential,2026-09-11,2026-09-11,1,0,0,20,0,0,Fading,No Clear Stress,Capital flow fading,12
2026-09-21,20260921-005246-91e60804,2026-09-21 00:52:46,Institutional Capital Flow,Fannie Mae,Houston / Texas,Multifamily,2026-06-25,2026-06-25,1,0,0,20,0,0,Fading,No Clear Stress,Capital flow fading,12
2026-09-21,20260921-005246-91e60804,2026-09-21 00:52:46,Institutional Capital Flow,Fannie Mae,Other / Unknown,Student Housing,2026-08-03,2026-08-03,1,0,0,20,0,0,Fading,No Clear Stress,Capital flow fading,12
2026-09-21,20260921-005246-91e60804,2026-09-21 00:52:46,Institutional Capital Flow,Fannie Mae,Nevada; Other / Unknown; Seattle,Apartment,2026-08-11,2026-08-11,1,0,0,20,0,0,Fading,No Clear Stress,Capital flow fading,12
2026-09-21,20260921-005246-91e60804,2026-09-21 00:52:46,Institutional Capital Flow,Fannie Mae,New York,Affordable Housing,2026-07-28,2026-07-28,1,0,0,20,0,0,Fading,No Clear Stress,Capital flow fading,12
2026-09-21,20260921-005246-91e60804,2026-09-21 00:52:46,Institutional Capital Flow,Fannie Mae,Northern Virginia / Virginia,Multifamily,2026-07-13,2026-07-13,1,0,0,20,0,0,Fading,No Clear Stress,Capital flow fading,12
2026-09-21,20260921-005246-91e60804,2026-09-21 00:52:46,Recurring Lender,Fannie Mae,California,Senior Housing,2026-08-17,2026-08-17,1,0,20,0,0,0,Fading,No Clear Stress,Capital flow fading,12
2026-09-21,20260921-005246-91e60804,2026-09-21 00:52:46,Recurring Lender,Fannie Mae,New York City / New York,Multifamily,2026-09-18,2026-09-18,1,0,20,0,0,0,Fading,No Clear Stress,Capital flow fading,12
2026-09-21,20260921-005246-91e60804,2026-09-21 00:52:46,Institutional Capital Flow,Fannie Mae,Austin / Texas,Multifamily,2026-06-29,2026-06-29,1,0,0,20,0,0,Fading,No Clear Stress,Capital flow fading,12
2026-09-21,20260921-005246-91e60804,2026-09-21 00:52:46,Institutional Capital Flow,Final Residential Tower,Miami / Florida,Mixed-Use Residential,2026-06-16,2026-06-16,1,0,0,20,0,0,Fading,No Clear Stress,Capital flow fading,12
2026-09-21,20260921-005246-91e60804,2026-09-21 00:52:46,Institutional Capital Flow,Financial District Resi Tower Maxim Capital,New York City / New York,Multifamily,2026-07-07,2026-07-07,1,0,0,20,0,0,Fading,No Clear Stress,Capital flow fading,12
2026-09-21,20260921-005246-91e60804,2026-09-21 00:52:46,Institutional Capital Flow,Florida Land South Florida Investments,Miami / Florida,Mixed-Use Residential,2026-09-02,2026-09-02,1,0,0,20,0,0,Fading,No Clear Stress,Capital flow fading,12
2026-09-21,20260921-005246-91e60804,2026-09-21 00:52:46,Institutional Capital Flow,Florida Panhandle Multifamily Project Residential,Florida,Apartment,2026-06-23,2026-06-23,1,0,0,20,0,0,Fading,No Clear Stress,Capital flow fading,12
2026-09-21,20260921-005246-91e60804,2026-09-21 00:52:46,Institutional Capital Flow,Forman Capital,Austin / Texas,Mixed-Use Residential,2026-06-25,2026-06-25,1,0,0,20,0,0,Fading,No Clear Stress,Capital flow fading,12
2026-09-21,20260921-005246-91e60804,2026-09-21 00:52:46,Institutional Capital Flow,Former JCPenney HQ Residential,Dallas / Texas,Apartment,2026-06-23,2026-06-23,1,0,0,20,0,0,Fading,No Clear Stress,Capital flow fading,12
2026-09-21,20260921-005246-91e60804,2026-09-21 00:52:46,Institutional Capital Flow,Freddie Mac,Other / Unknown; Sun Belt,Apartment,2026-08-05,2026-08-05,1,0,0,20,0,0,Fading,No Clear Stress,Capital flow fading,12
2026-09-21,20260921-005246-91e60804,2026-09-21 00:52:46,Institutional Capital Flow,Freddie Mac,California; Los Angeles / California,Multifamily,2026-08-07,2026-08-07,1,0,0,20,0,0,Fading,No Clear Stress,Capital flow fading,12
2026-09-21,20260921-005246-91e60804,2026-09-21 00:52:46,Institutional Capital Flow,Freddie Mac,California; Las Vegas / Nevada,Apartment,2026-09-11,2026-09-11,1,0,0,20,0,0,Fading,No Clear Stress,Capital flow fading,12
2026-09-21,20260921-005246-91e60804,2026-09-21 00:52:46,Institutional Capital Flow,Freddie Mac,California; Texas,Apartment,2026-09-18,2026-09-18,1,0,0,20,0,0,Fading,No Clear Stress,Capital flow fading,12
2026-09-21,20260921-005246-91e60804,2026-09-21 00:52:46,Recurring Lender,Freddie Mac,Nashville / Tennessee,Apartment,2026-07-19,2026-07-19,1,0,20,0,0,0,Fading,No Clear Stress,Capital flow fading,12
2026-09-21,20260921-005246-91e60804,2026-09-21 00:52:46,Institutional Capital Flow,Freddie Mac,Other / Unknown,Affordable Housing,2026-07-10,2026-07-10,1,0,0,20,0,0,Fading,No Clear Stress,Capital flow fading,12
2026-09-21,20260921-005246-91e60804,2026-09-21 00:52:46,Institutional Capital Flow,Freddie Mac,Atlanta / Georgia; California,Apartment,2026-07-14,2026-07-14,1,0,0,20,0,0,Fading,No Clear Stress,Capital flow fading,12
2026-09-21,20260921-005246-91e60804,2026-09-21 00:52:46,Recurring Lender,Freddie Mac,Atlanta / Georgia,Manufactured Housing,2026-07-07,2026-07-07,1,0,20,0,0,0,Fading,No Clear Stress,Capital flow fading,12
2026-09-21,20260921-005246-91e60804,2026-09-21 00:52:46,Recurring Lender,Freddie Mac,West Palm Beach / Florida,Apartment,2026-09-14,2026-09-14,1,0,20,0,0,0,Fading,No Clear Stress,Capital flow fading,12
2026-09-21,20260921-005246-91e60804,2026-09-21 00:52:46,Recurring Lender,Freddie Mac,Texas,Affordable Housing,2026-09-18,2026-09-18,1,0,20,0,0,0,Fading,No Clear Stress,Capital flow fading,12
2026-09-21,20260921-005246-91e60804,2026-09-21 00:52:46,Institutional Capital Flow,Freddie Mac,National,Multifamily,2026-06-30,2026-06-30,1,0,0,20,0,0,Fading,No Clear Stress,Capital flow fading,12
2026-09-21,20260921-005246-91e60804,2026-09-21 00:52:46,Institutional Capital Flow,Freddie Mac,Atlanta / Georgia,Manufactured Housing,2026-07-07,2026-07-07,1,0,0,20,0,0,Fading,No Clear Stress,Capital flow fading,12
2026-09-21,20260921-005246-91e60804,2026-09-21 00:52:46,Institutional Capital Flow,Freddie Mac,Los Angeles / California,Multifamily,2026-08-06,2026-08-06,1,0,0,20,0,0,Fading,No Clear Stress,Capital flow fading,12
2026-09-21,20260921-005246-91e60804,2026-09-21 00:52:46,Recurring Lender,Freddie Mac,Miami / Florida,Affordable Housing,2026-06-15,2026-06-15,1,0,20,0,0,0,Fading,No Clear Stress,Capital flow fading,12
2026-09-21,20260921-005246-91e60804,2026-09-21 00:52:46,Recurring Lender,Freddie Mac,Louisville / Kentucky,Multifamily,2026-06-29,2026-06-29,1,0,20,0,0,0,Fading,No Clear Stress,Capital flow fading,12
2026-09-21,20260921-005246-91e60804,2026-09-21 00:52:46,Institutional Capital Flow,Freddie Mac,Louisville / Kentucky,Multifamily,2026-06-29,2026-06-29,1,0,0,20,0,0,Fading,No Clear Stress,Capital flow fading,12
2026-09-21,20260921-005246-91e60804,2026-09-21 00:52:46,Recurring Lender,Freddie Mac,Other / Unknown,Mixed-Use Residential,2026-07-20,2026-07-20,1,0,20,0,0,0,Fading,No Clear Stress,Capital flow fading,12
2026-09-21,20260921-005246-91e60804,2026-09-21 00:52:46,Recurring Lender,Freddie Mac,Austin / Texas,Multifamily,2026-06-12,2026-06-12,1,0,20,0,0,0,Fading,No Clear Stress,Capital flow fading,12
2026-09-21,20260921-005246-91e60804,2026-09-21 00:52:46,Recurring Lender,Freddie Mac,Las Vegas / Nevada,Multifamily,2026-09-11,2026-09-11,1,0,20,0,0,0,Fading,No Clear Stress,Capital flow fading,12
2026-09-21,20260921-005246-91e60804,2026-09-21 00:52:46,Institutional Capital Flow,Freddie Mac,Atlanta / Georgia,Apartment,2026-07-15,2026-07-15,1,0,0,20,0,0,Fading,No Clear Stress,Capital flow fading,12
2026-09-21,20260921-005246-91e60804,2026-09-21 00:52:46,Institutional Capital Flow,Freddie Mac,Other / Unknown,Mixed-Use Residential,2026-07-20,2026-07-20,1,0,0,20,0,0,Fading,No Clear Stress,Capital flow fading,12
2026-09-21,20260921-005246-91e60804,2026-09-21 00:52:46,Institutional Capital Flow,Freddie Mac,Miami / Florida; Other / Unknown,Apartment,2026-06-15,2026-06-15,1,0,0,20,0,0,Fading,No Clear Stress,Capital flow fading,12
2026-09-21,20260921-005246-91e60804,2026-09-21 00:52:46,Institutional Capital Flow,Freddie Mac,Austin / Texas,Multifamily,2026-06-12,2026-06-12,1,0,0,20,0,0,Fading,No Clear Stress,Capital flow fading,12
2026-09-21,20260921-005246-91e60804,2026-09-21 00:52:46,Institutional Capital Flow,Freddie Mac,California; Other / Unknown; West Palm Beach / Florida,Apartment,2026-09-14,2026-09-14,1,0,0,20,0,0,Fading,No Clear Stress,Capital flow fading,12
2026-09-21,20260921-005246-91e60804,2026-09-21 00:52:46,Institutional Capital Flow,Freddie Mac,Nashville / Tennessee,Apartment,2026-07-19,2026-07-19,1,0,0,20,0,0,Fading,No Clear Stress,Capital flow fading,12
2026-09-21,20260921-005246-91e60804,2026-09-21 00:52:46,Institutional Capital Flow,Freddie Mac,Atlanta / Georgia; National; Other / Unknown,Apartment,2026-07-13,2026-07-13,1,0,0,20,0,0,Fading,No Clear Stress,Capital flow fading,12
2026-09-21,20260921-005246-91e60804,2026-09-21 00:52:46,Recurring Lender,Freddie Mac,Florida,Affordable Housing,2026-06-16,2026-06-16,1,0,20,0,0,0,Fading,No Clear Stress,Capital flow fading,12
2026-09-21,20260921-005246-91e60804,2026-09-21 00:52:46,Recurring Lender,Freddie Mac,New York,Affordable Housing,2026-05-20,2026-05-20,1,0,20,0,0,0,Fading,No Clear Stress,Capital flow fading,12
2026-09-21,20260921-005246-91e60804,2026-09-21 00:52:46,Institutional Capital Flow,Freddie Mac,Florida,Affordable Housing,2026-06-16,2026-06-16,1,0,0,20,0,0,Fading,No Clear Stress,Capital flow fading,12
2026-09-21,20260921-005246-91e60804,2026-09-21 00:52:46,Institutional Capital Flow,GID,Florida; Virginia,Apartment,2026-07-17,2026-07-17,1,0,0,20,0,0,Fading,No Clear Stress,Capital flow fading,12
2026-09-21,20260921-005246-91e60804,2026-09-21 00:52:46,Institutional Capital Flow,GID,Austin / Texas,Multifamily,2026-06-29,2026-06-29,1,0,0,20,0,0,Fading,No Clear Stress,Capital flow fading,12
2026-09-21,20260921-005246-91e60804,2026-09-21 00:52:46,Institutional Capital Flow,Garden Communities,Other / Unknown,Apartment,2026-08-17,2026-08-17,1,0,0,20,0,0,Fading,No Clear Stress,Capital flow fading,12
2026-09-21,20260921-005246-91e60804,2026-09-21 00:52:46,Market-Level Capital Concentration,Georgia,Georgia,Multifamily,2026-06-19,2026-06-19,1,0,0,0,0,0,Fading,No Clear Stress,Capital flow fading,12
2026-09-21,20260921-005246-91e60804,2026-09-21 00:52:46,Institutional Capital Flow,Global Real Estate Advisors,New York City / New York,Apartment,2026-09-11,2026-09-11,1,0,0,20,0,0,Fading,No Clear Stress,Capital flow fading,12
2026-09-21,20260921-005246-91e60804,2026-09-21 00:52:46,Institutional Capital Flow,Greater Cincinnati Residential,Virginia,BTR / Single-Family Rental,2026-09-10,2026-09-10,1,0,0,20,0,0,Fading,No Clear Stress,Capital flow fading,12
2026-09-21,20260921-005246-91e60804,2026-09-21 00:52:46,Institutional Capital Flow,Greenstone Partners,Los Angeles / California,Apartment,2026-07-15,2026-07-15,1,0,0,20,0,0,Fading,No Clear Stress,Capital flow fading,12
2026-09-21,20260921-005246-91e60804,2026-09-21 00:52:46,Institutional Capital Flow,Greenwater Real Estate Management,Phoenix / Arizona,Apartment,2026-07-03,2026-07-03,1,0,0,20,0,0,Fading,No Clear Stress,Capital flow fading,12
2026-09-21,20260921-005246-91e60804,2026-09-21 00:52:46,Institutional Capital Flow,Greystar,Atlanta / Georgia; Other / Unknown,BTR / Single-Family Rental,2026-07-15,2026-07-15,1,0,0,20,0,0,Fading,No Clear Stress,Capital flow fading,12
2026-09-21,20260921-005246-91e60804,2026-09-21 00:52:46,Institutional Capital Flow,Greystar,Denver / Colorado; New York; Phoenix / Arizona,Mixed-Use Residential,2026-09-03,2026-09-03,1,0,0,20,0,0,Fading,No Clear Stress,Capital flow fading,12
2026-09-21,20260921-005246-91e60804,2026-09-21 00:52:46,Institutional Capital Flow,Greystar,Atlanta / Georgia; Other / Unknown; Virginia,BTR / Single-Family Rental,2026-07-17,2026-07-17,1,0,0,20,0,0,Fading,No Clear Stress,Capital flow fading,12
2026-09-21,20260921-005246-91e60804,2026-09-21 00:52:46,Institutional Capital Flow,Greystar,Los Angeles / California; Nashville / Tennessee; Other / Unknown,Apartment,2026-06-26,2026-06-26,1,0,0,20,0,0,Fading,No Clear Stress,Capital flow fading,12
2026-09-21,20260921-005246-91e60804,2026-09-21 00:52:46,Institutional Capital Flow,Greystar,Other / Unknown,Multifamily,2026-08-13,2026-08-13,1,0,0,20,0,0,Fading,No Clear Stress,Capital flow fading,12
2026-09-21,20260921-005246-91e60804,2026-09-21 00:52:46,Institutional Capital Flow,Greystar,Sun Belt; Virginia,Apartment,2026-08-29,2026-08-29,1,0,0,20,0,0,Fading,No Clear Stress,Capital flow fading,12
2026-09-21,20260921-005246-91e60804,2026-09-21 00:52:46,Institutional Capital Flow,Greystar,Los Angeles / California; Other / Unknown,Apartment,2026-06-30,2026-06-30,1,0,0,20,0,0,Fading,No Clear Stress,Capital flow fading,12
2026-09-21,20260921-005246-91e60804,2026-09-21 00:52:46,Institutional Capital Flow,Greystar,Other / Unknown,BTR / Single-Family Rental,2026-07-01,2026-07-01,1,0,0,20,0,0,Fading,No Clear Stress,Capital flow fading,12
2026-09-21,20260921-005246-91e60804,2026-09-21 00:52:46,Institutional Capital Flow,Greystar,Miami / Florida,Mixed-Use Residential,2026-09-02,2026-09-02,1,0,0,20,0,0,Fading,No Clear Stress,Capital flow fading,12
2026-09-21,20260921-005246-91e60804,2026-09-21 00:52:46,Institutional Capital Flow,Greystar,Atlanta / Georgia,Affordable Housing,2026-07-14,2026-07-14,1,0,0,20,0,0,Fading,No Clear Stress,Capital flow fading,12
2026-09-21,20260921-005246-91e60804,2026-09-21 00:52:46,Institutional Capital Flow,Greystar,Dallas / Texas,Apartment,2026-09-01,2026-09-01,1,0,0,20,0,0,Fading,No Clear Stress,Capital flow fading,12
2026-09-21,20260921-005246-91e60804,2026-09-21 00:52:46,Institutional Capital Flow,Greystar,Other / Unknown,Student Housing,2026-09-12,2026-09-12,1,0,0,20,0,0,Fading,No Clear Stress,Capital flow fading,12
2026-09-21,20260921-005246-91e60804,2026-09-21 00:52:46,Institutional Capital Flow,Greystone,Other / Unknown,Affordable Housing,2026-07-24,2026-07-24,1,0,0,20,0,0,Fading,No Clear Stress,Capital flow fading,12
2026-09-21,20260921-005246-91e60804,2026-09-21 00:52:46,Institutional Capital Flow,Greystone,National,Multifamily,2026-08-18,2026-08-18,1,0,0,20,0,0,Fading,No Clear Stress,Capital flow fading,12
2026-09-21,20260921-005246-91e60804,2026-09-21 00:52:46,Institutional Capital Flow,Greystone,New York,Apartment,2026-06-25,2026-06-25,1,0,0,20,0,0,Fading,No Clear Stress,Capital flow fading,12
2026-09-21,20260921-005246-91e60804,2026-09-21 00:52:46,Institutional Capital Flow,Greystone,Austin / Texas,Multifamily,2026-08-11,2026-08-11,1,0,0,20,0,0,Fading,No Clear Stress,Capital flow fading,12
2026-09-21,20260921-005246-91e60804,2026-09-21 00:52:46,Institutional Capital Flow,Greystone,New York,Multifamily,2026-07-31,2026-07-31,1,0,0,20,0,0,Fading,No Clear Stress,Capital flow fading,12
2026-09-21,20260921-005246-91e60804,2026-09-21 00:52:46,Institutional Capital Flow,Greystone,Dallas / Texas,Affordable Housing,2026-07-15,2026-07-15,1,0,0,20,0,0,Fading,No Clear Stress,Capital flow fading,12
2026-09-21,20260921-005246-91e60804,2026-09-21 00:52:46,Institutional Capital Flow,Greystone,Connecticut,Office-to-Residential Conversion,2026-09-03,2026-09-03,1,0,0,20,0,0,Fading,No Clear Stress,Capital flow fading,12
2026-09-21,20260921-005246-91e60804,2026-09-21 00:52:46,Institutional Capital Flow,Groton Senior Living Expansion,Connecticut,Senior Housing,2026-07-15,2026-07-15,1,0,0,20,0,0,Fading,No Clear Stress,Capital flow fading,12
2026-09-21,20260921-005246-91e60804,2026-09-21 00:52:46,Institutional Capital Flow,HFO Investment Real Estate,Other / Unknown,Apartment,2026-09-15,2026-09-15,1,0,0,20,0,0,Fading,No Clear Stress,Capital flow fading,12
2026-09-21,20260921-005246-91e60804,2026-09-21 00:52:46,Institutional Capital Flow,HKS Real Estate,New York City / New York,Apartment,2026-06-23,2026-06-23,1,0,0,20,0,0,Fading,No Clear Stress,Capital flow fading,12
2026-09-21,20260921-005246-91e60804,2026-09-21 00:52:46,Institutional Capital Flow,HREC Investment Advisors,Washington DC,Apartment,2026-07-07,2026-07-07,1,0,0,20,0,0,Fading,No Clear Stress,Capital flow fading,12
2026-09-21,20260921-005246-91e60804,2026-09-21 00:52:46,Institutional Capital Flow,Harbor Group International,Dallas / Texas; Texas,Mixed-Use Residential,2026-06-23,2026-06-23,1,0,0,20,0,0,Fading,No Clear Stress,Capital flow fading,12
2026-09-21,20260921-005246-91e60804,2026-09-21 00:52:46,Institutional Capital Flow,Harlem Condos Residential,Other / Unknown,General Residential,2026-07-14,2026-07-14,1,0,0,20,0,0,Fading,No Clear Stress,Capital flow fading,12
2026-09-21,20260921-005246-91e60804,2026-09-21 00:52:46,Institutional Capital Flow,Harmoniq Residential,Other / Unknown,Multifamily,2026-08-25,2026-08-25,1,0,0,20,0,0,Fading,No Clear Stress,Capital flow fading,12
2026-09-21,20260921-005246-91e60804,2026-09-21 00:52:46,Institutional Capital Flow,Harmony Housing Partners,Other / Unknown,Affordable Housing,2026-08-27,2026-08-27,1,0,0,20,0,0,Fading,No Clear Stress,Capital flow fading,12
2026-09-21,20260921-005246-91e60804,2026-09-21 00:52:46,Institutional Capital Flow,Harrison Street Asset Management,Dallas / Texas; Other / Unknown; Phoenix / Arizona,Student Housing,2026-07-20,2026-07-20,1,0,0,20,0,0,Fading,No Clear Stress,Capital flow fading,12
2026-09-21,20260921-005246-91e60804,2026-09-21 00:52:46,Institutional Capital Flow,Hawkins Way Capital,Beverly Hills / California,Student Housing,2026-06-16,2026-06-16,1,0,0,20,0,0,Fading,No Clear Stress,Capital flow fading,12
2026-09-21,20260921-005246-91e60804,2026-09-21 00:52:46,Institutional Capital Flow,Hawkins Way Capital,New York; New York City / New York,Student Housing,2026-08-27,2026-08-27,1,0,0,20,0,0,Fading,No Clear Stress,Capital flow fading,12
2026-09-21,20260921-005246-91e60804,2026-09-21 00:52:46,Institutional Capital Flow,Healthcare REIT Acquires Eight Senior Housing Communities,National,Senior Housing,2026-09-09,2026-09-09,1,0,0,20,0,0,Fading,No Clear Stress,Capital flow fading,12
2026-09-21,20260921-005246-91e60804,2026-09-21 00:52:46,Institutional Capital Flow,Heavy Rent-Regulated Exposure Cerberus Capital Management,New York City / New York,Apartment,2026-07-28,2026-07-28,1,0,0,20,0,0,Fading,No Clear Stress,Capital flow fading,12
2026-09-21,20260921-005246-91e60804,2026-09-21 00:52:46,Institutional Capital Flow,High Street Residential,Other / Unknown,Apartment,2026-05-19,2026-05-19,1,0,0,20,0,0,Fading,No Clear Stress,Capital flow fading,12
2026-09-21,20260921-005246-91e60804,2026-09-21 00:52:46,Institutional Capital Flow,High Street Residential,Southeast,Apartment,2026-05-21,2026-05-21,1,0,0,20,0,0,Fading,No Clear Stress,Capital flow fading,12
2026-09-21,20260921-005246-91e60804,2026-09-21 00:52:46,Institutional Capital Flow,High Street Residential,New York City / New York,Apartment,2026-08-10,2026-08-10,1,0,0,20,0,0,Fading,No Clear Stress,Capital flow fading,12
2026-09-21,20260921-005246-91e60804,2026-09-21 00:52:46,Institutional Capital Flow,Hines,Houston / Texas,Mixed-Use Residential,2026-08-11,2026-08-11,1,0,0,20,0,0,Fading,No Clear Stress,Capital flow fading,12
2026-09-21,20260921-005246-91e60804,2026-09-21 00:52:46,Institutional Capital Flow,Hines,New York,Multifamily,2026-05-19,2026-05-19,1,0,0,20,0,0,Fading,No Clear Stress,Capital flow fading,12
2026-09-21,20260921-005246-91e60804,2026-09-21 00:52:46,Institutional Capital Flow,Hines,Other / Unknown,General Residential,2026-05-27,2026-05-27,1,0,0,20,0,0,Fading,No Clear Stress,Capital flow fading,12
2026-09-21,20260921-005246-91e60804,2026-09-21 00:52:46,Market-Level Capital Concentration,Houston / Texas,Houston / Texas,BTR / Single-Family Rental,2026-08-04,2026-08-04,1,0,0,0,0,0,Fading,No Clear Stress,Capital flow fading,12
2026-09-21,20260921-005246-91e60804,2026-09-21 00:52:46,Institutional Capital Flow,Hunington Residential,Houston / Texas,Multifamily,2026-09-10,2026-09-10,1,0,0,20,0,0,Fading,No Clear Stress,Capital flow fading,12
2026-09-21,20260921-005246-91e60804,2026-09-21 00:52:46,Institutional Capital Flow,Hyatt Regency Savannah Sale JLL Capital,Atlanta / Georgia,General Residential,2026-08-28,2026-08-28,1,0,0,20,0,0,Fading,No Clear Stress,Capital flow fading,12
2026-09-21,20260921-005246-91e60804,2026-09-21 00:52:46,Institutional Capital Flow,ICON Real Estate,Other / Unknown,Apartment,2026-08-19,2026-08-19,1,0,0,20,0,0,Fading,No Clear Stress,Capital flow fading,12
2026-09-21,20260921-005246-91e60804,2026-09-21 00:52:46,Institutional Capital Flow,IPA,Dallas / Texas; Other / Unknown,Multifamily,2026-09-01,2026-09-01,1,0,0,20,0,0,Fading,No Clear Stress,Capital flow fading,12
2026-09-21,20260921-005246-91e60804,2026-09-21 00:52:46,Institutional Capital Flow,IPA,California; Dallas / Texas,Apartment,2026-08-01,2026-08-01,1,0,0,20,0,0,Fading,No Clear Stress,Capital flow fading,12
2026-09-21,20260921-005246-91e60804,2026-09-21 00:52:46,Institutional Capital Flow,IPA,Los Angeles / California; National; Phoenix / Arizona,Apartment,2026-06-23,2026-06-23,1,0,0,20,0,0,Fading,No Clear Stress,Capital flow fading,12
2026-09-21,20260921-005246-91e60804,2026-09-21 00:52:46,Institutional Capital Flow,IPA,Miami / Florida; National; Riverside / California,Apartment,2026-08-10,2026-08-10,1,0,0,20,0,0,Fading,No Clear Stress,Capital flow fading,12
2026-09-21,20260921-005246-91e60804,2026-09-21 00:52:46,Institutional Capital Flow,IPA,California; Dallas / Texas; New York,Apartment,2026-08-02,2026-08-02,1,0,0,20,0,0,Fading,No Clear Stress,Capital flow fading,12
2026-09-21,20260921-005246-91e60804,2026-09-21 00:52:46,Institutional Capital Flow,IPA,California; Miami / Florida,Apartment,2026-07-17,2026-07-17,1,0,0,20,0,0,Fading,No Clear Stress,Capital flow fading,12
2026-09-21,20260921-005246-91e60804,2026-09-21 00:52:46,Institutional Capital Flow,IPA,Phoenix / Arizona; San Francisco / California; Texas,Apartment,2026-06-23,2026-06-23,1,0,0,20,0,0,Fading,No Clear Stress,Capital flow fading,12
2026-09-21,20260921-005246-91e60804,2026-09-21 00:52:46,Institutional Capital Flow,IPA,Miami / Florida; Riverside / California; Texas,Apartment,2026-08-12,2026-08-12,1,0,0,20,0,0,Fading,No Clear Stress,Capital flow fading,12
2026-09-21,20260921-005246-91e60804,2026-09-21 00:52:46,Institutional Capital Flow,IPA,New York City / New York; Other / Unknown,Mixed-Use Residential,2026-08-20,2026-08-20,1,0,0,20,0,0,Fading,No Clear Stress,Capital flow fading,12
2026-09-21,20260921-005246-91e60804,2026-09-21 00:52:46,Institutional Capital Flow,IPA,Sarasota / Florida,Apartment,2026-07-10,2026-07-10,1,0,0,20,0,0,Fading,No Clear Stress,Capital flow fading,12
2026-09-21,20260921-005246-91e60804,2026-09-21 00:52:46,Institutional Capital Flow,IPA,Miami / Florida; New York City / New York; Seattle,Apartment,2026-06-12,2026-06-12,1,0,0,20,0,0,Fading,No Clear Stress,Capital flow fading,12
2026-09-21,20260921-005246-91e60804,2026-09-21 00:52:46,Institutional Capital Flow,IPA,Texas,Multifamily,2026-09-11,2026-09-11,1,0,0,20,0,0,Fading,No Clear Stress,Capital flow fading,12
2026-09-21,20260921-005246-91e60804,2026-09-21 00:52:46,Institutional Capital Flow,IPA,New York City / New York,Mixed-Use Residential,2026-07-02,2026-07-02,1,0,0,20,0,0,Fading,No Clear Stress,Capital flow fading,12
2026-09-21,20260921-005246-91e60804,2026-09-21 00:52:46,Institutional Capital Flow,IPA,Atlanta / Georgia; Other / Unknown,Apartment,2026-09-03,2026-09-03,1,0,0,20,0,0,Fading,No Clear Stress,Capital flow fading,12
2026-09-21,20260921-005246-91e60804,2026-09-21 00:52:46,Institutional Capital Flow,IPA,Seattle,Mixed-Use Residential,2026-09-02,2026-09-02,1,0,0,20,0,0,Fading,No Clear Stress,Capital flow fading,12
2026-09-21,20260921-005246-91e60804,2026-09-21 00:52:46,Institutional Capital Flow,IPA,Miami / Florida; Sun Belt,Apartment,2026-07-13,2026-07-13,1,0,0,20,0,0,Fading,No Clear Stress,Capital flow fading,12
2026-09-21,20260921-005246-91e60804,2026-09-21 00:52:46,Institutional Capital Flow,IPA,Los Angeles / California; Miami / Florida,Apartment,2026-07-17,2026-07-17,1,0,0,20,0,0,Fading,No Clear Stress,Capital flow fading,12
2026-09-21,20260921-005246-91e60804,2026-09-21 00:52:46,Institutional Capital Flow,IPA,New York City / New York,Multifamily,2026-09-18,2026-09-18,1,0,0,20,0,0,Fading,No Clear Stress,Capital flow fading,12
2026-09-21,20260921-005246-91e60804,2026-09-21 00:52:46,Institutional Capital Flow,IPA,Miami / Florida; Phoenix / Arizona,Apartment,2026-08-11,2026-08-11,1,0,0,20,0,0,Fading,No Clear Stress,Capital flow fading,12
2026-09-21,20260921-005246-91e60804,2026-09-21 00:52:46,Institutional Capital Flow,IPA,Riverside / California,Apartment,2026-08-04,2026-08-04,1,0,0,20,0,0,Fading,No Clear Stress,Capital flow fading,12
2026-09-21,20260921-005246-91e60804,2026-09-21 00:52:46,Institutional Capital Flow,IPA,Other / Unknown; Seattle,Apartment,2026-09-14,2026-09-14,1,0,0,20,0,0,Fading,No Clear Stress,Capital flow fading,12
2026-09-21,20260921-005246-91e60804,2026-09-21 00:52:46,Institutional Capital Flow,IPA,California; Colorado; Other / Unknown,Apartment,2026-08-28,2026-08-28,1,0,0,20,0,0,Fading,No Clear Stress,Capital flow fading,12
2026-09-21,20260921-005246-91e60804,2026-09-21 00:52:46,Institutional Capital Flow,IPA,Dallas / Texas; New York,Apartment,2026-08-03,2026-08-03,1,0,0,20,0,0,Fading,No Clear Stress,Capital flow fading,12
2026-09-21,20260921-005246-91e60804,2026-09-21 00:52:46,Institutional Capital Flow,IPA,Phoenix / Arizona; Utah,Apartment,2026-06-20,2026-06-20,1,0,0,20,0,0,Fading,No Clear Stress,Capital flow fading,12
2026-09-21,20260921-005246-91e60804,2026-09-21 00:52:46,Institutional Capital Flow,IPA,Connecticut; Miami / Florida,Apartment,2026-07-21,2026-07-21,1,0,0,20,0,0,Fading,No Clear Stress,Capital flow fading,12
2026-09-21,20260921-005246-91e60804,2026-09-21 00:52:46,Institutional Capital Flow,IPA,California; Nashville / Tennessee,Apartment,2026-06-10,2026-06-10,1,0,0,20,0,0,Fading,No Clear Stress,Capital flow fading,12
2026-09-21,20260921-005246-91e60804,2026-09-21 00:52:46,Institutional Capital Flow,IPA,Arizona; Miami / Florida; Other / Unknown,Apartment,2026-08-13,2026-08-13,1,0,0,20,0,0,Fading,No Clear Stress,Capital flow fading,12
2026-09-21,20260921-005246-91e60804,2026-09-21 00:52:46,Institutional Capital Flow,IZO Capital,Other / Unknown,Workforce Housing,2026-08-05,2026-08-05,1,0,0,20,0,0,Fading,No Clear Stress,Capital flow fading,12
2026-09-21,20260921-005246-91e60804,2026-09-21 00:52:46,Institutional Capital Flow,Icon Real Estate Advisors,Other / Unknown,Apartment,2026-08-05,2026-08-05,1,0,0,20,0,0,Fading,No Clear Stress,Capital flow fading,12
2026-09-21,20260921-005246-91e60804,2026-09-21 00:52:46,Institutional Capital Flow,Innovation District GMH Communities,Atlanta / Georgia,Mixed-Use Residential,2026-08-05,2026-08-05,1,0,0,20,0,0,Fading,No Clear Stress,Capital flow fading,12
2026-09-21,20260921-005246-91e60804,2026-09-21 00:52:46,Institutional Capital Flow,Invent Development Partners,Denver / Colorado; Phoenix / Arizona,Apartment,2026-08-07,2026-08-07,1,0,0,20,0,0,Fading,No Clear Stress,Capital flow fading,12
2026-09-21,20260921-005246-91e60804,2026-09-21 00:52:46,Institutional Capital Flow,JLL,New York; Other / Unknown; Phoenix / Arizona,Apartment,2026-09-02,2026-09-02,1,0,0,20,0,0,Fading,No Clear Stress,Capital flow fading,12
2026-09-21,20260921-005246-91e60804,2026-09-21 00:52:46,Recurring Lender,JLL,Sun Belt,Office-to-Residential Conversion,2026-05-19,2026-05-19,1,0,20,0,0,0,Fading,No Clear Stress,Capital flow fading,12
2026-09-21,20260921-005246-91e60804,2026-09-21 00:52:46,Institutional Capital Flow,JLL,Houston / Texas; Miami / Florida; National,Apartment,2026-09-03,2026-09-03,1,0,0,20,0,0,Fading,No Clear Stress,Capital flow fading,12
2026-09-21,20260921-005246-91e60804,2026-09-21 00:52:46,Institutional Capital Flow,JLL,Atlanta / Georgia; Denver / Colorado; New York; Other / Unknown,Apartment,2026-08-10,2026-08-10,1,0,0,20,0,0,Fading,No Clear Stress,Capital flow fading,12
2026-09-21,20260921-005246-91e60804,2026-09-21 00:52:46,Institutional Capital Flow,JLL,California; New York City / New York; Other / Unknown,Apartment,2026-09-01,2026-09-01,1,0,0,20,0,0,Fading,No Clear Stress,Capital flow fading,12
2026-09-21,20260921-005246-91e60804,2026-09-21 00:52:46,Recurring Lender,JLL,Other / Unknown,BTR / Single-Family Rental,2026-08-04,2026-08-04,1,0,20,0,0,0,Fading,No Clear Stress,Capital flow fading,12
2026-09-21,20260921-005246-91e60804,2026-09-21 00:52:46,Institutional Capital Flow,JLL,Miami / Florida; New York; New York City / New York; San Francisco / California,Multifamily,2026-07-13,2026-07-13,1,0,0,20,0,0,Fading,No Clear Stress,Capital flow fading,12
2026-09-21,20260921-005246-91e60804,2026-09-21 00:52:46,Recurring Lender,JLL,New York City / New York,Affordable Housing,2026-09-17,2026-09-17,1,0,20,0,0,0,Fading,No Clear Stress,Capital flow fading,12
2026-09-21,20260921-005246-91e60804,2026-09-21 00:52:46,Institutional Capital Flow,JLL,California; Other / Unknown; Washington DC,Multifamily,2026-08-13,2026-08-13,1,0,0,20,0,0,Fading,No Clear Stress,Capital flow fading,12
2026-09-21,20260921-005246-91e60804,2026-09-21 00:52:46,Institutional Capital Flow,JLL,New York; New York City / New York,Apartment,2026-07-02,2026-07-02,1,0,0,20,0,0,Fading,No Clear Stress,Capital flow fading,12
2026-09-21,20260921-005246-91e60804,2026-09-21 00:52:46,Recurring Lender,JLL,San Francisco / California,General Residential,2026-07-13,2026-07-13,1,0,20,0,0,0,Fading,No Clear Stress,Capital flow fading,12
2026-09-21,20260921-005246-91e60804,2026-09-21 00:52:46,Institutional Capital Flow,JLL,Atlanta / Georgia; California; Southeast,Apartment,2026-06-15,2026-06-15,1,0,0,20,0,0,Fading,No Clear Stress,Capital flow fading,12
2026-09-21,20260921-005246-91e60804,2026-09-21 00:52:46,Institutional Capital Flow,JLL,California; Other / Unknown; Sun Belt,Senior Housing,2026-08-31,2026-08-31,1,0,0,20,0,0,Fading,No Clear Stress,Capital flow fading,12
2026-09-21,20260921-005246-91e60804,2026-09-21 00:52:46,Institutional Capital Flow,JLL,Other / Unknown,Senior Housing,2026-08-18,2026-08-18,1,0,0,20,0,0,Fading,No Clear Stress,Capital flow fading,12
2026-09-21,20260921-005246-91e60804,2026-09-21 00:52:46,Recurring Lender,JLL,Colorado,Multifamily,2026-08-17,2026-08-17,1,0,20,0,0,0,Fading,No Clear Stress,Capital flow fading,12
2026-09-21,20260921-005246-91e60804,2026-09-21 00:52:46,Institutional Capital Flow,JLL,Atlanta / Georgia; Baton Rouge / Louisiana; Florida; National; Other / Unknown; Tampa / Florida,Apartment,2026-07-31,2026-07-31,1,0,0,20,0,0,Fading,No Clear Stress,Capital flow fading,12
2026-09-21,20260921-005246-91e60804,2026-09-21 00:52:46,Institutional Capital Flow,JLL,Houston / Texas; Miami / Florida; New York; Other / Unknown,Mixed-Use Residential,2026-07-14,2026-07-14,1,0,0,20,0,0,Fading,No Clear Stress,Capital flow fading,12
2026-09-21,20260921-005246-91e60804,2026-09-21 00:52:46,Institutional Capital Flow,JLL,California; New York; Other / Unknown,Apartment,2026-06-20,2026-06-20,1,0,0,20,0,0,Fading,No Clear Stress,Capital flow fading,12
2026-09-21,20260921-005246-91e60804,2026-09-21 00:52:46,Institutional Capital Flow,JLL,California; Denver / Colorado; Houston / Texas; New York,Senior Housing,2026-06-17,2026-06-17,1,0,0,20,0,0,Fading,No Clear Stress,Capital flow fading,12
2026-09-21,20260921-005246-91e60804,2026-09-21 00:52:46,Institutional Capital Flow,JLL,California; Texas,Apartment,2026-06-18,2026-06-18,1,0,0,20,0,0,Fading,No Clear Stress,Capital flow fading,12
2026-09-21,20260921-005246-91e60804,2026-09-21 00:52:46,Recurring Lender,JLL,Nashville / Tennessee,General Residential,2026-08-17,2026-08-17,1,0,20,0,0,0,Fading,No Clear Stress,Capital flow fading,12
2026-09-21,20260921-005246-91e60804,2026-09-21 00:52:46,Recurring Lender,JLL,California,Mixed-Use Residential,2026-05-27,2026-05-27,1,0,20,0,0,0,Fading,No Clear Stress,Capital flow fading,12
2026-09-21,20260921-005246-91e60804,2026-09-21 00:52:46,Recurring Lender,JLL,Las Vegas / Nevada,Senior Housing,2026-09-10,2026-09-10,1,0,20,0,0,0,Fading,No Clear Stress,Capital flow fading,12
2026-09-21,20260921-005246-91e60804,2026-09-21 00:52:46,Recurring Lender,JLL,Colorado,Office-to-Residential Conversion,2026-09-11,2026-09-11,1,0,20,0,0,0,Fading,No Clear Stress,Capital flow fading,12
2026-09-21,20260921-005246-91e60804,2026-09-21 00:52:46,Institutional Capital Flow,JLL,Dallas / Texas,Mixed-Use Residential,2026-09-15,2026-09-15,1,0,0,20,0,0,Fading,No Clear Stress,Capital flow fading,12
2026-09-21,20260921-005246-91e60804,2026-09-21 00:52:46,Institutional Capital Flow,JLL,California; Colorado; Georgia; Nashville / Tennessee,Multifamily,2026-08-17,2026-08-17,1,0,0,20,0,0,Fading,No Clear Stress,Capital flow fading,12
2026-09-21,20260921-005246-91e60804,2026-09-21 00:52:46,Recurring Lender,JLL,Los Angeles / California,Multifamily,2026-08-06,2026-08-06,1,0,20,0,0,0,Fading,No Clear Stress,Capital flow fading,12
2026-09-21,20260921-005246-91e60804,2026-09-21 00:52:46,Institutional Capital Flow,JLL,New York,Apartment,2026-08-25,2026-08-25,1,0,0,20,0,0,Fading,No Clear Stress,Capital flow fading,12
2026-09-21,20260921-005246-91e60804,2026-09-21 00:52:46,Institutional Capital Flow,JLL,Florida; Miami / Florida; New York City / New York; Other / Unknown; Texas,Apartment,2026-07-20,2026-07-20,1,0,0,20,0,0,Fading,No Clear Stress,Capital flow fading,12
2026-09-21,20260921-005246-91e60804,2026-09-21 00:52:46,Institutional Capital Flow,JLL,National; New York City / New York,Apartment,2026-07-01,2026-07-01,1,0,0,20,0,0,Fading,No Clear Stress,Capital flow fading,12
2026-09-21,20260921-005246-91e60804,2026-09-21 00:52:46,Institutional Capital Flow,JLL,Atlanta / Georgia; New York City / New York; Texas,Apartment,2026-08-05,2026-08-05,1,0,0,20,0,0,Fading,No Clear Stress,Capital flow fading,12
2026-09-21,20260921-005246-91e60804,2026-09-21 00:52:46,Institutional Capital Flow,JLL,Atlanta / Georgia; Dallas / Texas; Miami / Florida; National; Seattle,Apartment,2026-07-23,2026-07-23,1,0,0,20,0,0,Fading,No Clear Stress,Capital flow fading,12
2026-09-21,20260921-005246-91e60804,2026-09-21 00:52:46,Institutional Capital Flow,JLL,Colorado; New York,Office-to-Residential Conversion,2026-09-11,2026-09-11,1,0,0,20,0,0,Fading,No Clear Stress,Capital flow fading,12
2026-09-21,20260921-005246-91e60804,2026-09-21 00:52:46,Institutional Capital Flow,JLL,Atlanta / Georgia; Austin / Texas; California; Los Angeles / California; Other / Unknown,Apartment,2026-08-07,2026-08-07,1,0,0,20,0,0,Fading,No Clear Stress,Capital flow fading,12
2026-09-21,20260921-005246-91e60804,2026-09-21 00:52:46,Institutional Capital Flow,JLL,California; Connecticut; New York City / New York,Multifamily,2026-06-26,2026-06-26,1,0,0,20,0,0,Fading,No Clear Stress,Capital flow fading,12
2026-09-21,20260921-005246-91e60804,2026-09-21 00:52:46,Recurring Lender,JLL,Dallas / Texas,Multifamily,2026-07-21,2026-07-21,1,0,20,0,0,0,Fading,No Clear Stress,Capital flow fading,12
2026-09-21,20260921-005246-91e60804,2026-09-21 00:52:46,Recurring Lender,JLL,Los Angeles,Apartment,2026-05-19,2026-05-19,1,0,20,0,0,0,Fading,No Clear Stress,Capital flow fading,12
2026-09-21,20260921-005246-91e60804,2026-09-21 00:52:46,Institutional Capital Flow,JLL,Atlanta / Georgia; Austin / Texas; Colorado; National; Other / Unknown,Apartment,2026-08-07,2026-08-07,1,0,0,20,0,0,Fading,No Clear Stress,Capital flow fading,12
2026-09-21,20260921-005246-91e60804,2026-09-21 00:52:46,Institutional Capital Flow,JLL,California; New York; Seattle,Apartment,2026-06-23,2026-06-23,1,0,0,20,0,0,Fading,No Clear Stress,Capital flow fading,12
2026-09-21,20260921-005246-91e60804,2026-09-21 00:52:46,Institutional Capital Flow,JLL,Florida; New York; New York City / New York; Other / Unknown,Apartment,2026-06-30,2026-06-30,1,0,0,20,0,0,Fading,No Clear Stress,Capital flow fading,12
2026-09-21,20260921-005246-91e60804,2026-09-21 00:52:46,Recurring Lender,JLL,National,Senior Housing,2026-07-07,2026-07-07,1,0,20,0,0,0,Fading,No Clear Stress,Capital flow fading,12
2026-09-21,20260921-005246-91e60804,2026-09-21 00:52:46,Institutional Capital Flow,JLL,California; New York; Texas,Mixed-Use Residential,2026-06-25,2026-06-25,1,0,0,20,0,0,Fading,No Clear Stress,Capital flow fading,12
2026-09-21,20260921-005246-91e60804,2026-09-21 00:52:46,Institutional Capital Flow,JLL,Atlanta / Georgia; Austin / Texas; Los Angeles / California; New York,Multifamily,2026-08-06,2026-08-06,1,0,0,20,0,0,Fading,No Clear Stress,Capital flow fading,12
2026-09-21,20260921-005246-91e60804,2026-09-21 00:52:46,Institutional Capital Flow,JLL,California; National,Apartment,2026-09-04,2026-09-04,1,0,0,20,0,0,Fading,No Clear Stress,Capital flow fading,12
2026-09-21,20260921-005246-91e60804,2026-09-21 00:52:46,Institutional Capital Flow,JLL,Atlanta / Georgia; California; Los Angeles / California; Other / Unknown,Senior Housing,2026-07-30,2026-07-30,1,0,0,20,0,0,Fading,No Clear Stress,Capital flow fading,12
2026-09-21,20260921-005246-91e60804,2026-09-21 00:52:46,Institutional Capital Flow,JLL,New York City / New York; Other / Unknown,Multifamily,2026-09-17,2026-09-17,1,0,0,20,0,0,Fading,No Clear Stress,Capital flow fading,12
2026-09-21,20260921-005246-91e60804,2026-09-21 00:52:46,Recurring Lender,JLL,Connecticut,Multifamily,2026-06-26,2026-06-26,1,0,20,0,0,0,Fading,No Clear Stress,Capital flow fading,12
2026-09-21,20260921-005246-91e60804,2026-09-21 00:52:46,Institutional Capital Flow,JLL,Las Vegas / Nevada; Other / Unknown,Senior Housing,2026-09-10,2026-09-10,1,0,0,20,0,0,Fading,No Clear Stress,Capital flow fading,12
2026-09-21,20260921-005246-91e60804,2026-09-21 00:52:46,Recurring Lender,JLL,Arizona,General Residential,2026-05-21,2026-05-21,1,0,20,0,0,0,Fading,No Clear Stress,Capital flow fading,12
2026-09-21,20260921-005246-91e60804,2026-09-21 00:52:46,Institutional Capital Flow,JLL,San Francisco / California,Apartment,2026-08-19,2026-08-19,1,0,0,20,0,0,Fading,No Clear Stress,Capital flow fading,12
2026-09-21,20260921-005246-91e60804,2026-09-21 00:52:46,Institutional Capital Flow,JLL,Atlanta / Georgia; Other / Unknown; Phoenix / Arizona,Senior Housing,2026-08-12,2026-08-12,1,0,0,20,0,0,Fading,No Clear Stress,Capital flow fading,12
2026-09-21,20260921-005246-91e60804,2026-09-21 00:52:46,Institutional Capital Flow,JLL,National; New York,Senior Housing,2026-07-07,2026-07-07,1,0,0,20,0,0,Fading,No Clear Stress,Capital flow fading,12
2026-09-21,20260921-005246-91e60804,2026-09-21 00:52:46,Institutional Capital Flow,JLL,Dallas / Texas; Florida; Miami / Florida; New York City / New York; Tampa / Florida,Apartment,2026-07-21,2026-07-21,1,0,0,20,0,0,Fading,No Clear Stress,Capital flow fading,12
2026-09-21,20260921-005246-91e60804,2026-09-21 00:52:46,Institutional Capital Flow,JLL,Other / Unknown; Sun Belt,Apartment,2026-08-27,2026-08-27,1,0,0,20,0,0,Fading,No Clear Stress,Capital flow fading,12
2026-09-21,20260921-005246-91e60804,2026-09-21 00:52:46,Institutional Capital Flow,JLL,Miami / Florida; Other / Unknown,Apartment,2026-07-17,2026-07-17,1,0,0,20,0,0,Fading,No Clear Stress,Capital flow fading,12
2026-09-21,20260921-005246-91e60804,2026-09-21 00:52:46,Institutional Capital Flow,JLL,Atlanta / Georgia; California; Los Angeles / California; Miami / Florida; New York City / New York; Other / Unknown,Mixed-Use Residential,2026-07-28,2026-07-28,1,0,0,20,0,0,Fading,No Clear Stress,Capital flow fading,12
2026-09-21,20260921-005246-91e60804,2026-09-21 00:52:46,Institutional Capital Flow,JLL,Atlanta / Georgia; California; Dallas / Texas; Houston / Texas; Other / Unknown; Seattle; Texas; Washington DC,Apartment,2026-08-11,2026-08-11,1,0,0,20,0,0,Fading,No Clear Stress,Capital flow fading,12
2026-09-21,20260921-005246-91e60804,2026-09-21 00:52:46,Institutional Capital Flow,JLL,California; Other / Unknown,Mixed-Use Residential,2026-06-23,2026-06-23,1,0,0,20,0,0,Fading,No Clear Stress,Capital flow fading,12
2026-09-21,20260921-005246-91e60804,2026-09-21 00:52:46,Recurring Lender,JLL,Atlanta / Georgia,General Residential,2026-08-28,2026-08-28,1,0,20,0,0,0,Fading,No Clear Stress,Capital flow fading,12
2026-09-21,20260921-005246-91e60804,2026-09-21 00:52:46,Institutional Capital Flow,JLL,New York City / New York; Other / Unknown; Sun Belt,Apartment,2026-09-18,2026-09-18,1,0,0,20,0,0,Fading,No Clear Stress,Capital flow fading,12
2026-09-21,20260921-005246-91e60804,2026-09-21 00:52:46,Institutional Capital Flow,JLL,Florida; Miami / Florida,Apartment,2026-07-15,2026-07-15,1,0,0,20,0,0,Fading,No Clear Stress,Capital flow fading,12
2026-09-21,20260921-005246-91e60804,2026-09-21 00:52:46,Institutional Capital Flow,JLL,Florida; Miami / Florida; New York City / New York; Other / Unknown,General Residential,2026-07-10,2026-07-10,1,0,0,20,0,0,Fading,No Clear Stress,Capital flow fading,12
2026-09-21,20260921-005246-91e60804,2026-09-21 00:52:46,Recurring Lender,JLL,Phoenix / Arizona,Apartment,2026-08-12,2026-08-12,1,0,20,0,0,0,Fading,No Clear Stress,Capital flow fading,12
2026-09-21,20260921-005246-91e60804,2026-09-21 00:52:46,Institutional Capital Flow,JLL,Atlanta / Georgia; California; Other / Unknown,Multifamily,2026-08-28,2026-08-28,1,0,0,20,0,0,Fading,No Clear Stress,Capital flow fading,12
2026-09-21,20260921-005246-91e60804,2026-09-21 00:52:46,Recurring Lender,JLL,Sun Belt,Multifamily,2026-09-18,2026-09-18,1,0,20,0,0,0,Fading,No Clear Stress,Capital flow fading,12
2026-09-21,20260921-005246-91e60804,2026-09-21 00:52:46,Institutional Capital Flow,JLL,California; Dallas / Texas; Georgia; New York City / New York,General Residential,2026-06-19,2026-06-19,1,0,0,20,0,0,Fading,No Clear Stress,Capital flow fading,12
2026-09-21,20260921-005246-91e60804,2026-09-21 00:52:46,Institutional Capital Flow,JLL,Atlanta / Georgia; New York; New York City / New York; Other / Unknown,BTR / Single-Family Rental,2026-08-04,2026-08-04,1,0,0,20,0,0,Fading,No Clear Stress,Capital flow fading,12
2026-09-21,20260921-005246-91e60804,2026-09-21 00:52:46,Institutional Capital Flow,JLL,Colorado; San Francisco / California,Apartment,2026-08-20,2026-08-20,1,0,0,20,0,0,Fading,No Clear Stress,Capital flow fading,12
2026-09-21,20260921-005246-91e60804,2026-09-21 00:52:46,Institutional Capital Flow,JLL,Florida,BTR / Single-Family Rental,2026-09-16,2026-09-16,1,0,0,20,0,0,Fading,No Clear Stress,Capital flow fading,12
2026-09-21,20260921-005246-91e60804,2026-09-21 00:52:46,Recurring Lender,JLL,Colorado,Apartment,2026-08-07,2026-08-07,1,0,20,0,0,0,Fading,No Clear Stress,Capital flow fading,12
2026-09-21,20260921-005246-91e60804,2026-09-21 00:52:46,Recurring Lender,JLL,Seattle,Senior Housing,2026-06-23,2026-06-23,1,0,20,0,0,0,Fading,No Clear Stress,Capital flow fading,12
2026-09-21,20260921-005246-91e60804,2026-09-21 00:52:46,Institutional Capital Flow,JPI,California,Apartment,2026-09-17,2026-09-17,1,0,0,20,0,0,Fading,No Clear Stress,Capital flow fading,12
2026-09-21,20260921-005246-91e60804,2026-09-21 00:52:46,Institutional Capital Flow,JPI,Austin / Texas; Dallas / Texas; Sun Belt,Mixed-Use Residential,2026-07-01,2026-07-01,1,0,0,20,0,0,Fading,No Clear Stress,Capital flow fading,12
2026-09-21,20260921-005246-91e60804,2026-09-21 00:52:46,Institutional Capital Flow,JPI,Sun Belt,Mixed-Use Residential,2026-05-21,2026-05-21,1,0,0,20,0,0,Fading,No Clear Stress,Capital flow fading,12
2026-09-21,20260921-005246-91e60804,2026-09-21 00:52:46,Institutional Capital Flow,JPI,Austin / Texas; Dallas / Texas; Sun Belt,Affordable Housing,2026-06-30,2026-06-30,1,0,0,20,0,0,Fading,No Clear Stress,Capital flow fading,12
2026-09-21,20260921-005246-91e60804,2026-09-21 00:52:46,Institutional Capital Flow,JPI,California; Texas,Affordable Housing,2026-07-20,2026-07-20,1,0,0,20,0,0,Fading,No Clear Stress,Capital flow fading,12
2026-09-21,20260921-005246-91e60804,2026-09-21 00:52:46,Institutional Capital Flow,JPI,Dallas / Texas,Apartment,2026-08-18,2026-08-18,1,0,0,20,0,0,Fading,No Clear Stress,Capital flow fading,12
2026-09-21,20260921-005246-91e60804,2026-09-21 00:52:46,Institutional Capital Flow,JPI,Austin / Texas; Dallas / Texas,Mixed-Use Residential,2026-07-02,2026-07-02,1,0,0,20,0,0,Fading,No Clear Stress,Capital flow fading,12
2026-09-21,20260921-005246-91e60804,2026-09-21 00:52:46,Institutional Capital Flow,JSB Capital Group,Florida,Mixed-Use Residential,2026-07-28,2026-07-28,1,0,0,20,0,0,Fading,No Clear Stress,Capital flow fading,12
2026-09-21,20260921-005246-91e60804,2026-09-21 00:52:46,Institutional Capital Flow,Jasmine Kilman Associated Bank,Other / Unknown,Apartment,2026-07-28,2026-07-28,1,0,0,20,0,0,Fading,No Clear Stress,Capital flow fading,12
2026-09-21,20260921-005246-91e60804,2026-09-21 00:52:46,Institutional Capital Flow,Jersey City Integritas Capital,New York,Mixed-Use Residential,2026-06-16,2026-06-16,1,0,0,20,0,0,Fading,No Clear Stress,Capital flow fading,12
2026-09-21,20260921-005246-91e60804,2026-09-21 00:52:46,Institutional Capital Flow,Jersey City Multifamily Tower Build Residential,Other / Unknown,Multifamily,2026-08-24,2026-08-24,1,0,0,20,0,0,Fading,No Clear Stress,Capital flow fading,12
2026-09-21,20260921-005246-91e60804,2026-09-21 00:52:46,Institutional Capital Flow,Jersey City Multifamily Tower Residential,Other / Unknown,Multifamily,2026-08-11,2026-08-11,1,0,0,20,0,0,Fading,No Clear Stress,Capital flow fading,12
2026-09-21,20260921-005246-91e60804,2026-09-21 00:52:46,Institutional Capital Flow,Jersey City Waterfront Residential,New York City / New York,Multifamily,2026-07-09,2026-07-09,1,0,0,20,0,0,Fading,No Clear Stress,Capital flow fading,12
2026-09-21,20260921-005246-91e60804,2026-09-21 00:52:46,Institutional Capital Flow,Joint Venture Buys Two Student Housing Communities,Texas,Student Housing,2026-07-14,2026-07-14,1,0,0,20,0,0,Fading,No Clear Stress,Capital flow fading,12
2026-09-21,20260921-005246-91e60804,2026-09-21 00:52:46,Institutional Capital Flow,Kayne Anderson Real Estate,Atlanta / Georgia; Texas,Senior Housing,2026-06-12,2026-06-12,1,0,0,20,0,0,Fading,No Clear Stress,Capital flow fading,12
2026-09-21,20260921-005246-91e60804,2026-09-21 00:52:46,Institutional Capital Flow,Kayne Anderson Real Estate,Phoenix / Arizona,Student Housing,2026-08-27,2026-08-27,1,0,0,20,0,0,Fading,No Clear Stress,Capital flow fading,12
2026-09-21,20260921-005246-91e60804,2026-09-21 00:52:46,Institutional Capital Flow,Kennedy Wilson,Atlanta / Georgia,Multifamily,2026-09-11,2026-09-11,1,0,0,20,0,0,Fading,No Clear Stress,Capital flow fading,12
2026-09-21,20260921-005246-91e60804,2026-09-21 00:52:46,Recurring Capital Partner,Kennedy Wilson,Atlanta / Georgia,Multifamily,2026-09-11,2026-09-11,1,0,0,20,0,0,Fading,No Clear Stress,Capital flow fading,12
2026-09-21,20260921-005246-91e60804,2026-09-21 00:52:46,Recurring Capital Partner,Kennedy Wilson,New York City / New York,Apartment,2026-07-03,2026-07-03,1,0,0,20,0,0,Fading,No Clear Stress,Capital flow fading,12
2026-09-21,20260921-005246-91e60804,2026-09-21 00:52:46,Institutional Capital Flow,Kennedy Wilson,Los Angeles / California; Riverside / California,Office-to-Residential Conversion,2026-07-01,2026-07-01,1,0,0,20,0,0,Fading,No Clear Stress,Capital flow fading,12
2026-09-21,20260921-005246-91e60804,2026-09-21 00:52:46,Institutional Capital Flow,Kennedy Wilson,Los Angeles / California; New York City / New York; Riverside / California,Affordable Housing,2026-07-03,2026-07-03,1,0,0,20,0,0,Fading,No Clear Stress,Capital flow fading,12
2026-09-21,20260921-005246-91e60804,2026-09-21 00:52:46,Institutional Capital Flow,Kennedy Wilson,Los Angeles / California,Affordable Housing,2026-07-07,2026-07-07,1,0,0,20,0,0,Fading,No Clear Stress,Capital flow fading,12
2026-09-21,20260921-005246-91e60804,2026-09-21 00:52:46,Institutional Capital Flow,Kew Gardens Apartments Meridian Capital Group,New York,Apartment,2026-07-07,2026-07-07,1,0,0,20,0,0,Fading,No Clear Stress,Capital flow fading,12
2026-09-21,20260921-005246-91e60804,2026-09-21 00:52:46,Institutional Capital Flow,Kinect Real Estate,Seattle,Apartment,2026-07-07,2026-07-07,1,0,0,20,0,0,Fading,No Clear Stress,Capital flow fading,12
2026-09-21,20260921-005246-91e60804,2026-09-21 00:52:46,Institutional Capital Flow,Kiser Group,Other / Unknown,Student Housing,2026-07-17,2026-07-17,1,0,0,20,0,0,Fading,No Clear Stress,Capital flow fading,12
2026-09-21,20260921-005246-91e60804,2026-09-21 00:52:46,Institutional Capital Flow,LCOR,Miami / Florida; New York City / New York; Other / Unknown,Apartment,2026-07-07,2026-07-07,1,0,0,20,0,0,Fading,No Clear Stress,Capital flow fading,12
2026-09-21,20260921-005246-91e60804,2026-09-21 00:52:46,Market-Level Capital Concentration,Las Vegas / Nevada,Las Vegas / Nevada,Senior Housing,2026-09-10,2026-09-10,1,0,0,0,0,0,Fading,No Clear Stress,Capital flow fading,12
2026-09-21,20260921-005246-91e60804,2026-09-21 00:52:46,Institutional Capital Flow,Lawmark Capital,Other / Unknown,Affordable Housing,2026-07-28,2026-07-28,1,0,0,20,0,0,Fading,No Clear Stress,Capital flow fading,12
2026-09-21,20260921-005246-91e60804,2026-09-21 00:52:46,Institutional Capital Flow,Lead Multifamily Debt Capital Markets,National,Multifamily,2026-07-13,2026-07-13,1,0,0,20,0,0,Fading,No Clear Stress,Capital flow fading,12
2026-09-21,20260921-005246-91e60804,2026-09-21 00:52:46,Institutional Capital Flow,Lender Walton Street Capital,Sun Belt,Multifamily,2026-07-10,2026-07-10,1,0,0,20,0,0,Fading,No Clear Stress,Capital flow fading,12
2026-09-21,20260921-005246-91e60804,2026-09-21 00:52:46,Institutional Capital Flow,Lennard Irish Residential,Other / Unknown,BTR / Single-Family Rental,2026-09-08,2026-09-08,1,0,0,20,0,0,Fading,No Clear Stress,Capital flow fading,12
2026-09-21,20260921-005246-91e60804,2026-09-21 00:52:46,Institutional Capital Flow,Lenox West Capital,Florida,BTR / Single-Family Rental,2026-07-31,2026-07-31,1,0,0,20,0,0,Fading,No Clear Stress,Capital flow fading,12
2026-09-21,20260921-005246-91e60804,2026-09-21 00:52:46,Institutional Capital Flow,Lexington Luxury Rentals JLL Capital,Other / Unknown,Apartment,2026-09-17,2026-09-17,1,0,0,20,0,0,Fading,No Clear Stress,Capital flow fading,12
2026-09-21,20260921-005246-91e60804,2026-09-21 00:52:46,Institutional Capital Flow,Lightstone Capital,Houston / Texas,Multifamily,2026-09-10,2026-09-10,1,0,0,20,0,0,Fading,No Clear Stress,Capital flow fading,12
2026-09-21,20260921-005246-91e60804,2026-09-21 00:52:46,Institutional Capital Flow,Limited Partnership,California,Apartment,2026-06-12,2026-06-12,1,0,0,20,0,0,Fading,No Clear Stress,Capital flow fading,12
2026-09-21,20260921-005246-91e60804,2026-09-21 00:52:46,Institutional Capital Flow,Lincoln Property Company,Salt Lake City / Utah,Mixed-Use Residential,2026-07-01,2026-07-01,1,0,0,20,0,0,Fading,No Clear Stress,Capital flow fading,12
2026-09-21,20260921-005246-91e60804,2026-09-21 00:52:46,Institutional Capital Flow,Lincoln Property Company,Other / Unknown,Mixed-Use Residential,2026-08-29,2026-08-29,1,0,0,20,0,0,Fading,No Clear Stress,Capital flow fading,12
2026-09-21,20260921-005246-91e60804,2026-09-21 00:52:46,Institutional Capital Flow,Lincoln Property Company,Los Angeles / California,Apartment,2026-06-23,2026-06-23,1,0,0,20,0,0,Fading,No Clear Stress,Capital flow fading,12
2026-09-21,20260921-005246-91e60804,2026-09-21 00:52:46,Institutional Capital Flow,Livable Communities,Other / Unknown,Affordable Housing,2026-06-10,2026-06-10,1,0,0,20,0,0,Fading,No Clear Stress,Capital flow fading,12
2026-09-21,20260921-005246-91e60804,2026-09-21 00:52:46,Institutional Capital Flow,Los Angeles-based James Investment Partners,Los Angeles / California,Apartment,2026-06-18,2026-06-18,1,0,0,20,0,0,Fading,No Clear Stress,Capital flow fading,12
2026-09-21,20260921-005246-91e60804,2026-09-21 00:52:46,Institutional Capital Flow,Luxury Apartment Communities,Florida,Apartment,2026-08-05,2026-08-05,1,0,0,20,0,0,Fading,No Clear Stress,Capital flow fading,12
2026-09-21,20260921-005246-91e60804,2026-09-21 00:52:46,Institutional Capital Flow,M Development Partners,New York City / New York,Affordable Housing,2026-07-07,2026-07-07,1,0,0,20,0,0,Fading,No Clear Stress,Capital flow fading,12
2026-09-21,20260921-005246-91e60804,2026-09-21 00:52:46,Institutional Capital Flow,M&T,New York City / New York,Apartment,2026-07-21,2026-07-21,1,0,0,20,0,0,Fading,No Clear Stress,Capital flow fading,12
2026-09-21,20260921-005246-91e60804,2026-09-21 00:52:46,Institutional Capital Flow,M&T Bank,West Palm Beach / Florida,Multifamily,2026-09-17,2026-09-17,1,0,0,20,0,0,Fading,No Clear Stress,Capital flow fading,12
2026-09-21,20260921-005246-91e60804,2026-09-21 00:52:46,Institutional Capital Flow,M&T Realty Capital Corp,Washington DC,Apartment,2026-09-16,2026-09-16,1,0,0,20,0,0,Fading,No Clear Stress,Capital flow fading,12
2026-09-21,20260921-005246-91e60804,2026-09-21 00:52:46,Institutional Capital Flow,MAA,Sun Belt,Apartment,2026-09-01,2026-09-01,1,0,0,20,0,0,Fading,No Clear Stress,Capital flow fading,12
2026-09-21,20260921-005246-91e60804,2026-09-21 00:52:46,Institutional Capital Flow,MBK Rental Living,California,Multifamily,2026-09-09,2026-09-09,1,0,0,20,0,0,Fading,No Clear Stress,Capital flow fading,12
2026-09-21,20260921-005246-91e60804,2026-09-21 00:52:46,Institutional Capital Flow,MCB Real Estate,Other / Unknown,Mixed-Use Residential,2026-09-16,2026-09-16,1,0,0,20,0,0,Fading,No Clear Stress,Capital flow fading,12
2026-09-21,20260921-005246-91e60804,2026-09-21 00:52:46,Institutional Capital Flow,MG Properties Buys Two Multifamily Communities,California,Apartment,2026-06-30,2026-06-30,1,0,0,20,0,0,Fading,No Clear Stress,Capital flow fading,12
2026-09-21,20260921-005246-91e60804,2026-09-21 00:52:46,Institutional Capital Flow,MGL,Denver / Colorado,Affordable Housing,2026-06-18,2026-06-18,1,0,0,20,0,0,Fading,No Clear Stress,Capital flow fading,12
2026-09-21,20260921-005246-91e60804,2026-09-21 00:52:46,Institutional Capital Flow,MMG Equity Partners,Miami / Florida,Mixed-Use Residential,2026-09-03,2026-09-03,1,0,0,20,0,0,Fading,No Clear Stress,Capital flow fading,12
2026-09-21,20260921-005246-91e60804,2026-09-21 00:52:46,Institutional Capital Flow,MMG Real Estate,Texas,Apartment,2026-07-28,2026-07-28,1,0,0,20,0,0,Fading,No Clear Stress,Capital flow fading,12
2026-09-21,20260921-005246-91e60804,2026-09-21 00:52:46,Institutional Capital Flow,Machine Investment Group,Dallas / Texas,Multifamily,2026-09-15,2026-09-15,1,0,0,20,0,0,Fading,No Clear Stress,Capital flow fading,12
2026-09-21,20260921-005246-91e60804,2026-09-21 00:52:46,Institutional Capital Flow,Madison Development Group,Seattle,Mixed-Use Residential,2026-06-15,2026-06-15,1,0,0,20,0,0,Fading,No Clear Stress,Capital flow fading,12
2026-09-21,20260921-005246-91e60804,2026-09-21 00:52:46,Institutional Capital Flow,Madison Realty Capital,Other / Unknown,General Residential,2026-07-20,2026-07-20,1,0,0,20,0,0,Fading,No Clear Stress,Capital flow fading,12
2026-09-21,20260921-005246-91e60804,2026-09-21 00:52:46,Institutional Capital Flow,Madison Realty Capital,Denver / Colorado; Miami / Florida,Mixed-Use Residential,2026-08-07,2026-08-07,1,0,0,20,0,0,Fading,No Clear Stress,Capital flow fading,12
2026-09-21,20260921-005246-91e60804,2026-09-21 00:52:46,Institutional Capital Flow,Madison Realty Capital,New York,Mixed-Use Residential,2026-06-23,2026-06-23,1,0,0,20,0,0,Fading,No Clear Stress,Capital flow fading,12
2026-09-21,20260921-005246-91e60804,2026-09-21 00:52:46,Institutional Capital Flow,Madison Realty Capital,Miami / Florida,Multifamily,2026-07-30,2026-07-30,1,0,0,20,0,0,Fading,No Clear Stress,Capital flow fading,12
2026-09-21,20260921-005246-91e60804,2026-09-21 00:52:46,Institutional Capital Flow,Magnolia Equity Partners,Dallas / Texas,Mixed-Use Residential,2026-09-15,2026-09-15,1,0,0,20,0,0,Fading,No Clear Stress,Capital flow fading,12
2026-09-21,20260921-005246-91e60804,2026-09-21 00:52:46,Institutional Capital Flow,Mandrake Capital Partners,Georgia,BTR / Single-Family Rental,2026-06-19,2026-06-19,1,0,0,20,0,0,Fading,No Clear Stress,Capital flow fading,12
2026-09-21,20260921-005246-91e60804,2026-09-21 00:52:46,Institutional Capital Flow,Mann Group,New York City / New York,Apartment,2026-09-09,2026-09-09,1,0,0,20,0,0,Fading,No Clear Stress,Capital flow fading,12
2026-09-21,20260921-005246-91e60804,2026-09-21 00:52:46,Institutional Capital Flow,Marcus & Millichap,California; Dallas / Texas; Seattle,Apartment,2026-08-29,2026-08-29,1,0,0,20,0,0,Fading,No Clear Stress,Capital flow fading,12
2026-09-21,20260921-005246-91e60804,2026-09-21 00:52:46,Institutional Capital Flow,Marcus & Millichap,California; Los Angeles / California; Other / Unknown; Texas,Apartment,2026-08-12,2026-08-12,1,0,0,20,0,0,Fading,No Clear Stress,Capital flow fading,12
2026-09-21,20260921-005246-91e60804,2026-09-21 00:52:46,Institutional Capital Flow,Marcus & Millichap,Dallas / Texas; Los Angeles / California; Other / Unknown,Apartment,2026-06-16,2026-06-16,1,0,0,20,0,0,Fading,No Clear Stress,Capital flow fading,12
2026-09-21,20260921-005246-91e60804,2026-09-21 00:52:46,Institutional Capital Flow,Marcus & Millichap,Baton Rouge / Louisiana; California; Los Angeles / California; Louisiana; Other / Unknown,Apartment,2026-08-24,2026-08-24,1,0,0,20,0,0,Fading,No Clear Stress,Capital flow fading,12
2026-09-21,20260921-005246-91e60804,2026-09-21 00:52:46,Institutional Capital Flow,Marcus & Millichap,California; Los Angeles / California; Other / Unknown; Riverside / California,Apartment,2026-08-04,2026-08-04,1,0,0,20,0,0,Fading,No Clear Stress,Capital flow fading,12
2026-09-21,20260921-005246-91e60804,2026-09-21 00:52:46,Institutional Capital Flow,Marcus & Millichap,California; Los Angeles / California,Apartment,2026-07-24,2026-07-24,1,0,0,20,0,0,Fading,No Clear Stress,Capital flow fading,12
2026-09-21,20260921-005246-91e60804,2026-09-21 00:52:46,Institutional Capital Flow,Marcus & Millichap,California; Seattle; Texas,Apartment,2026-06-23,2026-06-23,1,0,0,20,0,0,Fading,No Clear Stress,Capital flow fading,12
2026-09-21,20260921-005246-91e60804,2026-09-21 00:52:46,Institutional Capital Flow,Marcus & Millichap,California; Miami / Florida; New York City / New York,Student Housing,2026-08-07,2026-08-07,1,0,0,20,0,0,Fading,No Clear Stress,Capital flow fading,12
2026-09-21,20260921-005246-91e60804,2026-09-21 00:52:46,Institutional Capital Flow,Marcus & Millichap,Beverly Hills / California; California,Mixed-Use Residential,2026-06-17,2026-06-17,1,0,0,20,0,0,Fading,No Clear Stress,Capital flow fading,12
2026-09-21,20260921-005246-91e60804,2026-09-21 00:52:46,Institutional Capital Flow,Marcus & Millichap,California; Dallas / Texas; New York City / New York,Mixed-Use Residential,2026-09-10,2026-09-10,1,0,0,20,0,0,Fading,No Clear Stress,Capital flow fading,12
2026-09-21,20260921-005246-91e60804,2026-09-21 00:52:46,Institutional Capital Flow,Marcus & Millichap,Dallas / Texas; Florida; Los Angeles / California; Phoenix / Arizona,Apartment,2026-07-09,2026-07-09,1,0,0,20,0,0,Fading,No Clear Stress,Capital flow fading,12
2026-09-21,20260921-005246-91e60804,2026-09-21 00:52:46,Institutional Capital Flow,Marcus & Millichap,California; Colorado,Apartment,2026-08-28,2026-08-28,1,0,0,20,0,0,Fading,No Clear Stress,Capital flow fading,12
2026-09-21,20260921-005246-91e60804,2026-09-21 00:52:46,Institutional Capital Flow,Marcus & Millichap,Los Angeles / California; Other / Unknown,Multifamily,2026-07-10,2026-07-10,1,0,0,20,0,0,Fading,No Clear Stress,Capital flow fading,12
2026-09-21,20260921-005246-91e60804,2026-09-21 00:52:46,Institutional Capital Flow,Marcus & Millichap,California; Dallas / Texas; Washington DC,Multifamily,2026-09-01,2026-09-01,1,0,0,20,0,0,Fading,No Clear Stress,Capital flow fading,12
2026-09-21,20260921-005246-91e60804,2026-09-21 00:52:46,Institutional Capital Flow,Marcus & Millichap,California,Multifamily,2026-07-14,2026-07-14,1,0,0,20,0,0,Fading,No Clear Stress,Capital flow fading,12
2026-09-21,20260921-005246-91e60804,2026-09-21 00:52:46,Institutional Capital Flow,Marcus & Millichap,California; Dallas / Texas; Los Angeles / California,Affordable Housing,2026-09-15,2026-09-15,1,0,0,20,0,0,Fading,No Clear Stress,Capital flow fading,12
2026-09-21,20260921-005246-91e60804,2026-09-21 00:52:46,Institutional Capital Flow,Marcus & Millichap,Los Angeles / California; Other / Unknown; Phoenix / Arizona,Apartment,2026-07-01,2026-07-01,1,0,0,20,0,0,Fading,No Clear Stress,Capital flow fading,12
2026-09-21,20260921-005246-91e60804,2026-09-21 00:52:46,Institutional Capital Flow,Marcus & Millichap,California; National,Apartment,2026-09-20,2026-09-20,1,0,0,20,0,0,Fading,No Clear Stress,Capital flow fading,12
2026-09-21,20260921-005246-91e60804,2026-09-21 00:52:46,Institutional Capital Flow,Marcus & Millichap,Los Angeles / California; San Francisco / California,Apartment,2026-06-23,2026-06-23,1,0,0,20,0,0,Fading,No Clear Stress,Capital flow fading,12
2026-09-21,20260921-005246-91e60804,2026-09-21 00:52:46,Institutional Capital Flow,Marcus & Millichap,Arizona; California; Other / Unknown,Apartment,2026-08-13,2026-08-13,1,0,0,20,0,0,Fading,No Clear Stress,Capital flow fading,12
2026-09-21,20260921-005246-91e60804,2026-09-21 00:52:46,Institutional Capital Flow,Marcus & Millichap,California; Dallas / Texas; New York City / New York; Other / Unknown; Seattle,Apartment,2026-09-14,2026-09-14,1,0,0,20,0,0,Fading,No Clear Stress,Capital flow fading,12
2026-09-21,20260921-005246-91e60804,2026-09-21 00:52:46,Institutional Capital Flow,Marcus & Millichap,Beverly Hills / California; Other / Unknown; San Francisco / California,Mixed-Use Residential,2026-06-20,2026-06-20,1,0,0,20,0,0,Fading,No Clear Stress,Capital flow fading,12
2026-09-21,20260921-005246-91e60804,2026-09-21 00:52:46,Institutional Capital Flow,Marcus & Millichap,Dallas / Texas; Florida,Apartment,2026-07-07,2026-07-07,1,0,0,20,0,0,Fading,No Clear Stress,Capital flow fading,12
2026-09-21,20260921-005246-91e60804,2026-09-21 00:52:46,Institutional Capital Flow,Marcus & Millichap,Los Angeles / California; New York City / New York; Other / Unknown; Sarasota / Florida,Multifamily,2026-07-17,2026-07-17,1,0,0,20,0,0,Fading,No Clear Stress,Capital flow fading,12
2026-09-21,20260921-005246-91e60804,2026-09-21 00:52:46,Institutional Capital Flow,Marcus & Millichap,California; Connecticut; Miami / Florida; Other / Unknown,Apartment,2026-07-28,2026-07-28,1,0,0,20,0,0,Fading,No Clear Stress,Capital flow fading,12
2026-09-21,20260921-005246-91e60804,2026-09-21 00:52:46,Institutional Capital Flow,Marcus & Millichap,California; Other / Unknown,Senior Housing,2026-07-23,2026-07-23,1,0,0,20,0,0,Fading,No Clear Stress,Capital flow fading,12
2026-09-21,20260921-005246-91e60804,2026-09-21 00:52:46,Institutional Capital Flow,Marcus & Millichap,California; Dallas / Texas,Apartment,2026-08-06,2026-08-06,1,0,0,20,0,0,Fading,No Clear Stress,Capital flow fading,12
2026-09-21,20260921-005246-91e60804,2026-09-21 00:52:46,Institutional Capital Flow,Marcus & Millichap,California; Other / Unknown; Seattle,Apartment,2026-08-27,2026-08-27,1,0,0,20,0,0,Fading,No Clear Stress,Capital flow fading,12
2026-09-21,20260921-005246-91e60804,2026-09-21 00:52:46,Institutional Capital Flow,Marcus & Millichap,California; Los Angeles / California; Miami / Florida; Other / Unknown,Apartment,2026-08-17,2026-08-17,1,0,0,20,0,0,Fading,No Clear Stress,Capital flow fading,12
2026-09-21,20260921-005246-91e60804,2026-09-21 00:52:46,Institutional Capital Flow,Marcus & Millichap,Beverly Hills / California; Dallas / Texas; Denver / Colorado; Other / Unknown,Mixed-Use Residential,2026-06-19,2026-06-19,1,0,0,20,0,0,Fading,No Clear Stress,Capital flow fading,12
2026-09-21,20260921-005246-91e60804,2026-09-21 00:52:46,Institutional Capital Flow,Marcus & Millichap,Los Angeles / California; Seattle,Apartment,2026-06-12,2026-06-12,1,0,0,20,0,0,Fading,No Clear Stress,Capital flow fading,12
2026-09-21,20260921-005246-91e60804,2026-09-21 00:52:46,Institutional Capital Flow,Marcus & Millichap,California; Other / Unknown,Apartment,2026-09-03,2026-09-03,1,0,0,20,0,0,Fading,No Clear Stress,Capital flow fading,12
2026-09-21,20260921-005246-91e60804,2026-09-21 00:52:46,Institutional Capital Flow,Marcus & Millichap,California; New York; Other / Unknown; Santa Monica / California,Multifamily,2026-09-09,2026-09-09,1,0,0,20,0,0,Fading,No Clear Stress,Capital flow fading,12
2026-09-21,20260921-005246-91e60804,2026-09-21 00:52:46,Institutional Capital Flow,Marcus & Millichap,California; Denver / Colorado; Florida; Seattle,Apartment,2026-09-02,2026-09-02,1,0,0,20,0,0,Fading,No Clear Stress,Capital flow fading,12
2026-09-21,20260921-005246-91e60804,2026-09-21 00:52:46,Institutional Capital Flow,Marcus & Millichap,Los Angeles / California; San Francisco / California; Sun Belt,Apartment,2026-07-13,2026-07-13,1,0,0,20,0,0,Fading,No Clear Stress,Capital flow fading,12
2026-09-21,20260921-005246-91e60804,2026-09-21 00:52:46,Institutional Capital Flow,Marcus & Millichap,California; Nashville / Tennessee; Other / Unknown; San Francisco / California,Apartment,2026-06-10,2026-06-10,1,0,0,20,0,0,Fading,No Clear Stress,Capital flow fading,12
2026-09-21,20260921-005246-91e60804,2026-09-21 00:52:46,Institutional Capital Flow,Marcus & Millichap,California; Los Angeles / California; New York City / New York; Other / Unknown; Texas,Apartment,2026-09-11,2026-09-11,1,0,0,20,0,0,Fading,No Clear Stress,Capital flow fading,12
2026-09-21,20260921-005246-91e60804,2026-09-21 00:52:46,Institutional Capital Flow,Marcus & Millichap,Dallas / Texas; New York City / New York; Other / Unknown; Sun Belt,Apartment,2026-07-07,2026-07-07,1,0,0,20,0,0,Fading,No Clear Stress,Capital flow fading,12
2026-09-21,20260921-005246-91e60804,2026-09-21 00:52:46,Institutional Capital Flow,Marcus & Millichap,California; Dallas / Texas; Los Angeles / California; New York City / New York,Apartment,2026-08-02,2026-08-02,1,0,0,20,0,0,Fading,No Clear Stress,Capital flow fading,12
2026-09-21,20260921-005246-91e60804,2026-09-21 00:52:46,Institutional Capital Flow,Marcus & Millichap,California; Dallas / Texas; Los Angeles / California; Other / Unknown,Apartment,2026-08-25,2026-08-25,1,0,0,20,0,0,Fading,No Clear Stress,Capital flow fading,12
2026-09-21,20260921-005246-91e60804,2026-09-21 00:52:46,Institutional Capital Flow,Marcus & Millichap,California; Los Angeles / California; Other / Unknown; Riverside / California; West Palm Beach / Florida,Apartment,2026-08-05,2026-08-05,1,0,0,20,0,0,Fading,No Clear Stress,Capital flow fading,12
2026-09-21,20260921-005246-91e60804,2026-09-21 00:52:46,Institutional Capital Flow,Marcus & Millichap,California; Connecticut; Los Angeles / California; Other / Unknown; Salt Lake City / Utah; Seattle,Apartment,2026-07-21,2026-07-21,1,0,0,20,0,0,Fading,No Clear Stress,Capital flow fading,12
2026-09-21,20260921-005246-91e60804,2026-09-21 00:52:46,Institutional Capital Flow,Marcus & Millichap,California; Connecticut,Apartment,2026-06-11,2026-06-11,1,0,0,20,0,0,Fading,No Clear Stress,Capital flow fading,12
2026-09-21,20260921-005246-91e60804,2026-09-21 00:52:46,Institutional Capital Flow,Marcus & Millichap,California; Other / Unknown; Phoenix / Arizona,Student Housing,2026-08-11,2026-08-11,1,0,0,20,0,0,Fading,No Clear Stress,Capital flow fading,12
2026-09-21,20260921-005246-91e60804,2026-09-21 00:52:46,Institutional Capital Flow,Marcus & Millichap,California; Los Angeles / California; National,Multifamily,2026-09-18,2026-09-18,1,0,0,20,0,0,Fading,No Clear Stress,Capital flow fading,12
2026-09-21,20260921-005246-91e60804,2026-09-21 00:52:46,Institutional Capital Flow,Marcus & Millichap,California; Riverside / California,Apartment,2026-08-10,2026-08-10,1,0,0,20,0,0,Fading,No Clear Stress,Capital flow fading,12
2026-09-21,20260921-005246-91e60804,2026-09-21 00:52:46,Institutional Capital Flow,Marcus & Millichap,California; Florida; Los Angeles / California,Apartment,2026-08-18,2026-08-18,1,0,0,20,0,0,Fading,No Clear Stress,Capital flow fading,12
2026-09-21,20260921-005246-91e60804,2026-09-21 00:52:46,Institutional Capital Flow,Marcus & Millichap,California; Dallas / Texas; Los Angeles / California; New York City / New York; Other / Unknown; Texas,Apartment,2026-08-01,2026-08-01,1,0,0,20,0,0,Fading,No Clear Stress,Capital flow fading,12
2026-09-21,20260921-005246-91e60804,2026-09-21 00:52:46,Institutional Capital Flow,Marcus & Millichap,California; Dallas / Texas; New York City / New York; Other / Unknown,Apartment,2026-09-13,2026-09-13,1,0,0,20,0,0,Fading,No Clear Stress,Capital flow fading,12
2026-09-21,20260921-005246-91e60804,2026-09-21 00:52:46,Institutional Capital Flow,Marcus & Millichap,California; Miami / Florida; New York City / New York; Other / Unknown,Apartment,2026-07-30,2026-07-30,1,0,0,20,0,0,Fading,No Clear Stress,Capital flow fading,12
2026-09-21,20260921-005246-91e60804,2026-09-21 00:52:46,Institutional Capital Flow,Marcus & Millichap,Beverly Hills / California; California; Dallas / Texas; New York; Other / Unknown,Apartment,2026-06-18,2026-06-18,1,0,0,20,0,0,Fading,No Clear Stress,Capital flow fading,12
2026-09-21,20260921-005246-91e60804,2026-09-21 00:52:46,Institutional Capital Flow,Marcus & Millichap,Dallas / Texas; Los Angeles / California,Apartment,2026-07-10,2026-07-10,1,0,0,20,0,0,Fading,No Clear Stress,Capital flow fading,12
2026-09-21,20260921-005246-91e60804,2026-09-21 00:52:46,Institutional Capital Flow,Marcus & Millichap,Dallas / Texas,Apartment,2026-09-04,2026-09-04,1,0,0,20,0,0,Fading,No Clear Stress,Capital flow fading,12
2026-09-21,20260921-005246-91e60804,2026-09-21 00:52:46,Institutional Capital Flow,Marcus & Millichap,Denver / Colorado; Los Angeles / California; New York City / New York,Apartment,2026-07-20,2026-07-20,1,0,0,20,0,0,Fading,No Clear Stress,Capital flow fading,12
2026-09-21,20260921-005246-91e60804,2026-09-21 00:52:46,Institutional Capital Flow,Marcus & Millichap,Atlanta / Georgia; Florida; Los Angeles / California; New York City / New York; Sun Belt,Apartment,2026-07-02,2026-07-02,1,0,0,20,0,0,Fading,No Clear Stress,Capital flow fading,12
2026-09-21,20260921-005246-91e60804,2026-09-21 00:52:46,Institutional Capital Flow,Margaritaville Hotel Savannah Tidal Real Estate Partners,Georgia,Apartment,2026-07-28,2026-07-28,1,0,0,20,0,0,Fading,No Clear Stress,Capital flow fading,12
2026-09-21,20260921-005246-91e60804,2026-09-21 00:52:46,Institutional Capital Flow,Mavrek,Other / Unknown,Multifamily,2026-09-18,2026-09-18,1,0,0,20,0,0,Fading,No Clear Stress,Capital flow fading,12
2026-09-21,20260921-005246-91e60804,2026-09-21 00:52:46,Institutional Capital Flow,Mavrek,National; Other / Unknown,Apartment,2026-08-28,2026-08-28,1,0,0,20,0,0,Fading,No Clear Stress,Capital flow fading,12
2026-09-21,20260921-005246-91e60804,2026-09-21 00:52:46,Institutional Capital Flow,MediaNews Group,Los Angeles / California,Apartment,2026-07-21,2026-07-21,1,0,0,20,0,0,Fading,No Clear Stress,Capital flow fading,12
2026-09-21,20260921-005246-91e60804,2026-09-21 00:52:46,Institutional Capital Flow,Memory Care Project JLL Capital,New York,Senior Housing,2026-06-17,2026-06-17,1,0,0,20,0,0,Fading,No Clear Stress,Capital flow fading,12
2026-09-21,20260921-005246-91e60804,2026-09-21 00:52:46,Institutional Capital Flow,Merchants Capital,California,Senior Housing,2026-08-25,2026-08-25,1,0,0,20,0,0,Fading,No Clear Stress,Capital flow fading,12
2026-09-21,20260921-005246-91e60804,2026-09-21 00:52:46,Institutional Capital Flow,Merchants Capital,California,Affordable Housing,2026-08-27,2026-08-27,1,0,0,20,0,0,Fading,No Clear Stress,Capital flow fading,12
2026-09-21,20260921-005246-91e60804,2026-09-21 00:52:46,Institutional Capital Flow,Merchants Capital,New York; New York City / New York,Multifamily,2026-09-04,2026-09-04,1,0,0,20,0,0,Fading,No Clear Stress,Capital flow fading,12
2026-09-21,20260921-005246-91e60804,2026-09-21 00:52:46,Institutional Capital Flow,Merchants Capital,Florida,Affordable Housing,2026-06-16,2026-06-16,1,0,0,20,0,0,Fading,No Clear Stress,Capital flow fading,12
2026-09-21,20260921-005246-91e60804,2026-09-21 00:52:46,Institutional Capital Flow,Meridian Capital Group,Other / Unknown,Mixed-Use Residential,2026-07-23,2026-07-23,1,0,0,20,0,0,Fading,No Clear Stress,Capital flow fading,12
2026-09-21,20260921-005246-91e60804,2026-09-21 00:52:46,Institutional Capital Flow,Meridian Capital Group,Other / Unknown,Apartment,2026-07-20,2026-07-20,1,0,0,20,0,0,Fading,No Clear Stress,Capital flow fading,12
2026-09-21,20260921-005246-91e60804,2026-09-21 00:52:46,Institutional Capital Flow,Meridian Capital Group,New York City / New York,Apartment,2026-07-07,2026-07-07,1,0,0,20,0,0,Fading,No Clear Stress,Capital flow fading,12
2026-09-21,20260921-005246-91e60804,2026-09-21 00:52:46,Institutional Capital Flow,Mesa West Capital,Seattle,Apartment,2026-06-25,2026-06-25,1,0,0,20,0,0,Fading,No Clear Stress,Capital flow fading,12
2026-09-21,20260921-005246-91e60804,2026-09-21 00:52:46,Institutional Capital Flow,Mesa West Capital,Phoenix / Arizona,Apartment,2026-07-31,2026-07-31,1,0,0,20,0,0,Fading,No Clear Stress,Capital flow fading,12
2026-09-21,20260921-005246-91e60804,2026-09-21 00:52:46,Institutional Capital Flow,Mesa West Capital,Denver / Colorado,Multifamily,2026-07-28,2026-07-28,1,0,0,20,0,0,Fading,No Clear Stress,Capital flow fading,12
2026-09-21,20260921-005246-91e60804,2026-09-21 00:52:46,Institutional Capital Flow,Mesa West Capital,San Francisco / California; Seattle,Apartment,2026-06-26,2026-06-26,1,0,0,20,0,0,Fading,No Clear Stress,Capital flow fading,12
2026-09-21,20260921-005246-91e60804,2026-09-21 00:52:46,Institutional Capital Flow,Mesa West Capital,Sun Belt,Apartment,2026-06-10,2026-06-10,1,0,0,20,0,0,Fading,No Clear Stress,Capital flow fading,12
2026-09-21,20260921-005246-91e60804,2026-09-21 00:52:46,Market-Level Capital Concentration,Miami / Florida,Miami / Florida,Office-to-Residential Conversion,2026-07-07,2026-07-07,1,0,0,0,0,0,Fading,No Clear Stress,Capital flow fading,12
2026-09-21,20260921-005246-91e60804,2026-09-21 00:52:46,Market-Level Capital Concentration,Miami / Florida,Miami / Florida,BTR / Single-Family Rental,2026-08-05,2026-08-05,1,0,0,0,0,0,Fading,No Clear Stress,Capital flow fading,12
2026-09-21,20260921-005246-91e60804,2026-09-21 00:52:46,Market-Level Capital Concentration,Miami / Florida,Miami / Florida,Workforce Housing,2026-09-02,2026-09-02,1,0,0,0,0,0,Fading,No Clear Stress,Capital flow fading,12
2026-09-21,20260921-005246-91e60804,2026-09-21 00:52:46,Institutional Capital Flow,Miami-Dade Residential,Miami / Florida,Mixed-Use Residential,2026-09-01,2026-09-01,1,0,0,20,0,0,Fading,No Clear Stress,Capital flow fading,12
2026-09-21,20260921-005246-91e60804,2026-09-21 00:52:46,Institutional Capital Flow,"Milhaus, SRG Residential Complete Merger, Plan To",Los Angeles / California,Apartment,2026-07-17,2026-07-17,1,0,0,20,0,0,Fading,No Clear Stress,Capital flow fading,12
2026-09-21,20260921-005246-91e60804,2026-09-21 00:52:46,Institutional Capital Flow,Mill Creek Residential,Atlanta / Georgia,Apartment,2026-08-25,2026-08-25,1,0,0,20,0,0,Fading,No Clear Stress,Capital flow fading,12
2026-09-21,20260921-005246-91e60804,2026-09-21 00:52:46,Institutional Capital Flow,Mill Creek Residential,Sun Belt,Apartment,2026-09-01,2026-09-01,1,0,0,20,0,0,Fading,No Clear Stress,Capital flow fading,12
2026-09-21,20260921-005246-91e60804,2026-09-21 00:52:46,Institutional Capital Flow,Millichap Capital,Los Angeles / California,Mixed-Use Residential,2026-06-16,2026-06-16,1,0,0,20,0,0,Fading,No Clear Stress,Capital flow fading,12
2026-09-21,20260921-005246-91e60804,2026-09-21 00:52:46,Institutional Capital Flow,Millichap Capital,Miami / Florida; New York City / New York,Mixed-Use Residential,2026-07-30,2026-07-30,1,0,0,20,0,0,Fading,No Clear Stress,Capital flow fading,12
2026-09-21,20260921-005246-91e60804,2026-09-21 00:52:46,Institutional Capital Flow,Millichap Capital,California,Apartment,2026-06-23,2026-06-23,1,0,0,20,0,0,Fading,No Clear Stress,Capital flow fading,12
2026-09-21,20260921-005246-91e60804,2026-09-21 00:52:46,Institutional Capital Flow,Millichap Capital Corporation,Miami / Florida,Mixed-Use Residential,2026-07-28,2026-07-28,1,0,0,20,0,0,Fading,No Clear Stress,Capital flow fading,12
2026-09-21,20260921-005246-91e60804,2026-09-21 00:52:46,Institutional Capital Flow,Millichap Capital Corporation,Miami / Florida; New York City / New York,Mixed-Use Residential,2026-07-30,2026-07-30,1,0,0,20,0,0,Fading,No Clear Stress,Capital flow fading,12
2026-09-21,20260921-005246-91e60804,2026-09-21 00:52:46,Institutional Capital Flow,Millichap Capital Corporation,Salt Lake City / Utah,Apartment,2026-07-21,2026-07-21,1,0,0,20,0,0,Fading,No Clear Stress,Capital flow fading,12
2026-09-21,20260921-005246-91e60804,2026-09-21 00:52:46,Institutional Capital Flow,Millichap Capital Corporation,Beverly Hills / California; Los Angeles / California,Mixed-Use Residential,2026-06-13,2026-06-13,1,0,0,20,0,0,Fading,No Clear Stress,Capital flow fading,12
2026-09-21,20260921-005246-91e60804,2026-09-21 00:52:46,Institutional Capital Flow,Mixed-Income Astoria Rentals The Domain Companies,New York City / New York,Affordable Housing,2026-08-11,2026-08-11,1,0,0,20,0,0,Fading,No Clear Stress,Capital flow fading,12
2026-09-21,20260921-005246-91e60804,2026-09-21 00:52:46,Institutional Capital Flow,Monroe Capital,Miami / Florida,Multifamily,2026-07-20,2026-07-20,1,0,0,20,0,0,Fading,No Clear Stress,Capital flow fading,12
2026-09-21,20260921-005246-91e60804,2026-09-21 00:52:46,Institutional Capital Flow,Montgomery County Green Bank,Other / Unknown,Multifamily,2026-08-13,2026-08-13,1,0,0,20,0,0,Fading,No Clear Stress,Capital flow fading,12
2026-09-21,20260921-005246-91e60804,2026-09-21 00:52:46,Institutional Capital Flow,Multifamily Northern Virginia Investments,Northern Virginia / Virginia,Apartment,2026-07-09,2026-07-09,1,0,0,20,0,0,Fading,No Clear Stress,Capital flow fading,12
2026-09-21,20260921-005246-91e60804,2026-09-21 00:52:46,Institutional Capital Flow,Multifamily Residential,Los Angeles / California; New York; New York City / New York; Other / Unknown,Multifamily,2026-07-15,2026-07-15,1,0,0,20,0,0,Fading,No Clear Stress,Capital flow fading,12
2026-09-21,20260921-005246-91e60804,2026-09-21 00:52:46,Institutional Capital Flow,Multifamily Upper East Side Investments,New York City / New York,Apartment,2026-07-07,2026-07-07,1,0,0,20,0,0,Fading,No Clear Stress,Capital flow fading,12
2026-09-21,20260921-005246-91e60804,2026-09-21 00:52:46,Institutional Capital Flow,Multifamily Upper West Side Investments,New York City / New York,Apartment,2026-07-07,2026-07-07,1,0,0,20,0,0,Fading,No Clear Stress,Capital flow fading,12
2026-09-21,20260921-005246-91e60804,2026-09-21 00:52:46,Institutional Capital Flow,NJHMFA,Other / Unknown,Affordable Housing,2026-07-28,2026-07-28,1,0,0,20,0,0,Fading,No Clear Stress,Capital flow fading,12
2026-09-21,20260921-005246-91e60804,2026-09-21 00:52:46,Institutional Capital Flow,NYC,Dallas / Texas; New York City / New York,Senior Housing,2026-07-02,2026-07-02,1,0,0,20,0,0,Fading,No Clear Stress,Capital flow fading,12
2026-09-21,20260921-005246-91e60804,2026-09-21 00:52:46,Institutional Capital Flow,Naftali Credit Partners,New York City / New York,Apartment,2026-06-23,2026-06-23,1,0,0,20,0,0,Fading,No Clear Stress,Capital flow fading,12
2026-09-21,20260921-005246-91e60804,2026-09-21 00:52:46,Market-Level Capital Concentration,Nashville / Tennessee,Nashville / Tennessee,Multifamily,2026-06-10,2026-06-10,1,0,0,0,0,0,Fading,No Clear Stress,Capital flow fading,12
2026-09-21,20260921-005246-91e60804,2026-09-21 00:52:46,Market-Level Capital Concentration,Nashville / Tennessee,Nashville / Tennessee,BTR / Single-Family Rental,2026-06-30,2026-06-30,1,0,0,0,0,0,Fading,No Clear Stress,Capital flow fading,12
2026-09-21,20260921-005246-91e60804,2026-09-21 00:52:46,Market-Level Capital Concentration,Nashville / Tennessee,Nashville / Tennessee,Affordable Housing,2026-09-04,2026-09-04,1,0,0,0,0,0,Fading,No Clear Stress,Capital flow fading,12
2026-09-21,20260921-005246-91e60804,2026-09-21 00:52:46,Institutional Capital Flow,New Haven Apartments M&T Realty Capital,Other / Unknown,Apartment,2026-09-17,2026-09-17,1,0,0,20,0,0,Fading,No Clear Stress,Capital flow fading,12
2026-09-21,20260921-005246-91e60804,2026-09-21 00:52:46,Market-Level Capital Concentration,New York,New York,BTR / Single-Family Rental,2026-09-15,2026-09-15,1,0,0,0,0,0,Fading,No Clear Stress,Capital flow fading,12
2026-09-21,20260921-005246-91e60804,2026-09-21 00:52:46,Institutional Capital Flow,Newmark Multifamily Capital,Houston / Texas,Multifamily,2026-06-26,2026-06-26,1,0,0,20,0,0,Fading,No Clear Stress,Capital flow fading,12
2026-09-21,20260921-005246-91e60804,2026-09-21 00:52:46,Institutional Capital Flow,North River Partners,New York,BTR / Single-Family Rental,2026-09-15,2026-09-15,1,0,0,20,0,0,Fading,No Clear Stress,Capital flow fading,12
2026-09-21,20260921-005246-91e60804,2026-09-21 00:52:46,Institutional Capital Flow,Northeast Private Client Group,Other / Unknown,Apartment,2026-08-12,2026-08-12,1,0,0,20,0,0,Fading,No Clear Stress,Capital flow fading,12
2026-09-21,20260921-005246-91e60804,2026-09-21 00:52:46,Market-Level Capital Concentration,Northern Virginia / Virginia,Northern Virginia / Virginia,Affordable Housing,2026-07-23,2026-07-23,1,0,0,0,0,0,Fading,No Clear Stress,Capital flow fading,12
2026-09-21,20260921-005246-91e60804,2026-09-21 00:52:46,Institutional Capital Flow,Nuveen Green Capital,Texas,Senior Housing,2026-06-19,2026-06-19,1,0,0,20,0,0,Fading,No Clear Stress,Capital flow fading,12
2026-09-21,20260921-005246-91e60804,2026-09-21 00:52:46,Institutional Capital Flow,ORIX,Atlanta / Georgia; Austin / Texas,Apartment,2026-09-04,2026-09-04,1,0,0,20,0,0,Fading,No Clear Stress,Capital flow fading,12
2026-09-21,20260921-005246-91e60804,2026-09-21 00:52:46,Institutional Capital Flow,Ohio Residential Multifamily Property,National,Affordable Housing,2026-06-10,2026-06-10,1,0,0,20,0,0,Fading,No Clear Stress,Capital flow fading,12
2026-09-21,20260921-005246-91e60804,2026-09-21 00:52:46,Institutional Capital Flow,One Real Estate Investment,Atlanta / Georgia; Georgia; New York City / New York,Apartment,2026-06-19,2026-06-19,1,0,0,20,0,0,Fading,No Clear Stress,Capital flow fading,12
2026-09-21,20260921-005246-91e60804,2026-09-21 00:52:46,Institutional Capital Flow,Onicx Health Care Real Estate,Nashville / Tennessee,General Residential,2026-08-05,2026-08-05,1,0,0,20,0,0,Fading,No Clear Stress,Capital flow fading,12
2026-09-21,20260921-005246-91e60804,2026-09-21 00:52:46,Institutional Capital Flow,PCC,Denver / Colorado,Apartment,2026-06-26,2026-06-26,1,0,0,20,0,0,Fading,No Clear Stress,Capital flow fading,12
2026-09-21,20260921-005246-91e60804,2026-09-21 00:52:46,Institutional Capital Flow,PCCP,National,Mixed-Use Residential,2026-09-02,2026-09-02,1,0,0,20,0,0,Fading,No Clear Stress,Capital flow fading,12
2026-09-21,20260921-005246-91e60804,2026-09-21 00:52:46,Institutional Capital Flow,PCCP,Texas,Mixed-Use Residential,2026-08-24,2026-08-24,1,0,0,20,0,0,Fading,No Clear Stress,Capital flow fading,12
2026-09-21,20260921-005246-91e60804,2026-09-21 00:52:46,Institutional Capital Flow,PCCP,Riverside / California; Texas,Multifamily,2026-06-07,2026-06-07,1,0,0,20,0,0,Fading,No Clear Stress,Capital flow fading,12
2026-09-21,20260921-005246-91e60804,2026-09-21 00:52:46,Institutional Capital Flow,PCCP,Washington DC,Apartment,2026-07-10,2026-07-10,1,0,0,20,0,0,Fading,No Clear Stress,Capital flow fading,12
2026-09-21,20260921-005246-91e60804,2026-09-21 00:52:46,Institutional Capital Flow,PCCP,Other / Unknown,Mixed-Use Residential,2026-07-07,2026-07-07,1,0,0,20,0,0,Fading,No Clear Stress,Capital flow fading,12
2026-09-21,20260921-005246-91e60804,2026-09-21 00:52:46,Institutional Capital Flow,PCCP,Houston / Texas,BTR / Single-Family Rental,2026-08-04,2026-08-04,1,0,0,20,0,0,Fading,No Clear Stress,Capital flow fading,12
2026-09-21,20260921-005246-91e60804,2026-09-21 00:52:46,Institutional Capital Flow,PGIM,National,Mixed-Use Residential,2026-06-25,2026-06-25,1,0,0,20,0,0,Fading,No Clear Stress,Capital flow fading,12
2026-09-21,20260921-005246-91e60804,2026-09-21 00:52:46,Institutional Capital Flow,PNC Bank,Miami / Florida,Apartment,2026-07-04,2026-07-04,1,0,0,20,0,0,Fading,No Clear Stress,Capital flow fading,12
2026-09-21,20260921-005246-91e60804,2026-09-21 00:52:46,Institutional Capital Flow,PNC Bank,Miami / Florida,Multifamily,2026-07-09,2026-07-09,1,0,0,20,0,0,Fading,No Clear Stress,Capital flow fading,12
2026-09-21,20260921-005246-91e60804,2026-09-21 00:52:46,Institutional Capital Flow,PNC Bank,Washington DC,Multifamily,2026-09-15,2026-09-15,1,0,0,20,0,0,Fading,No Clear Stress,Capital flow fading,12
2026-09-21,20260921-005246-91e60804,2026-09-21 00:52:46,Institutional Capital Flow,PNC Bank,Texas,Affordable Housing,2026-08-05,2026-08-05,1,0,0,20,0,0,Fading,No Clear Stress,Capital flow fading,12
2026-09-21,20260921-005246-91e60804,2026-09-21 00:52:46,Institutional Capital Flow,Paceline Equity Partners,Dallas / Texas,Student Housing,2026-06-28,2026-06-28,1,0,0,20,0,0,Fading,No Clear Stress,Capital flow fading,12
2026-09-21,20260921-005246-91e60804,2026-09-21 00:52:46,Institutional Capital Flow,Pacific Northwest Multifamily Communities,National,Apartment,2026-09-03,2026-09-03,1,0,0,20,0,0,Fading,No Clear Stress,Capital flow fading,12
2026-09-21,20260921-005246-91e60804,2026-09-21 00:52:46,Institutional Capital Flow,Palindrome Property Group,Phoenix / Arizona,Affordable Housing,2026-07-04,2026-07-04,1,0,0,20,0,0,Fading,No Clear Stress,Capital flow fading,12
2026-09-21,20260921-005246-91e60804,2026-09-21 00:52:46,Institutional Capital Flow,Parkmont Group,New York,Apartment,2026-07-30,2026-07-30,1,0,0,20,0,0,Fading,No Clear Stress,Capital flow fading,12
2026-09-21,20260921-005246-91e60804,2026-09-21 00:52:46,Institutional Capital Flow,Partnership,Beverly Hills / California; California; Miami / Florida; Texas,Apartment,2026-08-31,2026-08-31,1,0,0,20,0,0,Fading,No Clear Stress,Capital flow fading,12
2026-09-21,20260921-005246-91e60804,2026-09-21 00:52:46,Institutional Capital Flow,Partnership,Beverly Hills / California; California; Miami / Florida; Riverside / California; Texas,Multifamily,2026-08-30,2026-08-30,1,0,0,20,0,0,Fading,No Clear Stress,Capital flow fading,12
2026-09-21,20260921-005246-91e60804,2026-09-21 00:52:46,Institutional Capital Flow,Partnership,Beverly Hills / California; California; Dallas / Texas; Miami / Florida; Riverside / California,Multifamily,2026-08-29,2026-08-29,1,0,0,20,0,0,Fading,No Clear Stress,Capital flow fading,12
2026-09-21,20260921-005246-91e60804,2026-09-21 00:52:46,Institutional Capital Flow,Partnership,Connecticut; Miami / Florida; Other / Unknown,Apartment,2026-06-16,2026-06-16,1,0,0,20,0,0,Fading,No Clear Stress,Capital flow fading,12
2026-09-21,20260921-005246-91e60804,2026-09-21 00:52:46,Institutional Capital Flow,Paul Bubny 3650 Capital,New York,General Residential,2026-08-10,2026-08-10,1,0,0,20,0,0,Fading,No Clear Stress,Capital flow fading,12
2026-09-21,20260921-005246-91e60804,2026-09-21 00:52:46,Institutional Capital Flow,Paul Bubny Berkshire Residential,Other / Unknown,Apartment,2026-09-11,2026-09-11,1,0,0,20,0,0,Fading,No Clear Stress,Capital flow fading,12
2026-09-21,20260921-005246-91e60804,2026-09-21 00:52:46,Institutional Capital Flow,Pebb Capital,Florida; Miami / Florida,Mixed-Use Residential,2026-09-11,2026-09-11,1,0,0,20,0,0,Fading,No Clear Stress,Capital flow fading,12
2026-09-21,20260921-005246-91e60804,2026-09-21 00:52:46,Institutional Capital Flow,Peninsula Investments,Other / Unknown,Student Housing,2026-08-04,2026-08-04,1,0,0,20,0,0,Fading,No Clear Stress,Capital flow fading,12
2026-09-21,20260921-005246-91e60804,2026-09-21 00:52:46,Institutional Capital Flow,Pinnacle Group,New York City / New York,Apartment,2026-08-18,2026-08-18,1,0,0,20,0,0,Fading,No Clear Stress,Capital flow fading,12
2026-09-21,20260921-005246-91e60804,2026-09-21 00:52:46,Institutional Capital Flow,Possible Multifamily Residential Conversion,Houston / Texas,Multifamily,2026-06-18,2026-06-18,1,0,0,20,0,0,Fading,No Clear Stress,Capital flow fading,12
2026-09-21,20260921-005246-91e60804,2026-09-21 00:52:46,Institutional Capital Flow,Priority Capital,Other / Unknown,Apartment,2026-07-07,2026-07-07,1,0,0,20,0,0,Fading,No Clear Stress,Capital flow fading,12
2026-09-21,20260921-005246-91e60804,2026-09-21 00:52:46,Institutional Capital Flow,Priority Capital Advisory,Other / Unknown,Apartment,2026-07-07,2026-07-07,1,0,0,20,0,0,Fading,No Clear Stress,Capital flow fading,12
2026-09-21,20260921-005246-91e60804,2026-09-21 00:52:46,Institutional Capital Flow,Priority Capital Advisory,Other / Unknown,Multifamily,2026-07-10,2026-07-10,1,0,0,20,0,0,Fading,No Clear Stress,Capital flow fading,12
2026-09-21,20260921-005246-91e60804,2026-09-21 00:52:46,Institutional Capital Flow,Quarterra,California,Apartment,2026-06-28,2026-06-28,1,0,0,20,0,0,Fading,No Clear Stress,Capital flow fading,12
2026-09-21,20260921-005246-91e60804,2026-09-21 00:52:46,Institutional Capital Flow,Quarterra,Los Angeles,Apartment,2026-05-19,2026-05-19,1,0,0,20,0,0,Fading,No Clear Stress,Capital flow fading,12
2026-09-21,20260921-005246-91e60804,2026-09-21 00:52:46,Institutional Capital Flow,Queens Mixed-Use Development Residential,New York City / New York,Affordable Housing,2026-08-11,2026-08-11,1,0,0,20,0,0,Fading,No Clear Stress,Capital flow fading,12
2026-09-21,20260921-005246-91e60804,2026-09-21 00:52:46,Institutional Capital Flow,REV3,Other / Unknown,BTR / Single-Family Rental,2026-09-12,2026-09-12,1,0,0,20,0,0,Fading,No Clear Stress,Capital flow fading,12
2026-09-21,20260921-005246-91e60804,2026-09-21 00:52:46,Institutional Capital Flow,RIPCO Real Estate,Washington DC,Apartment,2026-07-24,2026-07-24,1,0,0,20,0,0,Fading,No Clear Stress,Capital flow fading,12
2026-09-21,20260921-005246-91e60804,2026-09-21 00:52:46,Institutional Capital Flow,RREAF,Atlanta / Georgia; Georgia,Apartment,2026-06-19,2026-06-19,1,0,0,20,0,0,Fading,No Clear Stress,Capital flow fading,12
2026-09-21,20260921-005246-91e60804,2026-09-21 00:52:46,Institutional Capital Flow,RXR,Denver / Colorado,Multifamily,2026-08-07,2026-08-07,1,0,0,20,0,0,Fading,No Clear Stress,Capital flow fading,12
2026-09-21,20260921-005246-91e60804,2026-09-21 00:52:46,Institutional Capital Flow,RXR,Other / Unknown,Apartment,2026-07-03,2026-07-03,1,0,0,20,0,0,Fading,No Clear Stress,Capital flow fading,12
2026-09-21,20260921-005246-91e60804,2026-09-21 00:52:46,Institutional Capital Flow,RXR,Denver / Colorado; Phoenix / Arizona,Apartment,2026-08-07,2026-08-07,1,0,0,20,0,0,Fading,No Clear Stress,Capital flow fading,12
2026-09-21,20260921-005246-91e60804,2026-09-21 00:52:46,Institutional Capital Flow,Radiant Development Partners,Atlanta / Georgia,Affordable Housing,2026-08-06,2026-08-06,1,0,0,20,0,0,Fading,No Clear Stress,Capital flow fading,12
2026-09-21,20260921-005246-91e60804,2026-09-21 00:52:46,Institutional Capital Flow,Radnor Property Group,Atlanta / Georgia,Student Housing,2026-07-30,2026-07-30,1,0,0,20,0,0,Fading,No Clear Stress,Capital flow fading,12
2026-09-21,20260921-005246-91e60804,2026-09-21 00:52:46,Institutional Capital Flow,RailField Partners,Other / Unknown; Riverside / California,Apartment,2026-06-30,2026-06-30,1,0,0,20,0,0,Fading,No Clear Stress,Capital flow fading,12
2026-09-21,20260921-005246-91e60804,2026-09-21 00:52:46,Institutional Capital Flow,RailField Partners,Washington DC,Apartment,2026-06-25,2026-06-25,1,0,0,20,0,0,Fading,No Clear Stress,Capital flow fading,12
2026-09-21,20260921-005246-91e60804,2026-09-21 00:52:46,Institutional Capital Flow,Raleigh Community Partners,Atlanta / Georgia,Affordable Housing,2026-07-31,2026-07-31,1,0,0,20,0,0,Fading,No Clear Stress,Capital flow fading,12
2026-09-21,20260921-005246-91e60804,2026-09-21 00:52:46,Institutional Capital Flow,Raymond James Bank,New York City / New York,Apartment,2026-09-09,2026-09-09,1,0,0,20,0,0,Fading,No Clear Stress,Capital flow fading,12
2026-09-21,20260921-005246-91e60804,2026-09-21 00:52:46,Institutional Capital Flow,Red Oak Capital,Texas,Apartment,2026-07-01,2026-07-01,1,0,0,20,0,0,Fading,No Clear Stress,Capital flow fading,12
2026-09-21,20260921-005246-91e60804,2026-09-21 00:52:46,Institutional Capital Flow,Regions Real Estate Capital,Sun Belt,Apartment,2026-08-05,2026-08-05,1,0,0,20,0,0,Fading,No Clear Stress,Capital flow fading,12
2026-09-21,20260921-005246-91e60804,2026-09-21 00:52:46,Recurring Capital Partner,Related Companies,Miami / Florida,Mixed-Use Residential,2026-09-02,2026-09-02,1,0,0,20,0,0,Fading,No Clear Stress,Capital flow fading,12
2026-09-21,20260921-005246-91e60804,2026-09-21 00:52:46,Recurring Capital Partner,Related Companies,Los Angeles / California,Apartment,2026-08-04,2026-08-04,1,0,0,20,0,0,Fading,No Clear Stress,Capital flow fading,12
2026-09-21,20260921-005246-91e60804,2026-09-21 00:52:46,Recurring Capital Partner,Related Companies,Santa Monica / California,Apartment,2026-08-14,2026-08-14,1,0,0,20,0,0,Fading,No Clear Stress,Capital flow fading,12
2026-09-21,20260921-005246-91e60804,2026-09-21 00:52:46,Recurring Capital Partner,Related Companies,Tampa / Florida,Mixed-Use Residential,2026-06-29,2026-06-29,1,0,0,20,0,0,Fading,No Clear Stress,Capital flow fading,12
2026-09-21,20260921-005246-91e60804,2026-09-21 00:52:46,Recurring Capital Partner,Related Companies,New York,Apartment,2026-05-20,2026-05-20,1,0,0,20,0,0,Fading,No Clear Stress,Capital flow fading,12
2026-09-21,20260921-005246-91e60804,2026-09-21 00:52:46,Institutional Capital Flow,Related Companies,New York,Apartment,2026-05-20,2026-05-20,1,0,0,20,0,0,Fading,No Clear Stress,Capital flow fading,12
2026-09-21,20260921-005246-91e60804,2026-09-21 00:52:46,Recurring Capital Partner,Related Companies,California,Affordable Housing,2026-05-24,2026-05-24,1,0,0,20,0,0,Fading,No Clear Stress,Capital flow fading,12
2026-09-21,20260921-005246-91e60804,2026-09-21 00:52:46,Institutional Capital Flow,Residential Multifamily Community,Riverside / California,Multifamily,2026-06-06,2026-06-06,1,0,0,20,0,0,Fading,No Clear Stress,Capital flow fading,12
2026-09-21,20260921-005246-91e60804,2026-09-21 00:52:46,Institutional Capital Flow,Richman Group,Florida; Miami / Florida,Apartment,2026-08-05,2026-08-05,1,0,0,20,0,0,Fading,No Clear Stress,Capital flow fading,12
2026-09-21,20260921-005246-91e60804,2026-09-21 00:52:46,Institutional Capital Flow,Richman Group,Miami / Florida,Apartment,2026-08-12,2026-08-12,1,0,0,20,0,0,Fading,No Clear Stress,Capital flow fading,12
2026-09-21,20260921-005246-91e60804,2026-09-21 00:52:46,Market-Level Capital Concentration,Riverside / California,Riverside / California,BTR / Single-Family Rental,2026-09-02,2026-09-02,1,0,0,0,0,0,Fading,No Clear Stress,Capital flow fading,12
2026-09-21,20260921-005246-91e60804,2026-09-21 00:52:46,Institutional Capital Flow,S3,Sun Belt,Mixed-Use Residential,2026-07-06,2026-07-06,1,0,0,20,0,0,Fading,No Clear Stress,Capital flow fading,12
2026-09-21,20260921-005246-91e60804,2026-09-21 00:52:46,Institutional Capital Flow,S3 Capital,Miami / Florida; Other / Unknown,Mixed-Use Residential,2026-07-14,2026-07-14,1,0,0,20,0,0,Fading,No Clear Stress,Capital flow fading,12
2026-09-21,20260921-005246-91e60804,2026-09-21 00:52:46,Institutional Capital Flow,S3 Capital,Miami / Florida,Multifamily,2026-07-09,2026-07-09,1,0,0,20,0,0,Fading,No Clear Stress,Capital flow fading,12
2026-09-21,20260921-005246-91e60804,2026-09-21 00:52:46,Institutional Capital Flow,S3 Capital,New York City / New York,Affordable Housing,2026-09-11,2026-09-11,1,0,0,20,0,0,Fading,No Clear Stress,Capital flow fading,12
2026-09-21,20260921-005246-91e60804,2026-09-21 00:52:46,Institutional Capital Flow,S3 Capital Makes Its First Residential,New York City / New York,Office-to-Residential Conversion,2026-06-25,2026-06-25,1,0,0,20,0,0,Fading,No Clear Stress,Capital flow fading,12
2026-09-21,20260921-005246-91e60804,2026-09-21 00:52:46,Institutional Capital Flow,SAGE,Other / Unknown,BTR / Single-Family Rental,2026-07-15,2026-07-15,1,0,0,20,0,0,Fading,No Clear Stress,Capital flow fading,12
2026-09-21,20260921-005246-91e60804,2026-09-21 00:52:46,Institutional Capital Flow,SAGE,New York,Apartment,2026-07-23,2026-07-23,1,0,0,20,0,0,Fading,No Clear Stress,Capital flow fading,12
2026-09-21,20260921-005246-91e60804,2026-09-21 00:52:46,Institutional Capital Flow,SB Real Estate Partners,Other / Unknown; Seattle,Apartment,2026-08-11,2026-08-11,1,0,0,20,0,0,Fading,No Clear Stress,Capital flow fading,12
2026-09-21,20260921-005246-91e60804,2026-09-21 00:52:46,Institutional Capital Flow,Sack Capital and Align Finance,San Francisco / California,Affordable Housing,2026-08-04,2026-08-04,1,0,0,20,0,0,Fading,No Clear Stress,Capital flow fading,12
2026-09-21,20260921-005246-91e60804,2026-09-21 00:52:46,Market-Level Capital Concentration,Salt Lake City / Utah,Salt Lake City / Utah,Mixed-Use Residential,2026-07-01,2026-07-01,1,0,0,0,0,0,Fading,No Clear Stress,Capital flow fading,12
2026-09-21,20260921-005246-91e60804,2026-09-21 00:52:46,Institutional Capital Flow,Scion Group,Phoenix / Arizona,Student Housing,2026-06-16,2026-06-16,1,0,0,20,0,0,Fading,No Clear Stress,Capital flow fading,12
2026-09-21,20260921-005246-91e60804,2026-09-21 00:52:46,Institutional Capital Flow,Scion Group,Austin / Texas; Georgia,Student Housing,2026-09-02,2026-09-02,1,0,0,20,0,0,Fading,No Clear Stress,Capital flow fading,12
2026-09-21,20260921-005246-91e60804,2026-09-21 00:52:46,Institutional Capital Flow,Scion Group,Other / Unknown,Student Housing,2026-08-03,2026-08-03,1,0,0,20,0,0,Fading,No Clear Stress,Capital flow fading,12
2026-09-21,20260921-005246-91e60804,2026-09-21 00:52:46,Market-Level Capital Concentration,Seattle,Seattle,General Residential,2026-05-27,2026-05-27,1,0,0,0,0,0,Fading,No Clear Stress,Capital flow fading,12
2026-09-21,20260921-005246-91e60804,2026-09-21 00:52:46,Market-Level Capital Concentration,Seattle,Seattle,Student Housing,2026-06-10,2026-06-10,1,0,0,0,0,0,Fading,No Clear Stress,Capital flow fading,12
2026-09-21,20260921-005246-91e60804,2026-09-21 00:52:46,Market-Level Capital Concentration,Seattle,Seattle,Senior Housing,2026-06-23,2026-06-23,1,0,0,0,0,0,Fading,No Clear Stress,Capital flow fading,12
2026-09-21,20260921-005246-91e60804,2026-09-21 00:52:46,Institutional Capital Flow,Seattle-Area Apartment Community Timberlane Partners,Seattle,Apartment,2026-08-07,2026-08-07,1,0,0,20,0,0,Fading,No Clear Stress,Capital flow fading,12
2026-09-21,20260921-005246-91e60804,2026-09-21 00:52:46,Institutional Capital Flow,Seattle-Area Apartments Acquisition Timberlane Partners,Seattle,Apartment,2026-09-17,2026-09-17,1,0,0,20,0,0,Fading,No Clear Stress,Capital flow fading,12
2026-09-21,20260921-005246-91e60804,2026-09-21 00:52:46,Institutional Capital Flow,Sentinel Real Estate,Seattle,Apartment,2026-07-28,2026-07-28,1,0,0,20,0,0,Fading,No Clear Stress,Capital flow fading,12
2026-09-21,20260921-005246-91e60804,2026-09-21 00:52:46,Institutional Capital Flow,Serac Capital Partners,Colorado,Apartment,2026-07-07,2026-07-07,1,0,0,20,0,0,Fading,No Clear Stress,Capital flow fading,12
2026-09-21,20260921-005246-91e60804,2026-09-21 00:52:46,Institutional Capital Flow,Silver Arch Capital,New York,Apartment,2026-08-10,2026-08-10,1,0,0,20,0,0,Fading,No Clear Stress,Capital flow fading,12
2026-09-21,20260921-005246-91e60804,2026-09-21 00:52:46,Institutional Capital Flow,Since 2019 Residential,National,Multifamily,2026-07-23,2026-07-23,1,0,0,20,0,0,Fading,No Clear Stress,Capital flow fading,12
2026-09-21,20260921-005246-91e60804,2026-09-21 00:52:46,Institutional Capital Flow,Slate Property Group,New York City / New York,Affordable Housing,2026-08-27,2026-08-27,1,0,0,20,0,0,Fading,No Clear Stress,Capital flow fading,12
2026-09-21,20260921-005246-91e60804,2026-09-21 00:52:46,Institutional Capital Flow,Slate Property Group,Other / Unknown,General Residential,2026-08-06,2026-08-06,1,0,0,20,0,0,Fading,No Clear Stress,Capital flow fading,12
2026-09-21,20260921-005246-91e60804,2026-09-21 00:52:46,Institutional Capital Flow,Slate Property Group,Miami / Florida,Mixed-Use Residential,2026-09-02,2026-09-02,1,0,0,20,0,0,Fading,No Clear Stress,Capital flow fading,12
2026-09-21,20260921-005246-91e60804,2026-09-21 00:52:46,Institutional Capital Flow,Slate Property Group,New York City / New York,Apartment,2026-07-02,2026-07-02,1,0,0,20,0,0,Fading,No Clear Stress,Capital flow fading,12
2026-09-21,20260921-005246-91e60804,2026-09-21 00:52:46,Institutional Capital Flow,Slate Property Group,New York; New York City / New York; Other / Unknown,Apartment,2026-07-14,2026-07-14,1,0,0,20,0,0,Fading,No Clear Stress,Capital flow fading,12
2026-09-21,20260921-005246-91e60804,2026-09-21 00:52:46,Institutional Capital Flow,Slate Property Group,New York; New York City / New York,Apartment,2026-07-15,2026-07-15,1,0,0,20,0,0,Fading,No Clear Stress,Capital flow fading,12
2026-09-21,20260921-005246-91e60804,2026-09-21 00:52:46,Institutional Capital Flow,SoCal Inland Empire Master-Planned Project DO Capital,Riverside / California,Mixed-Use Residential,2026-08-27,2026-08-27,1,0,0,20,0,0,Fading,No Clear Stress,Capital flow fading,12
2026-09-21,20260921-005246-91e60804,2026-09-21 00:52:46,Institutional Capital Flow,Sound Asset Partners,Seattle,Mixed-Use Residential,2026-07-13,2026-07-13,1,0,0,20,0,0,Fading,No Clear Stress,Capital flow fading,12
2026-09-21,20260921-005246-91e60804,2026-09-21 00:52:46,Institutional Capital Flow,Spandrel Development Partners,New York; Sun Belt,Office-to-Residential Conversion,2026-09-11,2026-09-11,1,0,0,20,0,0,Fading,No Clear Stress,Capital flow fading,12
2026-09-21,20260921-005246-91e60804,2026-09-21 00:52:46,Institutional Capital Flow,Standard Real Estate Investments,Other / Unknown,Apartment,2026-09-17,2026-09-17,1,0,0,20,0,0,Fading,No Clear Stress,Capital flow fading,12
2026-09-21,20260921-005246-91e60804,2026-09-21 00:52:46,Institutional Capital Flow,Starwood Capital Group,Miami / Florida,Office-to-Residential Conversion,2026-07-07,2026-07-07,1,0,0,20,0,0,Fading,No Clear Stress,Capital flow fading,12
2026-09-21,20260921-005246-91e60804,2026-09-21 00:52:46,Institutional Capital Flow,Stillman Group,New York,Workforce Housing,2026-06-12,2026-06-12,1,0,0,20,0,0,Fading,No Clear Stress,Capital flow fading,12
2026-09-21,20260921-005246-91e60804,2026-09-21 00:52:46,Institutional Capital Flow,Stockdale Capital,Los Angeles / California,General Residential,2026-09-16,2026-09-16,1,0,0,20,0,0,Fading,No Clear Stress,Capital flow fading,12
2026-09-21,20260921-005246-91e60804,2026-09-21 00:52:46,Institutional Capital Flow,Strategic Value Partners,Houston / Texas,Apartment,2026-08-12,2026-08-12,1,0,0,20,0,0,Fading,No Clear Stress,Capital flow fading,12
2026-09-21,20260921-005246-91e60804,2026-09-21 00:52:46,Institutional Capital Flow,StreetLights Residential,Dallas / Texas; Phoenix / Arizona,Apartment,2026-07-17,2026-07-17,1,0,0,20,0,0,Fading,No Clear Stress,Capital flow fading,12
2026-09-21,20260921-005246-91e60804,2026-09-21 00:52:46,Institutional Capital Flow,Suburban Portland Multifamily Communities,Other / Unknown,Apartment,2026-07-09,2026-07-09,1,0,0,20,0,0,Fading,No Clear Stress,Capital flow fading,12
2026-09-21,20260921-005246-91e60804,2026-09-21 00:52:46,Institutional Capital Flow,Sunrise Senior Living,New York City / New York,Senior Housing,2026-07-09,2026-07-09,1,0,0,20,0,0,Fading,No Clear Stress,Capital flow fading,12
2026-09-21,20260921-005246-91e60804,2026-09-21 00:52:46,Institutional Capital Flow,Syracuse Redevelopment BFC Partners,New York,Affordable Housing,2026-08-04,2026-08-04,1,0,0,20,0,0,Fading,No Clear Stress,Capital flow fading,12
2026-09-21,20260921-005246-91e60804,2026-09-21 00:52:46,Institutional Capital Flow,TSB Capital,Arizona,Student Housing,2026-09-11,2026-09-11,1,0,0,20,0,0,Fading,No Clear Stress,Capital flow fading,12
2026-09-21,20260921-005246-91e60804,2026-09-21 00:52:46,Institutional Capital Flow,Tampa Florida Multifamily Senior Communities,Tampa / Florida,Multifamily,2026-09-11,2026-09-11,1,0,0,20,0,0,Fading,No Clear Stress,Capital flow fading,12
2026-09-21,20260921-005246-91e60804,2026-09-21 00:52:46,Market-Level Capital Concentration,Tennessee,Tennessee,Multifamily,2026-06-15,2026-06-15,1,0,0,0,0,0,Fading,No Clear Stress,Capital flow fading,12
2026-09-21,20260921-005246-91e60804,2026-09-21 00:52:46,Market-Level Capital Concentration,Tennessee,Tennessee,BTR / Single-Family Rental,2026-07-02,2026-07-02,1,0,0,0,0,0,Fading,No Clear Stress,Capital flow fading,12
2026-09-21,20260921-005246-91e60804,2026-09-21 00:52:46,Market-Level Capital Concentration,Texas,Texas,Workforce Housing,2026-08-01,2026-08-01,1,0,0,0,0,0,Fading,No Clear Stress,Capital flow fading,12
2026-09-21,20260921-005246-91e60804,2026-09-21 00:52:46,Institutional Capital Flow,Tishman Speyer,New York City / New York,Affordable Housing,2026-06-25,2026-06-25,1,0,0,20,0,0,Fading,No Clear Stress,Capital flow fading,12
2026-09-21,20260921-005246-91e60804,2026-09-21 00:52:46,Institutional Capital Flow,Tishman Speyer,Atlanta / Georgia,Apartment,2026-08-17,2026-08-17,1,0,0,20,0,0,Fading,No Clear Stress,Capital flow fading,12
2026-09-21,20260921-005246-91e60804,2026-09-21 00:52:46,Institutional Capital Flow,Tishman Speyer,California; Other / Unknown,Apartment,2026-09-03,2026-09-03,1,0,0,20,0,0,Fading,No Clear Stress,Capital flow fading,12
2026-09-21,20260921-005246-91e60804,2026-09-21 00:52:46,Institutional Capital Flow,Toorak Capital,National,Apartment,2026-08-28,2026-08-28,1,0,0,20,0,0,Fading,No Clear Stress,Capital flow fading,12
2026-09-21,20260921-005246-91e60804,2026-09-21 00:52:46,Institutional Capital Flow,Trademark Property Company,Dallas / Texas,Multifamily,2026-06-28,2026-06-28,1,0,0,20,0,0,Fading,No Clear Stress,Capital flow fading,12
2026-09-21,20260921-005246-91e60804,2026-09-21 00:52:46,Institutional Capital Flow,Tradition Senior Living,Texas,Senior Housing,2026-06-12,2026-06-12,1,0,0,20,0,0,Fading,No Clear Stress,Capital flow fading,12
2026-09-21,20260921-005246-91e60804,2026-09-21 00:52:46,Institutional Capital Flow,Tribeca Condos Sky Equity Group,New York City / New York,Apartment,2026-07-28,2026-07-28,1,0,0,20,0,0,Fading,No Clear Stress,Capital flow fading,12
2026-09-21,20260921-005246-91e60804,2026-09-21 00:52:46,Institutional Capital Flow,Two Kansas City Apartment Communities,Other / Unknown,Apartment,2026-09-17,2026-09-17,1,0,0,20,0,0,Fading,No Clear Stress,Capital flow fading,12
2026-09-21,20260921-005246-91e60804,2026-09-21 00:52:46,Institutional Capital Flow,Two Williamsburg Housing Projects Residential,New York City / New York,Affordable Housing,2026-07-15,2026-07-15,1,0,0,20,0,0,Fading,No Clear Stress,Capital flow fading,12
2026-09-21,20260921-005246-91e60804,2026-09-21 00:52:46,Institutional Capital Flow,UDR,Nashville / Tennessee,Apartment,2026-07-19,2026-07-19,1,0,0,20,0,0,Fading,No Clear Stress,Capital flow fading,12
2026-09-21,20260921-005246-91e60804,2026-09-21 00:52:46,Institutional Capital Flow,Urban Standard Capital,Colorado,Apartment,2026-08-19,2026-08-19,1,0,0,20,0,0,Fading,No Clear Stress,Capital flow fading,12
2026-09-21,20260921-005246-91e60804,2026-09-21 00:52:46,Market-Level Capital Concentration,Utah,Utah,Affordable Housing,2026-06-01,2026-06-01,1,0,0,0,0,0,Fading,No Clear Stress,Capital flow fading,12
2026-09-21,20260921-005246-91e60804,2026-09-21 00:52:46,Market-Level Capital Concentration,Virginia,Virginia,BTR / Single-Family Rental,2026-09-10,2026-09-10,1,0,0,0,0,0,Fading,No Clear Stress,Capital flow fading,12
2026-09-21,20260921-005246-91e60804,2026-09-21 00:52:46,Market-Level Capital Concentration,Virginia,Virginia,Office-to-Residential Conversion,2026-07-02,2026-07-02,1,0,0,0,0,0,Fading,No Clear Stress,Capital flow fading,12
2026-09-21,20260921-005246-91e60804,2026-09-21 00:52:46,Institutional Capital Flow,Wakefield Multifamily Advisory Group,National,Apartment,2026-08-18,2026-08-18,1,0,0,20,0,0,Fading,No Clear Stress,Capital flow fading,12
2026-09-21,20260921-005246-91e60804,2026-09-21 00:52:46,Institutional Capital Flow,Walker & Dunlop,Dallas / Texas,Senior Housing,2026-09-19,2026-09-19,1,0,0,20,0,0,Fading,No Clear Stress,Capital flow fading,12
2026-09-21,20260921-005246-91e60804,2026-09-21 00:52:46,Institutional Capital Flow,Walker & Dunlop,Houston / Texas,Multifamily,2026-06-11,2026-06-11,1,0,0,20,0,0,Fading,No Clear Stress,Capital flow fading,12
2026-09-21,20260921-005246-91e60804,2026-09-21 00:52:46,Institutional Capital Flow,Walker & Dunlop,Virginia,Multifamily,2026-08-28,2026-08-28,1,0,0,20,0,0,Fading,No Clear Stress,Capital flow fading,12
2026-09-21,20260921-005246-91e60804,2026-09-21 00:52:46,Institutional Capital Flow,Walker & Dunlop,New York City / New York,Multifamily,2026-07-10,2026-07-10,1,0,0,20,0,0,Fading,No Clear Stress,Capital flow fading,12
2026-09-21,20260921-005246-91e60804,2026-09-21 00:52:46,Institutional Capital Flow,Walker & Dunlop,Phoenix / Arizona,Apartment,2026-07-31,2026-07-31,1,0,0,20,0,0,Fading,No Clear Stress,Capital flow fading,12
2026-09-21,20260921-005246-91e60804,2026-09-21 00:52:46,Institutional Capital Flow,Walker & Dunlop,Florida,Affordable Housing,2026-07-07,2026-07-07,1,0,0,20,0,0,Fading,No Clear Stress,Capital flow fading,12
2026-09-21,20260921-005246-91e60804,2026-09-21 00:52:46,Institutional Capital Flow,Walker & Dunlop,New York; New York City / New York,Mixed-Use Residential,2026-06-23,2026-06-23,1,0,0,20,0,0,Fading,No Clear Stress,Capital flow fading,12
2026-09-21,20260921-005246-91e60804,2026-09-21 00:52:46,Institutional Capital Flow,Walker & Dunlop,Atlanta / Georgia; Other / Unknown,Apartment,2026-07-15,2026-07-15,1,0,0,20,0,0,Fading,No Clear Stress,Capital flow fading,12
2026-09-21,20260921-005246-91e60804,2026-09-21 00:52:46,Institutional Capital Flow,Walker & Dunlop,New York; Other / Unknown; Virginia,Apartment,2026-09-04,2026-09-04,1,0,0,20,0,0,Fading,No Clear Stress,Capital flow fading,12
2026-09-21,20260921-005246-91e60804,2026-09-21 00:52:46,Institutional Capital Flow,Walker & Dunlop,California; Houston / Texas; New York,Affordable Housing,2026-06-10,2026-06-10,1,0,0,20,0,0,Fading,No Clear Stress,Capital flow fading,12
2026-09-21,20260921-005246-91e60804,2026-09-21 00:52:46,Institutional Capital Flow,Walker & Dunlop,Austin / Texas; Nashville / Tennessee,Apartment,2026-07-19,2026-07-19,1,0,0,20,0,0,Fading,No Clear Stress,Capital flow fading,12
2026-09-21,20260921-005246-91e60804,2026-09-21 00:52:46,Institutional Capital Flow,Walker & Dunlop,Other / Unknown,Student Housing,2026-08-03,2026-08-03,1,0,0,20,0,0,Fading,No Clear Stress,Capital flow fading,12
2026-09-21,20260921-005246-91e60804,2026-09-21 00:52:46,Institutional Capital Flow,Walker & Dunlop,West Palm Beach / Florida,Apartment,2026-09-14,2026-09-14,1,0,0,20,0,0,Fading,No Clear Stress,Capital flow fading,12
2026-09-21,20260921-005246-91e60804,2026-09-21 00:52:46,Institutional Capital Flow,Walker & Dunlop,New York,Multifamily,2026-08-13,2026-08-13,1,0,0,20,0,0,Fading,No Clear Stress,Capital flow fading,12
2026-09-21,20260921-005246-91e60804,2026-09-21 00:52:46,Institutional Capital Flow,Walker & Dunlop,Colorado,Apartment,2026-07-10,2026-07-10,1,0,0,20,0,0,Fading,No Clear Stress,Capital flow fading,12
2026-09-21,20260921-005246-91e60804,2026-09-21 00:52:46,Institutional Capital Flow,Walker & Dunlop,New York City / New York,Mixed-Use Residential,2026-08-04,2026-08-04,1,0,0,20,0,0,Fading,No Clear Stress,Capital flow fading,12
2026-09-21,20260921-005246-91e60804,2026-09-21 00:52:46,Institutional Capital Flow,Washington SB Real Estate Partners,California,Multifamily,2026-08-13,2026-08-13,1,0,0,20,0,0,Fading,No Clear Stress,Capital flow fading,12
2026-09-21,20260921-005246-91e60804,2026-09-21 00:52:46,Institutional Capital Flow,Waterton,Los Angeles / California,Apartment,2026-09-11,2026-09-11,1,0,0,20,0,0,Fading,No Clear Stress,Capital flow fading,12
2026-09-21,20260921-005246-91e60804,2026-09-21 00:52:46,Institutional Capital Flow,Waterton,Las Vegas / Nevada,Apartment,2026-08-14,2026-08-14,1,0,0,20,0,0,Fading,No Clear Stress,Capital flow fading,12
2026-09-21,20260921-005246-91e60804,2026-09-21 00:52:46,Institutional Capital Flow,Watt Capital,Los Angeles / California,Affordable Housing,2026-07-23,2026-07-23,1,0,0,20,0,0,Fading,No Clear Stress,Capital flow fading,12
2026-09-21,20260921-005246-91e60804,2026-09-21 00:52:46,Institutional Capital Flow,Wells Fargo Multifamily Capital,New York City / New York,Multifamily,2026-09-18,2026-09-18,1,0,0,20,0,0,Fading,No Clear Stress,Capital flow fading,12
2026-09-21,20260921-005246-91e60804,2026-09-21 00:52:46,Institutional Capital Flow,WhiteHawk Capital,Other / Unknown,General Residential,2026-09-15,2026-09-15,1,0,0,20,0,0,Fading,No Clear Stress,Capital flow fading,12
2026-09-21,20260921-005246-91e60804,2026-09-21 00:52:46,Institutional Capital Flow,Wood Partners,Dallas / Texas,Apartment,2026-07-07,2026-07-07,1,0,0,20,0,0,Fading,No Clear Stress,Capital flow fading,12
2026-09-21,20260921-005246-91e60804,2026-09-21 00:52:46,Recurring Capital Partner,ares,Georgia,Student Housing,2026-09-02,2026-09-02,1,0,0,20,0,0,Fading,No Clear Stress,Capital flow fading,12
2026-09-21,20260921-005246-91e60804,2026-09-21 00:52:46,Recurring Capital Partner,ares,Austin / Texas,Student Housing,2026-09-02,2026-09-02,1,0,0,20,0,0,Fading,No Clear Stress,Capital flow fading,12
2026-09-21,20260921-005246-91e60804,2026-09-21 00:52:46,Recurring Capital Partner,ares,Virginia,Mixed-Use Residential,2026-08-29,2026-08-29,1,0,0,20,0,0,Fading,No Clear Stress,Capital flow fading,12
2026-09-21,20260921-005246-91e60804,2026-09-21 00:52:46,Recurring Capital Partner,ares,Other / Unknown,General Residential,2026-07-31,2026-07-31,1,0,0,20,0,0,Fading,No Clear Stress,Capital flow fading,12
2026-09-21,20260921-005246-91e60804,2026-09-21 00:52:46,Recurring Capital Partner,ares,Florida,Student Housing,2026-05-22,2026-05-22,1,0,0,20,0,0,Fading,No Clear Stress,Capital flow fading,12
2026-09-21,20260921-005246-91e60804,2026-09-21 00:52:46,Recurring Capital Partner,avalonbay,Miami / Florida,Apartment,2026-07-09,2026-07-09,1,0,0,20,0,0,Fading,No Clear Stress,Capital flow fading,12
2026-09-21,20260921-005246-91e60804,2026-09-21 00:52:46,Recurring Capital Partner,camden,Southeast,Apartment,2026-05-21,2026-05-21,1,0,0,20,0,0,Fading,No Clear Stress,Capital flow fading,12
2026-09-21,20260921-005246-91e60804,2026-09-21 00:52:46,Recurring Capital Partner,camden,Other / Unknown,Apartment,2026-05-19,2026-05-19,1,0,0,20,0,0,Fading,No Clear Stress,Capital flow fading,12
2026-09-21,20260921-005246-91e60804,2026-09-21 00:52:46,Recurring Capital Partner,camden,Las Vegas / Nevada,Apartment,2026-08-14,2026-08-14,1,0,0,20,0,0,Fading,No Clear Stress,Capital flow fading,12
2026-09-21,20260921-005246-91e60804,2026-09-21 00:52:46,Recurring Capital Partner,camden,Los Angeles / California,Multifamily,2026-08-06,2026-08-06,1,0,0,20,0,0,Fading,No Clear Stress,Capital flow fading,12
2026-09-21,20260921-005246-91e60804,2026-09-21 00:52:46,Recurring Lender,cushman,Miami / Florida,Apartment,2026-07-09,2026-07-09,1,0,20,0,0,0,Fading,No Clear Stress,Capital flow fading,12
2026-09-21,20260921-005246-91e60804,2026-09-21 00:52:46,Recurring Lender,cushman,Other / Unknown,BTR / Single-Family Rental,2026-05-19,2026-05-19,1,0,20,0,0,0,Fading,No Clear Stress,Capital flow fading,12
2026-09-21,20260921-005246-91e60804,2026-09-21 00:52:46,Recurring Lender,cushman,Texas,Multifamily,2026-07-13,2026-07-13,1,0,20,0,0,0,Fading,No Clear Stress,Capital flow fading,12
2026-09-21,20260921-005246-91e60804,2026-09-21 00:52:46,Recurring Lender,cushman,New York City / New York,Mixed-Use Residential,2026-08-20,2026-08-20,1,0,20,0,0,0,Fading,No Clear Stress,Capital flow fading,12
2026-09-21,20260921-005246-91e60804,2026-09-21 00:52:46,Recurring Lender,cushman,California,Apartment,2026-06-12,2026-06-12,1,0,20,0,0,0,Fading,No Clear Stress,Capital flow fading,12
2026-09-21,20260921-005246-91e60804,2026-09-21 00:52:46,Recurring Lender,cushman,California,Mixed-Use Residential,2026-05-19,2026-05-19,1,0,20,0,0,0,Fading,No Clear Stress,Capital flow fading,12
2026-09-21,20260921-005246-91e60804,2026-09-21 00:52:46,Recurring Lender,cushman,Atlanta / Georgia,Apartment,2026-07-07,2026-07-07,1,0,20,0,0,0,Fading,No Clear Stress,Capital flow fading,12
2026-09-21,20260921-005246-91e60804,2026-09-21 00:52:46,Recurring Lender,cushman,Dallas / Texas,Affordable Housing,2026-07-15,2026-07-15,1,0,20,0,0,0,Fading,No Clear Stress,Capital flow fading,12
2026-09-21,20260921-005246-91e60804,2026-09-21 00:52:46,Recurring Lender,cushman,Nashville / Tennessee,General Residential,2026-08-05,2026-08-05,1,0,20,0,0,0,Fading,No Clear Stress,Capital flow fading,12
2026-09-21,20260921-005246-91e60804,2026-09-21 00:52:46,Recurring Lender,cushman,Seattle,General Residential,2026-05-27,2026-05-27,1,0,20,0,0,0,Fading,No Clear Stress,Capital flow fading,12
2026-09-21,20260921-005246-91e60804,2026-09-21 00:52:46,Recurring Lender,cushman,Northern Virginia / Virginia,Affordable Housing,2026-07-23,2026-07-23,1,0,20,0,0,0,Fading,No Clear Stress,Capital flow fading,12
2026-09-21,20260921-005246-91e60804,2026-09-21 00:52:46,Recurring Lender,cushman,Sun Belt,General Residential,2026-05-20,2026-05-20,1,0,20,0,0,0,Fading,No Clear Stress,Capital flow fading,12
2026-09-21,20260921-005246-91e60804,2026-09-21 00:52:46,Recurring Lender,cushman,California,Office-to-Residential Conversion,2026-05-19,2026-05-19,1,0,20,0,0,0,Fading,No Clear Stress,Capital flow fading,12
2026-09-21,20260921-005246-91e60804,2026-09-21 00:52:46,Recurring Capital Partner,essex,Los Angeles / California,Multifamily,2026-09-15,2026-09-15,1,0,0,20,0,0,Fading,No Clear Stress,Capital flow fading,12
2026-09-21,20260921-005246-91e60804,2026-09-21 00:52:46,Recurring Capital Partner,essex,Other / Unknown,Office-to-Residential Conversion,2026-07-23,2026-07-23,1,0,0,20,0,0,Fading,No Clear Stress,Capital flow fading,12
2026-09-21,20260921-005246-91e60804,2026-09-21 00:52:46,Recurring Capital Partner,hines,Houston / Texas,Mixed-Use Residential,2026-08-11,2026-08-11,1,0,0,20,0,0,Fading,No Clear Stress,Capital flow fading,12
2026-09-21,20260921-005246-91e60804,2026-09-21 00:52:46,Recurring Lender,jpmorgan,New York,Apartment,2026-07-07,2026-07-07,1,0,20,0,0,0,Fading,No Clear Stress,Capital flow fading,12
2026-09-21,20260921-005246-91e60804,2026-09-21 00:52:46,Recurring Capital Partner,kkr,National,Apartment,2026-08-28,2026-08-28,1,0,0,20,0,0,Fading,No Clear Stress,Capital flow fading,12
2026-09-21,20260921-005246-91e60804,2026-09-21 00:52:46,Recurring Capital Partner,maa,Sun Belt,Apartment,2026-09-01,2026-09-01,1,0,0,20,0,0,Fading,No Clear Stress,Capital flow fading,12
2026-09-21,20260921-005246-91e60804,2026-09-21 00:52:46,Recurring Lender,northmarq,Southeast,Apartment,2026-07-28,2026-07-28,1,0,20,0,0,0,Fading,No Clear Stress,Capital flow fading,12
2026-09-21,20260921-005246-91e60804,2026-09-21 00:52:46,Recurring Lender,northmarq,National,Apartment,2026-08-31,2026-08-31,1,0,20,0,0,0,Fading,No Clear Stress,Capital flow fading,12
2026-09-21,20260921-005246-91e60804,2026-09-21 00:52:46,Recurring Lender,northmarq,Other / Unknown,Affordable Housing,2026-06-23,2026-06-23,1,0,20,0,0,0,Fading,No Clear Stress,Capital flow fading,12
2026-09-21,20260921-005246-91e60804,2026-09-21 00:52:46,Recurring Lender,northmarq,Sun Belt,General Residential,2026-05-21,2026-05-21,1,0,20,0,0,0,Fading,No Clear Stress,Capital flow fading,12
2026-09-21,20260921-005246-91e60804,2026-09-21 00:52:46,Recurring Lender,northmarq,Texas,General Residential,2026-08-27,2026-08-27,1,0,20,0,0,0,Fading,No Clear Stress,Capital flow fading,12
2026-09-21,20260921-005246-91e60804,2026-09-21 00:52:46,Recurring Lender,pgim,California,Apartment,2026-09-17,2026-09-17,1,0,20,0,0,0,Fading,No Clear Stress,Capital flow fading,12
2026-09-21,20260921-005246-91e60804,2026-09-21 00:52:46,Recurring Lender,pgim,National,Mixed-Use Residential,2026-06-25,2026-06-25,1,0,20,0,0,0,Fading,No Clear Stress,Capital flow fading,12
2026-09-21,20260921-005246-91e60804,2026-09-21 00:52:46,Recurring Capital Partner,starwood,Miami / Florida,Office-to-Residential Conversion,2026-07-07,2026-07-07,1,0,0,20,0,0,Fading,No Clear Stress,Capital flow fading,12
2026-09-21,20260921-005246-91e60804,2026-09-21 00:52:46,Recurring Capital Partner,udr,Nashville / Tennessee,Apartment,2026-07-19,2026-07-19,1,0,0,20,0,0,Fading,No Clear Stress,Capital flow fading,12
2026-09-21,20260921-005246-91e60804,2026-09-21 00:52:46,Recurring Lender,walker & dunlop,Los Angeles,Mixed-Use Residential,2026-05-19,2026-05-19,1,0,20,0,0,0,Fading,No Clear Stress,Capital flow fading,12
2026-09-21,20260921-005246-91e60804,2026-09-21 00:52:46,Recurring Lender,walker & dunlop,Other / Unknown,Affordable Housing,2026-05-19,2026-05-19,1,0,20,0,0,0,Fading,No Clear Stress,Capital flow fading,12
2026-09-21,20260921-005246-91e60804,2026-09-21 00:52:46,Recurring Lender,walker & dunlop,Virginia,Multifamily,2026-08-28,2026-08-28,1,0,20,0,0,0,Fading,No Clear Stress,Capital flow fading,12
2026-09-21,20260921-005246-91e60804,2026-09-21 00:52:46,Recurring Lender,walker & dunlop,Florida,Affordable Housing,2026-07-07,2026-07-07,1,0,20,0,0,0,Fading,No Clear Stress,Capital flow fading,12
