run_timestamp,component,error_type,error_message,severity,recommended_fix
2026-05-19 02:17:00,Multi-Housing News,Failed,RSS parsing issue,Warning,Review or replace this source URL if it is important.
2026-05-19 02:17:00,GlobeSt,Failed,RSS parsing issue,Warning,Review or replace this source URL if it is important.
2026-05-19 02:17:00,The Real Deal,Failed,RSS parsing issue,Warning,Review or replace this source URL if it is important.
2026-05-19 02:17:00,PERE,Placeholder,Source URL not yet confirmed,Warning,Review or replace this source URL if it is important.
2026-05-19 02:17:00,Urban Land Institute,Failed,RSS parsing issue,Warning,Review or replace this source URL if it is important.
2026-05-19 02:17:00,NMHC News,Failed,RSS parsing issue,Warning,Review or replace this source URL if it is important.
2026-05-19 02:17:00,Freddie Mac Multifamily,Placeholder,Source URL not yet confirmed,Warning,Review or replace this source URL if it is important.
2026-05-19 02:17:00,Fannie Mae Multifamily,Placeholder,Source URL not yet confirmed,Warning,Review or replace this source URL if it is important.
2026-05-19 02:17:00,MBA Commercial / Multifamily,Placeholder,Source URL not yet confirmed,Warning,Review or replace this source URL if it is important.
2026-05-19 02:17:00,Walker & Dunlop Insights,Failed,RSS parsing issue,Warning,Review or replace this source URL if it is important.
2026-05-19 02:17:00,Berkadia Research,Failed,RSS parsing issue,Warning,Review or replace this source URL if it is important.
2026-05-19 02:17:00,CBRE Multifamily / Living Sector,Placeholder,Source URL not yet confirmed,Warning,Review or replace this source URL if it is important.
2026-05-19 02:17:00,JLL Living / Multifamily,Placeholder,Source URL not yet confirmed,Warning,Review or replace this source URL if it is important.
2026-05-19 02:17:00,Cushman & Wakefield Multifamily,Placeholder,Source URL not yet confirmed,Warning,Review or replace this source URL if it is important.
2026-05-19 02:17:00,Marcus & Millichap Research,Placeholder,Source URL not yet confirmed,Warning,Review or replace this source URL if it is important.
2026-05-19 02:17:00,Greystar Newsroom,Placeholder,Source URL not yet confirmed,Warning,Review or replace this source URL if it is important.
2026-05-19 02:17:00,Kennedy Wilson Newsroom,Placeholder,Source URL not yet confirmed,Warning,Review or replace this source URL if it is important.
2026-05-19 02:17:00,Related Companies Newsroom,Placeholder,Source URL not yet confirmed,Warning,Review or replace this source URL if it is important.
2026-05-19 02:17:00,Related California Newsroom,Placeholder,Source URL not yet confirmed,Warning,Review or replace this source URL if it is important.
2026-05-19 02:17:00,Hines Newsroom,Failed,RSS parsing issue,Warning,Review or replace this source URL if it is important.
2026-05-19 02:17:00,Mill Creek Residential Newsroom,Placeholder,Source URL not yet confirmed,Warning,Review or replace this source URL if it is important.
2026-05-19 02:17:00,Trammell Crow Residential Newsroom,Placeholder,Source URL not yet confirmed,Warning,Review or replace this source URL if it is important.
2026-05-19 02:17:00,Toll Brothers Apartment Living Newsroom,Placeholder,Source URL not yet confirmed,Warning,Review or replace this source URL if it is important.
2026-05-19 02:17:00,Crescent Communities Newsroom,Placeholder,Source URL not yet confirmed,Warning,Review or replace this source URL if it is important.
2026-05-19 02:17:00,AvalonBay Newsroom,Placeholder,Source URL not yet confirmed,Warning,Review or replace this source URL if it is important.
2026-05-19 02:17:00,Essex Property Trust Newsroom,Placeholder,Source URL not yet confirmed,Warning,Review or replace this source URL if it is important.
2026-05-19 02:17:00,Camden Property Trust Newsroom,Placeholder,Source URL not yet confirmed,Warning,Review or replace this source URL if it is important.
2026-05-19 02:17:00,UDR Newsroom,Placeholder,Source URL not yet confirmed,Warning,Review or replace this source URL if it is important.
2026-05-19 02:17:00,MAA Newsroom,Placeholder,Source URL not yet confirmed,Warning,Review or replace this source URL if it is important.
2026-05-19 02:17:00,Equity Residential Newsroom,Placeholder,Source URL not yet confirmed,Warning,Review or replace this source URL if it is important.
2026-05-19 02:17:00,Brookfield Real Estate,Placeholder,Source URL not yet confirmed,Warning,Review or replace this source URL if it is important.
2026-05-19 02:17:00,LA Business Journal,Placeholder,Source URL not yet confirmed,Warning,Review or replace this source URL if it is important.
2026-05-19 02:17:00,Los Angeles City Planning,Placeholder,Source URL not yet confirmed,Warning,Review or replace this source URL if it is important.
2026-05-19 02:17:00,California HCD,Placeholder,Source URL not yet confirmed,Warning,Review or replace this source URL if it is important.
2026-05-19 02:17:00,California YIMBY,Failed,RSS parsing issue,Warning,Review or replace this source URL if it is important.
2026-05-19 02:17:00,Urbanize California,Placeholder,Source URL not yet confirmed,Warning,Review or replace this source URL if it is important.
2026-05-19 02:17:00,CRE Daily,Placeholder,Source URL not yet confirmed,Warning,Review or replace this source URL if it is important.
2026-05-19 02:17:00,Institutional Property Advisors,Placeholder,Source URL not yet confirmed,Warning,Review or replace this source URL if it is important.
2026-05-19 02:17:00,JLL Newsroom,Placeholder,Source URL not yet confirmed,Warning,Review or replace this source URL if it is important.
2026-05-19 02:17:00,CBRE Newsroom,Placeholder,Source URL not yet confirmed,Warning,Review or replace this source URL if it is important.
2026-05-19 02:17:00,Cushman & Wakefield Newsroom,Placeholder,Source URL not yet confirmed,Warning,Review or replace this source URL if it is important.
2026-05-19 02:17:00,Marcus & Millichap Newsroom,Placeholder,Source URL not yet confirmed,Warning,Review or replace this source URL if it is important.
2026-05-19 02:17:00,Dallas Business Journal,Placeholder,Source URL not yet confirmed,Warning,Review or replace this source URL if it is important.
2026-05-19 02:17:00,Austin Business Journal,Placeholder,Source URL not yet confirmed,Warning,Review or replace this source URL if it is important.
2026-05-19 02:17:00,South Florida Business Journal,Placeholder,Source URL not yet confirmed,Warning,Review or replace this source URL if it is important.
2026-05-19 02:17:00,Phoenix Business Journal,Placeholder,Source URL not yet confirmed,Warning,Review or replace this source URL if it is important.
2026-05-19 02:17:00,Atlanta Business Chronicle,Placeholder,Source URL not yet confirmed,Warning,Review or replace this source URL if it is important.
2026-05-19 02:17:00,Charlotte Business Journal,Placeholder,Source URL not yet confirmed,Warning,Review or replace this source URL if it is important.
2026-05-19 02:17:00,Los Angeles Business Journal,Placeholder,Source URL not yet confirmed,Warning,Review or replace this source URL if it is important.
2026-05-19 02:17:00,San Francisco Business Times,Placeholder,Source URL not yet confirmed,Warning,Review or replace this source URL if it is important.
2026-05-19 02:17:00,Orange County Business Journal,Placeholder,Source URL not yet confirmed,Warning,Review or replace this source URL if it is important.
2026-05-19 02:17:00,Denver Business Journal,Placeholder,Source URL not yet confirmed,Warning,Review or replace this source URL if it is important.
2026-05-19 02:17:00,Nashville Business Journal,Placeholder,Source URL not yet confirmed,Warning,Review or replace this source URL if it is important.
2026-05-19 02:17:00,Greystar Source Expansion,Placeholder,Source URL not yet confirmed,Warning,Review or replace this source URL if it is important.
2026-05-19 02:17:00,Mill Creek Residential Source Expansion,Placeholder,Source URL not yet confirmed,Warning,Review or replace this source URL if it is important.
2026-05-19 02:17:00,Trammell Crow Residential Source Expansion,Placeholder,Source URL not yet confirmed,Warning,Review or replace this source URL if it is important.
2026-05-19 02:17:00,Lincoln Property Company Source Expansion,Placeholder,Source URL not yet confirmed,Warning,Review or replace this source URL if it is important.
2026-05-19 02:17:00,Fairfield Residential Source Expansion,Placeholder,Source URL not yet confirmed,Warning,Review or replace this source URL if it is important.
2026-05-19 02:17:00,Alliance Residential Source Expansion,Placeholder,Source URL not yet confirmed,Warning,Review or replace this source URL if it is important.
2026-05-19 02:17:00,Wood Partners Source Expansion,Placeholder,Source URL not yet confirmed,Warning,Review or replace this source URL if it is important.
2026-05-19 02:17:00,Hanover Company Source Expansion,Placeholder,Source URL not yet confirmed,Warning,Review or replace this source URL if it is important.
2026-05-19 02:17:00,Holland Partner Group Source Expansion,Placeholder,Source URL not yet confirmed,Warning,Review or replace this source URL if it is important.
2026-05-19 02:17:00,JPI Source Expansion,Placeholder,Source URL not yet confirmed,Warning,Review or replace this source URL if it is important.
2026-05-19 02:17:00,Kairoi Residential Source Expansion,Placeholder,Source URL not yet confirmed,Warning,Review or replace this source URL if it is important.
2026-05-19 02:17:00,AMLI Residential Source Expansion,Placeholder,Source URL not yet confirmed,Warning,Review or replace this source URL if it is important.
2026-05-19 02:17:00,Quarterra Source Expansion,Placeholder,Source URL not yet confirmed,Warning,Review or replace this source URL if it is important.
2026-05-19 02:17:00,Toll Brothers Apartment Living Source Expansion,Placeholder,Source URL not yet confirmed,Warning,Review or replace this source URL if it is important.
2026-05-19 02:17:00,AvalonBay Source Expansion,Placeholder,Source URL not yet confirmed,Warning,Review or replace this source URL if it is important.
2026-05-19 02:17:00,Camden Property Trust Source Expansion,Placeholder,Source URL not yet confirmed,Warning,Review or replace this source URL if it is important.
2026-05-19 02:17:00,MAA Source Expansion,Placeholder,Source URL not yet confirmed,Warning,Review or replace this source URL if it is important.
2026-05-19 02:17:00,UDR Source Expansion,Placeholder,Source URL not yet confirmed,Warning,Review or replace this source URL if it is important.
2026-05-19 02:17:00,Equity Residential Source Expansion,Placeholder,Source URL not yet confirmed,Warning,Review or replace this source URL if it is important.
2026-05-19 02:17:00,Essex Property Trust Source Expansion,Placeholder,Source URL not yet confirmed,Warning,Review or replace this source URL if it is important.
2026-05-19 02:17:00,Brookfield Real Estate Source Expansion,Placeholder,Source URL not yet confirmed,Warning,Review or replace this source URL if it is important.
2026-05-19 02:17:00,Kennedy Wilson Source Expansion,Placeholder,Source URL not yet confirmed,Warning,Review or replace this source URL if it is important.
2026-05-19 02:17:00,Hines Source Expansion,Failed,RSS parsing issue,Warning,Review or replace this source URL if it is important.
2026-05-19 02:17:00,GID Source Expansion,Placeholder,Source URL not yet confirmed,Warning,Review or replace this source URL if it is important.
2026-05-19 02:17:00,Waterton Source Expansion,Placeholder,Source URL not yet confirmed,Warning,Review or replace this source URL if it is important.
2026-05-19 02:17:00,Carmel Partners Source Expansion,Placeholder,Source URL not yet confirmed,Warning,Review or replace this source URL if it is important.
2026-05-19 02:17:00,CIM Group Source Expansion,Placeholder,Source URL not yet confirmed,Warning,Review or replace this source URL if it is important.
2026-05-19 02:17:00,LivCor Source Expansion,Placeholder,Source URL not yet confirmed,Warning,Review or replace this source URL if it is important.
2026-05-19 02:17:00,BGO Source Expansion,Placeholder,Source URL not yet confirmed,Warning,Review or replace this source URL if it is important.
2026-05-19 02:17:00,Harbor Group International Source Expansion,Placeholder,Source URL not yet confirmed,Warning,Review or replace this source URL if it is important.
2026-05-19 02:17:00,Starwood Capital Source Expansion,Placeholder,Source URL not yet confirmed,Warning,Review or replace this source URL if it is important.
2026-05-19 02:17:00,PGIM Real Estate Source Expansion,Placeholder,Source URL not yet confirmed,Warning,Review or replace this source URL if it is important.
2026-05-19 02:17:00,Nuveen Real Estate Source Expansion,Placeholder,Source URL not yet confirmed,Warning,Review or replace this source URL if it is important.
2026-05-19 02:17:00,KKR Real Estate Source Expansion,Placeholder,Source URL not yet confirmed,Warning,Review or replace this source URL if it is important.
2026-05-19 02:17:00,Carlyle Real Estate Source Expansion,Placeholder,Source URL not yet confirmed,Warning,Review or replace this source URL if it is important.
2026-05-19 02:17:00,Apollo Real Estate Source Expansion,Placeholder,Source URL not yet confirmed,Warning,Review or replace this source URL if it is important.
2026-05-19 02:17:00,Invitation Homes Source Expansion,Placeholder,Source URL not yet confirmed,Warning,Review or replace this source URL if it is important.
2026-05-19 02:17:00,American Homes 4 Rent Source Expansion,Placeholder,Source URL not yet confirmed,Warning,Review or replace this source URL if it is important.
2026-05-19 02:17:00,Progress Residential Source Expansion,Placeholder,Source URL not yet confirmed,Warning,Review or replace this source URL if it is important.
2026-05-19 02:17:00,Tricon Residential Source Expansion,Placeholder,Source URL not yet confirmed,Warning,Review or replace this source URL if it is important.
2026-05-19 02:17:00,Pretium Source Expansion,Placeholder,Source URL not yet confirmed,Warning,Review or replace this source URL if it is important.
2026-05-19 02:17:00,NexMetro Communities Source Expansion,Placeholder,Source URL not yet confirmed,Warning,Review or replace this source URL if it is important.
2026-05-19 02:17:00,Christopher Todd Communities Source Expansion,Placeholder,Source URL not yet confirmed,Warning,Review or replace this source URL if it is important.
2026-05-19 02:17:00,BB Living Source Expansion,Placeholder,Source URL not yet confirmed,Warning,Review or replace this source URL if it is important.
2026-05-19 02:17:00,AHV Communities Source Expansion,Placeholder,Source URL not yet confirmed,Warning,Review or replace this source URL if it is important.
2026-05-19 02:17:00,Quinn Residences Source Expansion,Placeholder,Source URL not yet confirmed,Warning,Review or replace this source URL if it is important.
2026-05-19 02:17:00,Core Spaces Source Expansion,Placeholder,Source URL not yet confirmed,Warning,Review or replace this source URL if it is important.
2026-05-19 02:17:00,Landmark Properties Source Expansion,Placeholder,Source URL not yet confirmed,Warning,Review or replace this source URL if it is important.
2026-05-19 02:17:00,The Dinerstein Companies Source Expansion,Placeholder,Source URL not yet confirmed,Warning,Review or replace this source URL if it is important.
2026-05-19 02:17:00,LV Collective Source Expansion,Placeholder,Source URL not yet confirmed,Warning,Review or replace this source URL if it is important.
2026-05-19 02:17:00,CA Ventures Source Expansion,Placeholder,Source URL not yet confirmed,Warning,Review or replace this source URL if it is important.
2026-05-19 02:17:00,Gilbane Development Source Expansion,Placeholder,Source URL not yet confirmed,Warning,Review or replace this source URL if it is important.
2026-05-19 02:17:00,Harrison Street Source Expansion,Placeholder,Source URL not yet confirmed,Warning,Review or replace this source URL if it is important.
2026-05-19 02:17:00,Scion Group Source Expansion,Placeholder,Source URL not yet confirmed,Warning,Review or replace this source URL if it is important.
2026-05-19 02:17:00,American Campus Communities Source Expansion,Placeholder,Source URL not yet confirmed,Warning,Review or replace this source URL if it is important.
2026-05-19 02:17:00,Welltower Source Expansion,Placeholder,Source URL not yet confirmed,Warning,Review or replace this source URL if it is important.
2026-05-19 02:17:00,Ventas Source Expansion,Placeholder,Source URL not yet confirmed,Warning,Review or replace this source URL if it is important.
2026-05-19 02:17:00,Brookdale Source Expansion,Placeholder,Source URL not yet confirmed,Warning,Review or replace this source URL if it is important.
2026-05-19 02:17:00,Atria Senior Living Source Expansion,Placeholder,Source URL not yet confirmed,Warning,Review or replace this source URL if it is important.
2026-05-19 02:17:00,Sunrise Senior Living Source Expansion,Placeholder,Source URL not yet confirmed,Warning,Review or replace this source URL if it is important.
2026-05-19 02:17:00,Erickson Senior Living Source Expansion,Placeholder,Source URL not yet confirmed,Warning,Review or replace this source URL if it is important.
2026-05-19 02:17:00,Discovery Senior Living Source Expansion,Placeholder,Source URL not yet confirmed,Warning,Review or replace this source URL if it is important.
2026-05-19 02:17:00,Bridge Investment Group Source Expansion,Placeholder,Source URL not yet confirmed,Warning,Review or replace this source URL if it is important.
2026-05-19 02:17:00,Avenue Development Source Expansion,Placeholder,Source URL not yet confirmed,Warning,Review or replace this source URL if it is important.
2026-05-19 02:17:00,Sparrow Partners Source Expansion,Placeholder,Source URL not yet confirmed,Warning,Review or replace this source URL if it is important.
2026-05-19 02:17:00,Greystone Source Expansion,Placeholder,Source URL not yet confirmed,Warning,Review or replace this source URL if it is important.
2026-05-19 02:17:00,Berkadia Source Expansion,Failed,RSS parsing issue,Warning,Review or replace this source URL if it is important.
2026-05-19 02:17:00,Walker & Dunlop Source Expansion,Failed,RSS parsing issue,Warning,Review or replace this source URL if it is important.
2026-05-19 02:17:00,CBRE Capital Markets Source Expansion,Placeholder,Source URL not yet confirmed,Warning,Review or replace this source URL if it is important.
2026-05-19 02:17:00,JLL Capital Markets Source Expansion,Placeholder,Source URL not yet confirmed,Warning,Review or replace this source URL if it is important.
2026-05-19 02:17:00,Cushman & Wakefield Source Expansion,Placeholder,Source URL not yet confirmed,Warning,Review or replace this source URL if it is important.
2026-05-19 02:17:00,Newmark Source Expansion,Placeholder,Source URL not yet confirmed,Warning,Review or replace this source URL if it is important.
2026-05-19 02:17:00,Eastdil Secured Source Expansion,Placeholder,Source URL not yet confirmed,Warning,Review or replace this source URL if it is important.
2026-05-19 02:17:00,Northmarq Source Expansion,Placeholder,Source URL not yet confirmed,Warning,Review or replace this source URL if it is important.
2026-05-19 02:17:00,Marcus & Millichap Capital Corporation Source Expansion,Placeholder,Source URL not yet confirmed,Warning,Review or replace this source URL if it is important.
2026-05-19 02:17:00,Freddie Mac Multifamily Source Expansion,Placeholder,Source URL not yet confirmed,Warning,Review or replace this source URL if it is important.
2026-05-19 02:17:00,Fannie Mae Multifamily Source Expansion,Placeholder,Source URL not yet confirmed,Warning,Review or replace this source URL if it is important.
2026-05-20 04:06:06,Multi-Housing News,Failed,RSS parsing issue,Warning,Review or replace this source URL if it is important.
2026-05-20 04:06:06,GlobeSt,Failed,RSS parsing issue,Warning,Review or replace this source URL if it is important.
2026-05-20 04:06:06,The Real Deal,Failed,RSS parsing issue,Warning,Review or replace this source URL if it is important.
2026-05-20 04:06:06,PERE,Placeholder,Source URL not yet confirmed,Warning,Review or replace this source URL if it is important.
2026-05-20 04:06:06,Urban Land Institute,Failed,RSS parsing issue,Warning,Review or replace this source URL if it is important.
2026-05-20 04:06:06,NMHC News,Failed,RSS parsing issue,Warning,Review or replace this source URL if it is important.
2026-05-20 04:06:06,Freddie Mac Multifamily,Placeholder,Source URL not yet confirmed,Warning,Review or replace this source URL if it is important.
2026-05-20 04:06:06,Fannie Mae Multifamily,Placeholder,Source URL not yet confirmed,Warning,Review or replace this source URL if it is important.
2026-05-20 04:06:06,MBA Commercial / Multifamily,Placeholder,Source URL not yet confirmed,Warning,Review or replace this source URL if it is important.
2026-05-20 04:06:06,Walker & Dunlop Insights,Failed,RSS parsing issue,Warning,Review or replace this source URL if it is important.
2026-05-20 04:06:06,Berkadia Research,Failed,RSS parsing issue,Warning,Review or replace this source URL if it is important.
2026-05-20 04:06:06,CBRE Multifamily / Living Sector,Placeholder,Source URL not yet confirmed,Warning,Review or replace this source URL if it is important.
2026-05-20 04:06:06,JLL Living / Multifamily,Placeholder,Source URL not yet confirmed,Warning,Review or replace this source URL if it is important.
2026-05-20 04:06:06,Cushman & Wakefield Multifamily,Placeholder,Source URL not yet confirmed,Warning,Review or replace this source URL if it is important.
2026-05-20 04:06:06,Marcus & Millichap Research,Placeholder,Source URL not yet confirmed,Warning,Review or replace this source URL if it is important.
2026-05-20 04:06:06,Greystar Newsroom,Placeholder,Source URL not yet confirmed,Warning,Review or replace this source URL if it is important.
2026-05-20 04:06:06,Kennedy Wilson Newsroom,Placeholder,Source URL not yet confirmed,Warning,Review or replace this source URL if it is important.
2026-05-20 04:06:06,Related Companies Newsroom,Placeholder,Source URL not yet confirmed,Warning,Review or replace this source URL if it is important.
2026-05-20 04:06:06,Related California Newsroom,Placeholder,Source URL not yet confirmed,Warning,Review or replace this source URL if it is important.
2026-05-20 04:06:06,Hines Newsroom,Failed,RSS parsing issue,Warning,Review or replace this source URL if it is important.
2026-05-20 04:06:06,Mill Creek Residential Newsroom,Placeholder,Source URL not yet confirmed,Warning,Review or replace this source URL if it is important.
2026-05-20 04:06:06,Trammell Crow Residential Newsroom,Placeholder,Source URL not yet confirmed,Warning,Review or replace this source URL if it is important.
2026-05-20 04:06:06,Toll Brothers Apartment Living Newsroom,Placeholder,Source URL not yet confirmed,Warning,Review or replace this source URL if it is important.
2026-05-20 04:06:06,Crescent Communities Newsroom,Placeholder,Source URL not yet confirmed,Warning,Review or replace this source URL if it is important.
2026-05-20 04:06:06,AvalonBay Newsroom,Placeholder,Source URL not yet confirmed,Warning,Review or replace this source URL if it is important.
2026-05-20 04:06:06,Essex Property Trust Newsroom,Placeholder,Source URL not yet confirmed,Warning,Review or replace this source URL if it is important.
2026-05-20 04:06:06,Camden Property Trust Newsroom,Placeholder,Source URL not yet confirmed,Warning,Review or replace this source URL if it is important.
2026-05-20 04:06:06,UDR Newsroom,Placeholder,Source URL not yet confirmed,Warning,Review or replace this source URL if it is important.
2026-05-20 04:06:06,MAA Newsroom,Placeholder,Source URL not yet confirmed,Warning,Review or replace this source URL if it is important.
2026-05-20 04:06:06,Equity Residential Newsroom,Placeholder,Source URL not yet confirmed,Warning,Review or replace this source URL if it is important.
2026-05-20 04:06:06,Brookfield Real Estate,Placeholder,Source URL not yet confirmed,Warning,Review or replace this source URL if it is important.
2026-05-20 04:06:06,LA Business Journal,Placeholder,Source URL not yet confirmed,Warning,Review or replace this source URL if it is important.
2026-05-20 04:06:06,Los Angeles City Planning,Placeholder,Source URL not yet confirmed,Warning,Review or replace this source URL if it is important.
2026-05-20 04:06:06,California HCD,Placeholder,Source URL not yet confirmed,Warning,Review or replace this source URL if it is important.
2026-05-20 04:06:06,California YIMBY,Failed,RSS parsing issue,Warning,Review or replace this source URL if it is important.
2026-05-20 04:06:06,Urbanize California,Placeholder,Source URL not yet confirmed,Warning,Review or replace this source URL if it is important.
2026-05-20 04:06:06,CRE Daily,Placeholder,Source URL not yet confirmed,Warning,Review or replace this source URL if it is important.
2026-05-20 04:06:06,Institutional Property Advisors,Placeholder,Source URL not yet confirmed,Warning,Review or replace this source URL if it is important.
2026-05-20 04:06:06,JLL Newsroom,Placeholder,Source URL not yet confirmed,Warning,Review or replace this source URL if it is important.
2026-05-20 04:06:06,CBRE Newsroom,Placeholder,Source URL not yet confirmed,Warning,Review or replace this source URL if it is important.
2026-05-20 04:06:06,Cushman & Wakefield Newsroom,Placeholder,Source URL not yet confirmed,Warning,Review or replace this source URL if it is important.
2026-05-20 04:06:06,Marcus & Millichap Newsroom,Placeholder,Source URL not yet confirmed,Warning,Review or replace this source URL if it is important.
2026-05-20 04:06:06,Dallas Business Journal,Placeholder,Source URL not yet confirmed,Warning,Review or replace this source URL if it is important.
2026-05-20 04:06:06,Austin Business Journal,Placeholder,Source URL not yet confirmed,Warning,Review or replace this source URL if it is important.
2026-05-20 04:06:06,South Florida Business Journal,Placeholder,Source URL not yet confirmed,Warning,Review or replace this source URL if it is important.
2026-05-20 04:06:06,Phoenix Business Journal,Placeholder,Source URL not yet confirmed,Warning,Review or replace this source URL if it is important.
2026-05-20 04:06:06,Atlanta Business Chronicle,Placeholder,Source URL not yet confirmed,Warning,Review or replace this source URL if it is important.
2026-05-20 04:06:06,Charlotte Business Journal,Placeholder,Source URL not yet confirmed,Warning,Review or replace this source URL if it is important.
2026-05-20 04:06:06,Los Angeles Business Journal,Placeholder,Source URL not yet confirmed,Warning,Review or replace this source URL if it is important.
2026-05-20 04:06:06,San Francisco Business Times,Placeholder,Source URL not yet confirmed,Warning,Review or replace this source URL if it is important.
2026-05-20 04:06:06,Orange County Business Journal,Placeholder,Source URL not yet confirmed,Warning,Review or replace this source URL if it is important.
2026-05-20 04:06:06,Denver Business Journal,Placeholder,Source URL not yet confirmed,Warning,Review or replace this source URL if it is important.
2026-05-20 04:06:06,Nashville Business Journal,Placeholder,Source URL not yet confirmed,Warning,Review or replace this source URL if it is important.
2026-05-20 04:06:06,Greystar Source Expansion,Placeholder,Source URL not yet confirmed,Warning,Review or replace this source URL if it is important.
2026-05-20 04:06:06,Mill Creek Residential Source Expansion,Placeholder,Source URL not yet confirmed,Warning,Review or replace this source URL if it is important.
2026-05-20 04:06:06,Trammell Crow Residential Source Expansion,Placeholder,Source URL not yet confirmed,Warning,Review or replace this source URL if it is important.
2026-05-20 04:06:06,Lincoln Property Company Source Expansion,Placeholder,Source URL not yet confirmed,Warning,Review or replace this source URL if it is important.
2026-05-20 04:06:06,Fairfield Residential Source Expansion,Placeholder,Source URL not yet confirmed,Warning,Review or replace this source URL if it is important.
2026-05-20 04:06:06,Alliance Residential Source Expansion,Placeholder,Source URL not yet confirmed,Warning,Review or replace this source URL if it is important.
2026-05-20 04:06:06,Wood Partners Source Expansion,Placeholder,Source URL not yet confirmed,Warning,Review or replace this source URL if it is important.
2026-05-20 04:06:06,Hanover Company Source Expansion,Placeholder,Source URL not yet confirmed,Warning,Review or replace this source URL if it is important.
2026-05-20 04:06:06,Holland Partner Group Source Expansion,Placeholder,Source URL not yet confirmed,Warning,Review or replace this source URL if it is important.
2026-05-20 04:06:06,JPI Source Expansion,Placeholder,Source URL not yet confirmed,Warning,Review or replace this source URL if it is important.
2026-05-20 04:06:06,Kairoi Residential Source Expansion,Placeholder,Source URL not yet confirmed,Warning,Review or replace this source URL if it is important.
2026-05-20 04:06:06,AMLI Residential Source Expansion,Placeholder,Source URL not yet confirmed,Warning,Review or replace this source URL if it is important.
2026-05-20 04:06:06,Quarterra Source Expansion,Placeholder,Source URL not yet confirmed,Warning,Review or replace this source URL if it is important.
2026-05-20 04:06:06,Toll Brothers Apartment Living Source Expansion,Placeholder,Source URL not yet confirmed,Warning,Review or replace this source URL if it is important.
2026-05-20 04:06:06,AvalonBay Source Expansion,Placeholder,Source URL not yet confirmed,Warning,Review or replace this source URL if it is important.
2026-05-20 04:06:06,Camden Property Trust Source Expansion,Placeholder,Source URL not yet confirmed,Warning,Review or replace this source URL if it is important.
2026-05-20 04:06:06,MAA Source Expansion,Placeholder,Source URL not yet confirmed,Warning,Review or replace this source URL if it is important.
2026-05-20 04:06:06,UDR Source Expansion,Placeholder,Source URL not yet confirmed,Warning,Review or replace this source URL if it is important.
2026-05-20 04:06:06,Equity Residential Source Expansion,Placeholder,Source URL not yet confirmed,Warning,Review or replace this source URL if it is important.
2026-05-20 04:06:06,Essex Property Trust Source Expansion,Placeholder,Source URL not yet confirmed,Warning,Review or replace this source URL if it is important.
2026-05-20 04:06:06,Brookfield Real Estate Source Expansion,Placeholder,Source URL not yet confirmed,Warning,Review or replace this source URL if it is important.
2026-05-20 04:06:06,Kennedy Wilson Source Expansion,Placeholder,Source URL not yet confirmed,Warning,Review or replace this source URL if it is important.
2026-05-20 04:06:06,Hines Source Expansion,Failed,RSS parsing issue,Warning,Review or replace this source URL if it is important.
2026-05-20 04:06:06,GID Source Expansion,Placeholder,Source URL not yet confirmed,Warning,Review or replace this source URL if it is important.
2026-05-20 04:06:06,Waterton Source Expansion,Placeholder,Source URL not yet confirmed,Warning,Review or replace this source URL if it is important.
2026-05-20 04:06:06,Carmel Partners Source Expansion,Placeholder,Source URL not yet confirmed,Warning,Review or replace this source URL if it is important.
2026-05-20 04:06:06,CIM Group Source Expansion,Placeholder,Source URL not yet confirmed,Warning,Review or replace this source URL if it is important.
2026-05-20 04:06:06,LivCor Source Expansion,Placeholder,Source URL not yet confirmed,Warning,Review or replace this source URL if it is important.
2026-05-20 04:06:06,BGO Source Expansion,Placeholder,Source URL not yet confirmed,Warning,Review or replace this source URL if it is important.
2026-05-20 04:06:06,Harbor Group International Source Expansion,Placeholder,Source URL not yet confirmed,Warning,Review or replace this source URL if it is important.
2026-05-20 04:06:06,Starwood Capital Source Expansion,Placeholder,Source URL not yet confirmed,Warning,Review or replace this source URL if it is important.
2026-05-20 04:06:06,PGIM Real Estate Source Expansion,Placeholder,Source URL not yet confirmed,Warning,Review or replace this source URL if it is important.
2026-05-20 04:06:06,Nuveen Real Estate Source Expansion,Placeholder,Source URL not yet confirmed,Warning,Review or replace this source URL if it is important.
2026-05-20 04:06:06,KKR Real Estate Source Expansion,Placeholder,Source URL not yet confirmed,Warning,Review or replace this source URL if it is important.
2026-05-20 04:06:06,Carlyle Real Estate Source Expansion,Placeholder,Source URL not yet confirmed,Warning,Review or replace this source URL if it is important.
2026-05-20 04:06:06,Apollo Real Estate Source Expansion,Placeholder,Source URL not yet confirmed,Warning,Review or replace this source URL if it is important.
2026-05-20 04:06:06,Invitation Homes Source Expansion,Placeholder,Source URL not yet confirmed,Warning,Review or replace this source URL if it is important.
2026-05-20 04:06:06,American Homes 4 Rent Source Expansion,Placeholder,Source URL not yet confirmed,Warning,Review or replace this source URL if it is important.
2026-05-20 04:06:06,Progress Residential Source Expansion,Placeholder,Source URL not yet confirmed,Warning,Review or replace this source URL if it is important.
2026-05-20 04:06:06,Tricon Residential Source Expansion,Placeholder,Source URL not yet confirmed,Warning,Review or replace this source URL if it is important.
2026-05-20 04:06:06,Pretium Source Expansion,Placeholder,Source URL not yet confirmed,Warning,Review or replace this source URL if it is important.
2026-05-20 04:06:06,NexMetro Communities Source Expansion,Placeholder,Source URL not yet confirmed,Warning,Review or replace this source URL if it is important.
2026-05-20 04:06:06,Christopher Todd Communities Source Expansion,Placeholder,Source URL not yet confirmed,Warning,Review or replace this source URL if it is important.
2026-05-20 04:06:06,BB Living Source Expansion,Placeholder,Source URL not yet confirmed,Warning,Review or replace this source URL if it is important.
2026-05-20 04:06:06,AHV Communities Source Expansion,Placeholder,Source URL not yet confirmed,Warning,Review or replace this source URL if it is important.
2026-05-20 04:06:06,Quinn Residences Source Expansion,Placeholder,Source URL not yet confirmed,Warning,Review or replace this source URL if it is important.
2026-05-20 04:06:06,Core Spaces Source Expansion,Placeholder,Source URL not yet confirmed,Warning,Review or replace this source URL if it is important.
2026-05-20 04:06:06,Landmark Properties Source Expansion,Placeholder,Source URL not yet confirmed,Warning,Review or replace this source URL if it is important.
2026-05-20 04:06:06,The Dinerstein Companies Source Expansion,Placeholder,Source URL not yet confirmed,Warning,Review or replace this source URL if it is important.
2026-05-20 04:06:06,LV Collective Source Expansion,Placeholder,Source URL not yet confirmed,Warning,Review or replace this source URL if it is important.
2026-05-20 04:06:06,CA Ventures Source Expansion,Placeholder,Source URL not yet confirmed,Warning,Review or replace this source URL if it is important.
2026-05-20 04:06:06,Gilbane Development Source Expansion,Placeholder,Source URL not yet confirmed,Warning,Review or replace this source URL if it is important.
2026-05-20 04:06:06,Harrison Street Source Expansion,Placeholder,Source URL not yet confirmed,Warning,Review or replace this source URL if it is important.
2026-05-20 04:06:06,Scion Group Source Expansion,Placeholder,Source URL not yet confirmed,Warning,Review or replace this source URL if it is important.
2026-05-20 04:06:06,American Campus Communities Source Expansion,Placeholder,Source URL not yet confirmed,Warning,Review or replace this source URL if it is important.
2026-05-20 04:06:06,Welltower Source Expansion,Placeholder,Source URL not yet confirmed,Warning,Review or replace this source URL if it is important.
2026-05-20 04:06:06,Ventas Source Expansion,Placeholder,Source URL not yet confirmed,Warning,Review or replace this source URL if it is important.
2026-05-20 04:06:06,Brookdale Source Expansion,Placeholder,Source URL not yet confirmed,Warning,Review or replace this source URL if it is important.
2026-05-20 04:06:06,Atria Senior Living Source Expansion,Placeholder,Source URL not yet confirmed,Warning,Review or replace this source URL if it is important.
2026-05-20 04:06:06,Sunrise Senior Living Source Expansion,Placeholder,Source URL not yet confirmed,Warning,Review or replace this source URL if it is important.
2026-05-20 04:06:06,Erickson Senior Living Source Expansion,Placeholder,Source URL not yet confirmed,Warning,Review or replace this source URL if it is important.
2026-05-20 04:06:06,Discovery Senior Living Source Expansion,Placeholder,Source URL not yet confirmed,Warning,Review or replace this source URL if it is important.
2026-05-20 04:06:06,Bridge Investment Group Source Expansion,Placeholder,Source URL not yet confirmed,Warning,Review or replace this source URL if it is important.
2026-05-20 04:06:06,Avenue Development Source Expansion,Placeholder,Source URL not yet confirmed,Warning,Review or replace this source URL if it is important.
2026-05-20 04:06:06,Sparrow Partners Source Expansion,Placeholder,Source URL not yet confirmed,Warning,Review or replace this source URL if it is important.
2026-05-20 04:06:06,Greystone Source Expansion,Placeholder,Source URL not yet confirmed,Warning,Review or replace this source URL if it is important.
2026-05-20 04:06:06,Berkadia Source Expansion,Failed,RSS parsing issue,Warning,Review or replace this source URL if it is important.
2026-05-20 04:06:06,Walker & Dunlop Source Expansion,Failed,RSS parsing issue,Warning,Review or replace this source URL if it is important.
2026-05-20 04:06:06,CBRE Capital Markets Source Expansion,Placeholder,Source URL not yet confirmed,Warning,Review or replace this source URL if it is important.
2026-05-20 04:06:06,JLL Capital Markets Source Expansion,Placeholder,Source URL not yet confirmed,Warning,Review or replace this source URL if it is important.
2026-05-20 04:06:06,Cushman & Wakefield Source Expansion,Placeholder,Source URL not yet confirmed,Warning,Review or replace this source URL if it is important.
2026-05-20 04:06:06,Newmark Source Expansion,Placeholder,Source URL not yet confirmed,Warning,Review or replace this source URL if it is important.
2026-05-20 04:06:06,Eastdil Secured Source Expansion,Placeholder,Source URL not yet confirmed,Warning,Review or replace this source URL if it is important.
2026-05-20 04:06:06,Northmarq Source Expansion,Placeholder,Source URL not yet confirmed,Warning,Review or replace this source URL if it is important.
2026-05-20 04:06:06,Marcus & Millichap Capital Corporation Source Expansion,Placeholder,Source URL not yet confirmed,Warning,Review or replace this source URL if it is important.
2026-05-20 04:06:06,Freddie Mac Multifamily Source Expansion,Placeholder,Source URL not yet confirmed,Warning,Review or replace this source URL if it is important.
2026-05-20 04:06:06,Fannie Mae Multifamily Source Expansion,Placeholder,Source URL not yet confirmed,Warning,Review or replace this source URL if it is important.
2026-05-20 05:18:44,Multi-Housing News,Failed,RSS parsing issue,Warning,Review or replace this source URL if it is important.
2026-05-20 05:18:44,GlobeSt,Failed,RSS parsing issue,Warning,Review or replace this source URL if it is important.
2026-05-20 05:18:44,The Real Deal,Failed,RSS parsing issue,Warning,Review or replace this source URL if it is important.
2026-05-20 05:18:44,PERE,Placeholder,Source URL not yet confirmed,Warning,Review or replace this source URL if it is important.
2026-05-20 05:18:44,Urban Land Institute,Failed,RSS parsing issue,Warning,Review or replace this source URL if it is important.
2026-05-20 05:18:44,NMHC News,Failed,RSS parsing issue,Warning,Review or replace this source URL if it is important.
2026-05-20 05:18:44,Freddie Mac Multifamily,Placeholder,Source URL not yet confirmed,Warning,Review or replace this source URL if it is important.
2026-05-20 05:18:44,Fannie Mae Multifamily,Placeholder,Source URL not yet confirmed,Warning,Review or replace this source URL if it is important.
2026-05-20 05:18:44,MBA Commercial / Multifamily,Placeholder,Source URL not yet confirmed,Warning,Review or replace this source URL if it is important.
2026-05-20 05:18:44,Walker & Dunlop Insights,Failed,RSS parsing issue,Warning,Review or replace this source URL if it is important.
2026-05-20 05:18:44,Berkadia Research,Failed,RSS parsing issue,Warning,Review or replace this source URL if it is important.
2026-05-20 05:18:44,CBRE Multifamily / Living Sector,Placeholder,Source URL not yet confirmed,Warning,Review or replace this source URL if it is important.
2026-05-20 05:18:44,JLL Living / Multifamily,Placeholder,Source URL not yet confirmed,Warning,Review or replace this source URL if it is important.
2026-05-20 05:18:44,Cushman & Wakefield Multifamily,Placeholder,Source URL not yet confirmed,Warning,Review or replace this source URL if it is important.
2026-05-20 05:18:44,Marcus & Millichap Research,Placeholder,Source URL not yet confirmed,Warning,Review or replace this source URL if it is important.
2026-05-20 05:18:44,Greystar Newsroom,Placeholder,Source URL not yet confirmed,Warning,Review or replace this source URL if it is important.
2026-05-20 05:18:44,Kennedy Wilson Newsroom,Placeholder,Source URL not yet confirmed,Warning,Review or replace this source URL if it is important.
2026-05-20 05:18:44,Related Companies Newsroom,Placeholder,Source URL not yet confirmed,Warning,Review or replace this source URL if it is important.
2026-05-20 05:18:44,Related California Newsroom,Placeholder,Source URL not yet confirmed,Warning,Review or replace this source URL if it is important.
2026-05-20 05:18:44,Hines Newsroom,Failed,RSS parsing issue,Warning,Review or replace this source URL if it is important.
2026-05-20 05:18:44,Mill Creek Residential Newsroom,Placeholder,Source URL not yet confirmed,Warning,Review or replace this source URL if it is important.
2026-05-20 05:18:44,Trammell Crow Residential Newsroom,Placeholder,Source URL not yet confirmed,Warning,Review or replace this source URL if it is important.
2026-05-20 05:18:44,Toll Brothers Apartment Living Newsroom,Placeholder,Source URL not yet confirmed,Warning,Review or replace this source URL if it is important.
2026-05-20 05:18:44,Crescent Communities Newsroom,Placeholder,Source URL not yet confirmed,Warning,Review or replace this source URL if it is important.
2026-05-20 05:18:44,AvalonBay Newsroom,Placeholder,Source URL not yet confirmed,Warning,Review or replace this source URL if it is important.
2026-05-20 05:18:44,Essex Property Trust Newsroom,Placeholder,Source URL not yet confirmed,Warning,Review or replace this source URL if it is important.
2026-05-20 05:18:44,Camden Property Trust Newsroom,Placeholder,Source URL not yet confirmed,Warning,Review or replace this source URL if it is important.
2026-05-20 05:18:44,UDR Newsroom,Placeholder,Source URL not yet confirmed,Warning,Review or replace this source URL if it is important.
2026-05-20 05:18:44,MAA Newsroom,Placeholder,Source URL not yet confirmed,Warning,Review or replace this source URL if it is important.
2026-05-20 05:18:44,Equity Residential Newsroom,Placeholder,Source URL not yet confirmed,Warning,Review or replace this source URL if it is important.
2026-05-20 05:18:44,Brookfield Real Estate,Placeholder,Source URL not yet confirmed,Warning,Review or replace this source URL if it is important.
2026-05-20 05:18:44,LA Business Journal,Placeholder,Source URL not yet confirmed,Warning,Review or replace this source URL if it is important.
2026-05-20 05:18:44,Los Angeles City Planning,Placeholder,Source URL not yet confirmed,Warning,Review or replace this source URL if it is important.
2026-05-20 05:18:44,California HCD,Placeholder,Source URL not yet confirmed,Warning,Review or replace this source URL if it is important.
2026-05-20 05:18:44,California YIMBY,Failed,RSS parsing issue,Warning,Review or replace this source URL if it is important.
2026-05-20 05:18:44,Urbanize California,Placeholder,Source URL not yet confirmed,Warning,Review or replace this source URL if it is important.
2026-05-20 05:18:44,CRE Daily,Placeholder,Source URL not yet confirmed,Warning,Review or replace this source URL if it is important.
2026-05-20 05:18:44,Institutional Property Advisors,Placeholder,Source URL not yet confirmed,Warning,Review or replace this source URL if it is important.
2026-05-20 05:18:44,JLL Newsroom,Placeholder,Source URL not yet confirmed,Warning,Review or replace this source URL if it is important.
2026-05-20 05:18:44,CBRE Newsroom,Placeholder,Source URL not yet confirmed,Warning,Review or replace this source URL if it is important.
2026-05-20 05:18:44,Cushman & Wakefield Newsroom,Placeholder,Source URL not yet confirmed,Warning,Review or replace this source URL if it is important.
2026-05-20 05:18:44,Marcus & Millichap Newsroom,Placeholder,Source URL not yet confirmed,Warning,Review or replace this source URL if it is important.
2026-05-20 05:18:44,Dallas Business Journal,Placeholder,Source URL not yet confirmed,Warning,Review or replace this source URL if it is important.
2026-05-20 05:18:44,Austin Business Journal,Placeholder,Source URL not yet confirmed,Warning,Review or replace this source URL if it is important.
2026-05-20 05:18:44,South Florida Business Journal,Placeholder,Source URL not yet confirmed,Warning,Review or replace this source URL if it is important.
2026-05-20 05:18:44,Phoenix Business Journal,Placeholder,Source URL not yet confirmed,Warning,Review or replace this source URL if it is important.
2026-05-20 05:18:44,Atlanta Business Chronicle,Placeholder,Source URL not yet confirmed,Warning,Review or replace this source URL if it is important.
2026-05-20 05:18:44,Charlotte Business Journal,Placeholder,Source URL not yet confirmed,Warning,Review or replace this source URL if it is important.
2026-05-20 05:18:44,Los Angeles Business Journal,Placeholder,Source URL not yet confirmed,Warning,Review or replace this source URL if it is important.
2026-05-20 05:18:44,San Francisco Business Times,Placeholder,Source URL not yet confirmed,Warning,Review or replace this source URL if it is important.
2026-05-20 05:18:44,Orange County Business Journal,Placeholder,Source URL not yet confirmed,Warning,Review or replace this source URL if it is important.
2026-05-20 05:18:44,Denver Business Journal,Placeholder,Source URL not yet confirmed,Warning,Review or replace this source URL if it is important.
2026-05-20 05:18:44,Nashville Business Journal,Placeholder,Source URL not yet confirmed,Warning,Review or replace this source URL if it is important.
2026-05-20 05:18:44,Greystar Source Expansion,Placeholder,Source URL not yet confirmed,Warning,Review or replace this source URL if it is important.
2026-05-20 05:18:44,Mill Creek Residential Source Expansion,Placeholder,Source URL not yet confirmed,Warning,Review or replace this source URL if it is important.
2026-05-20 05:18:44,Trammell Crow Residential Source Expansion,Placeholder,Source URL not yet confirmed,Warning,Review or replace this source URL if it is important.
2026-05-20 05:18:44,Lincoln Property Company Source Expansion,Placeholder,Source URL not yet confirmed,Warning,Review or replace this source URL if it is important.
2026-05-20 05:18:44,Fairfield Residential Source Expansion,Placeholder,Source URL not yet confirmed,Warning,Review or replace this source URL if it is important.
2026-05-20 05:18:44,Alliance Residential Source Expansion,Placeholder,Source URL not yet confirmed,Warning,Review or replace this source URL if it is important.
2026-05-20 05:18:44,Wood Partners Source Expansion,Placeholder,Source URL not yet confirmed,Warning,Review or replace this source URL if it is important.
2026-05-20 05:18:44,Hanover Company Source Expansion,Placeholder,Source URL not yet confirmed,Warning,Review or replace this source URL if it is important.
2026-05-20 05:18:44,Holland Partner Group Source Expansion,Placeholder,Source URL not yet confirmed,Warning,Review or replace this source URL if it is important.
2026-05-20 05:18:44,JPI Source Expansion,Placeholder,Source URL not yet confirmed,Warning,Review or replace this source URL if it is important.
2026-05-20 05:18:44,Kairoi Residential Source Expansion,Placeholder,Source URL not yet confirmed,Warning,Review or replace this source URL if it is important.
2026-05-20 05:18:44,AMLI Residential Source Expansion,Placeholder,Source URL not yet confirmed,Warning,Review or replace this source URL if it is important.
2026-05-20 05:18:44,Quarterra Source Expansion,Placeholder,Source URL not yet confirmed,Warning,Review or replace this source URL if it is important.
2026-05-20 05:18:44,Toll Brothers Apartment Living Source Expansion,Placeholder,Source URL not yet confirmed,Warning,Review or replace this source URL if it is important.
2026-05-20 05:18:44,AvalonBay Source Expansion,Placeholder,Source URL not yet confirmed,Warning,Review or replace this source URL if it is important.
2026-05-20 05:18:44,Camden Property Trust Source Expansion,Placeholder,Source URL not yet confirmed,Warning,Review or replace this source URL if it is important.
2026-05-20 05:18:44,MAA Source Expansion,Placeholder,Source URL not yet confirmed,Warning,Review or replace this source URL if it is important.
2026-05-20 05:18:44,UDR Source Expansion,Placeholder,Source URL not yet confirmed,Warning,Review or replace this source URL if it is important.
2026-05-20 05:18:44,Equity Residential Source Expansion,Placeholder,Source URL not yet confirmed,Warning,Review or replace this source URL if it is important.
2026-05-20 05:18:44,Essex Property Trust Source Expansion,Placeholder,Source URL not yet confirmed,Warning,Review or replace this source URL if it is important.
2026-05-20 05:18:44,Brookfield Real Estate Source Expansion,Placeholder,Source URL not yet confirmed,Warning,Review or replace this source URL if it is important.
2026-05-20 05:18:44,Kennedy Wilson Source Expansion,Placeholder,Source URL not yet confirmed,Warning,Review or replace this source URL if it is important.
2026-05-20 05:18:44,Hines Source Expansion,Failed,RSS parsing issue,Warning,Review or replace this source URL if it is important.
2026-05-20 05:18:44,GID Source Expansion,Placeholder,Source URL not yet confirmed,Warning,Review or replace this source URL if it is important.
2026-05-20 05:18:44,Waterton Source Expansion,Placeholder,Source URL not yet confirmed,Warning,Review or replace this source URL if it is important.
2026-05-20 05:18:44,Carmel Partners Source Expansion,Placeholder,Source URL not yet confirmed,Warning,Review or replace this source URL if it is important.
2026-05-20 05:18:44,CIM Group Source Expansion,Placeholder,Source URL not yet confirmed,Warning,Review or replace this source URL if it is important.
2026-05-20 05:18:44,LivCor Source Expansion,Placeholder,Source URL not yet confirmed,Warning,Review or replace this source URL if it is important.
2026-05-20 05:18:44,BGO Source Expansion,Placeholder,Source URL not yet confirmed,Warning,Review or replace this source URL if it is important.
2026-05-20 05:18:44,Harbor Group International Source Expansion,Placeholder,Source URL not yet confirmed,Warning,Review or replace this source URL if it is important.
2026-05-20 05:18:44,Starwood Capital Source Expansion,Placeholder,Source URL not yet confirmed,Warning,Review or replace this source URL if it is important.
2026-05-20 05:18:44,PGIM Real Estate Source Expansion,Placeholder,Source URL not yet confirmed,Warning,Review or replace this source URL if it is important.
2026-05-20 05:18:44,Nuveen Real Estate Source Expansion,Placeholder,Source URL not yet confirmed,Warning,Review or replace this source URL if it is important.
2026-05-20 05:18:44,KKR Real Estate Source Expansion,Placeholder,Source URL not yet confirmed,Warning,Review or replace this source URL if it is important.
2026-05-20 05:18:44,Carlyle Real Estate Source Expansion,Placeholder,Source URL not yet confirmed,Warning,Review or replace this source URL if it is important.
2026-05-20 05:18:44,Apollo Real Estate Source Expansion,Placeholder,Source URL not yet confirmed,Warning,Review or replace this source URL if it is important.
2026-05-20 05:18:44,Invitation Homes Source Expansion,Placeholder,Source URL not yet confirmed,Warning,Review or replace this source URL if it is important.
2026-05-20 05:18:44,American Homes 4 Rent Source Expansion,Placeholder,Source URL not yet confirmed,Warning,Review or replace this source URL if it is important.
2026-05-20 05:18:44,Progress Residential Source Expansion,Placeholder,Source URL not yet confirmed,Warning,Review or replace this source URL if it is important.
2026-05-20 05:18:44,Tricon Residential Source Expansion,Placeholder,Source URL not yet confirmed,Warning,Review or replace this source URL if it is important.
2026-05-20 05:18:44,Pretium Source Expansion,Placeholder,Source URL not yet confirmed,Warning,Review or replace this source URL if it is important.
2026-05-20 05:18:44,NexMetro Communities Source Expansion,Placeholder,Source URL not yet confirmed,Warning,Review or replace this source URL if it is important.
2026-05-20 05:18:44,Christopher Todd Communities Source Expansion,Placeholder,Source URL not yet confirmed,Warning,Review or replace this source URL if it is important.
2026-05-20 05:18:44,BB Living Source Expansion,Placeholder,Source URL not yet confirmed,Warning,Review or replace this source URL if it is important.
2026-05-20 05:18:44,AHV Communities Source Expansion,Placeholder,Source URL not yet confirmed,Warning,Review or replace this source URL if it is important.
2026-05-20 05:18:44,Quinn Residences Source Expansion,Placeholder,Source URL not yet confirmed,Warning,Review or replace this source URL if it is important.
2026-05-20 05:18:44,Core Spaces Source Expansion,Placeholder,Source URL not yet confirmed,Warning,Review or replace this source URL if it is important.
2026-05-20 05:18:44,Landmark Properties Source Expansion,Placeholder,Source URL not yet confirmed,Warning,Review or replace this source URL if it is important.
2026-05-20 05:18:44,The Dinerstein Companies Source Expansion,Placeholder,Source URL not yet confirmed,Warning,Review or replace this source URL if it is important.
2026-05-20 05:18:44,LV Collective Source Expansion,Placeholder,Source URL not yet confirmed,Warning,Review or replace this source URL if it is important.
2026-05-20 05:18:44,CA Ventures Source Expansion,Placeholder,Source URL not yet confirmed,Warning,Review or replace this source URL if it is important.
2026-05-20 05:18:44,Gilbane Development Source Expansion,Placeholder,Source URL not yet confirmed,Warning,Review or replace this source URL if it is important.
2026-05-20 05:18:44,Harrison Street Source Expansion,Placeholder,Source URL not yet confirmed,Warning,Review or replace this source URL if it is important.
2026-05-20 05:18:44,Scion Group Source Expansion,Placeholder,Source URL not yet confirmed,Warning,Review or replace this source URL if it is important.
2026-05-20 05:18:44,American Campus Communities Source Expansion,Placeholder,Source URL not yet confirmed,Warning,Review or replace this source URL if it is important.
2026-05-20 05:18:44,Welltower Source Expansion,Placeholder,Source URL not yet confirmed,Warning,Review or replace this source URL if it is important.
2026-05-20 05:18:44,Ventas Source Expansion,Placeholder,Source URL not yet confirmed,Warning,Review or replace this source URL if it is important.
2026-05-20 05:18:44,Brookdale Source Expansion,Placeholder,Source URL not yet confirmed,Warning,Review or replace this source URL if it is important.
2026-05-20 05:18:44,Atria Senior Living Source Expansion,Placeholder,Source URL not yet confirmed,Warning,Review or replace this source URL if it is important.
2026-05-20 05:18:44,Sunrise Senior Living Source Expansion,Placeholder,Source URL not yet confirmed,Warning,Review or replace this source URL if it is important.
2026-05-20 05:18:44,Erickson Senior Living Source Expansion,Placeholder,Source URL not yet confirmed,Warning,Review or replace this source URL if it is important.
2026-05-20 05:18:44,Discovery Senior Living Source Expansion,Placeholder,Source URL not yet confirmed,Warning,Review or replace this source URL if it is important.
2026-05-20 05:18:44,Bridge Investment Group Source Expansion,Placeholder,Source URL not yet confirmed,Warning,Review or replace this source URL if it is important.
2026-05-20 05:18:44,Avenue Development Source Expansion,Placeholder,Source URL not yet confirmed,Warning,Review or replace this source URL if it is important.
2026-05-20 05:18:44,Sparrow Partners Source Expansion,Placeholder,Source URL not yet confirmed,Warning,Review or replace this source URL if it is important.
2026-05-20 05:18:44,Greystone Source Expansion,Placeholder,Source URL not yet confirmed,Warning,Review or replace this source URL if it is important.
2026-05-20 05:18:44,Berkadia Source Expansion,Failed,RSS parsing issue,Warning,Review or replace this source URL if it is important.
2026-05-20 05:18:44,Walker & Dunlop Source Expansion,Failed,RSS parsing issue,Warning,Review or replace this source URL if it is important.
2026-05-20 05:18:44,CBRE Capital Markets Source Expansion,Placeholder,Source URL not yet confirmed,Warning,Review or replace this source URL if it is important.
2026-05-20 05:18:44,JLL Capital Markets Source Expansion,Placeholder,Source URL not yet confirmed,Warning,Review or replace this source URL if it is important.
2026-05-20 05:18:44,Cushman & Wakefield Source Expansion,Placeholder,Source URL not yet confirmed,Warning,Review or replace this source URL if it is important.
2026-05-20 05:18:44,Newmark Source Expansion,Placeholder,Source URL not yet confirmed,Warning,Review or replace this source URL if it is important.
2026-05-20 05:18:44,Eastdil Secured Source Expansion,Placeholder,Source URL not yet confirmed,Warning,Review or replace this source URL if it is important.
2026-05-20 05:18:44,Northmarq Source Expansion,Placeholder,Source URL not yet confirmed,Warning,Review or replace this source URL if it is important.
2026-05-20 05:18:44,Marcus & Millichap Capital Corporation Source Expansion,Placeholder,Source URL not yet confirmed,Warning,Review or replace this source URL if it is important.
2026-05-20 05:18:44,Freddie Mac Multifamily Source Expansion,Placeholder,Source URL not yet confirmed,Warning,Review or replace this source URL if it is important.
2026-05-20 05:18:44,Fannie Mae Multifamily Source Expansion,Placeholder,Source URL not yet confirmed,Warning,Review or replace this source URL if it is important.
2026-05-20 23:01:54,Multi-Housing News,Failed,RSS parsing issue,Warning,Review or replace this source URL if it is important.
2026-05-20 23:01:54,GlobeSt,Failed,RSS parsing issue,Warning,Review or replace this source URL if it is important.
2026-05-20 23:01:54,The Real Deal,Failed,RSS parsing issue,Warning,Review or replace this source URL if it is important.
2026-05-20 23:01:54,PERE,Placeholder,Source URL not yet confirmed,Warning,Review or replace this source URL if it is important.
2026-05-20 23:01:54,Urban Land Institute,Failed,RSS parsing issue,Warning,Review or replace this source URL if it is important.
2026-05-20 23:01:54,NMHC News,Failed,RSS parsing issue,Warning,Review or replace this source URL if it is important.
2026-05-20 23:01:54,Freddie Mac Multifamily,Placeholder,Source URL not yet confirmed,Warning,Review or replace this source URL if it is important.
2026-05-20 23:01:54,Fannie Mae Multifamily,Placeholder,Source URL not yet confirmed,Warning,Review or replace this source URL if it is important.
2026-05-20 23:01:54,MBA Commercial / Multifamily,Placeholder,Source URL not yet confirmed,Warning,Review or replace this source URL if it is important.
2026-05-20 23:01:54,Walker & Dunlop Insights,Failed,RSS parsing issue,Warning,Review or replace this source URL if it is important.
2026-05-20 23:01:54,Berkadia Research,Failed,RSS parsing issue,Warning,Review or replace this source URL if it is important.
2026-05-20 23:01:54,CBRE Multifamily / Living Sector,Placeholder,Source URL not yet confirmed,Warning,Review or replace this source URL if it is important.
2026-05-20 23:01:54,JLL Living / Multifamily,Placeholder,Source URL not yet confirmed,Warning,Review or replace this source URL if it is important.
2026-05-20 23:01:54,Cushman & Wakefield Multifamily,Placeholder,Source URL not yet confirmed,Warning,Review or replace this source URL if it is important.
2026-05-20 23:01:54,Marcus & Millichap Research,Placeholder,Source URL not yet confirmed,Warning,Review or replace this source URL if it is important.
2026-05-20 23:01:54,Greystar Newsroom,Placeholder,Source URL not yet confirmed,Warning,Review or replace this source URL if it is important.
2026-05-20 23:01:54,Kennedy Wilson Newsroom,Placeholder,Source URL not yet confirmed,Warning,Review or replace this source URL if it is important.
2026-05-20 23:01:54,Related Companies Newsroom,Placeholder,Source URL not yet confirmed,Warning,Review or replace this source URL if it is important.
2026-05-20 23:01:54,Related California Newsroom,Placeholder,Source URL not yet confirmed,Warning,Review or replace this source URL if it is important.
2026-05-20 23:01:54,Hines Newsroom,Failed,RSS parsing issue,Warning,Review or replace this source URL if it is important.
2026-05-20 23:01:54,Mill Creek Residential Newsroom,Placeholder,Source URL not yet confirmed,Warning,Review or replace this source URL if it is important.
2026-05-20 23:01:54,Trammell Crow Residential Newsroom,Placeholder,Source URL not yet confirmed,Warning,Review or replace this source URL if it is important.
2026-05-20 23:01:54,Toll Brothers Apartment Living Newsroom,Placeholder,Source URL not yet confirmed,Warning,Review or replace this source URL if it is important.
2026-05-20 23:01:54,Crescent Communities Newsroom,Placeholder,Source URL not yet confirmed,Warning,Review or replace this source URL if it is important.
2026-05-20 23:01:54,AvalonBay Newsroom,Placeholder,Source URL not yet confirmed,Warning,Review or replace this source URL if it is important.
2026-05-20 23:01:54,Essex Property Trust Newsroom,Placeholder,Source URL not yet confirmed,Warning,Review or replace this source URL if it is important.
2026-05-20 23:01:54,Camden Property Trust Newsroom,Placeholder,Source URL not yet confirmed,Warning,Review or replace this source URL if it is important.
2026-05-20 23:01:54,UDR Newsroom,Placeholder,Source URL not yet confirmed,Warning,Review or replace this source URL if it is important.
2026-05-20 23:01:54,MAA Newsroom,Placeholder,Source URL not yet confirmed,Warning,Review or replace this source URL if it is important.
2026-05-20 23:01:54,Equity Residential Newsroom,Placeholder,Source URL not yet confirmed,Warning,Review or replace this source URL if it is important.
2026-05-20 23:01:54,Brookfield Real Estate,Placeholder,Source URL not yet confirmed,Warning,Review or replace this source URL if it is important.
2026-05-20 23:01:54,LA Business Journal,Placeholder,Source URL not yet confirmed,Warning,Review or replace this source URL if it is important.
2026-05-20 23:01:54,Los Angeles City Planning,Placeholder,Source URL not yet confirmed,Warning,Review or replace this source URL if it is important.
2026-05-20 23:01:54,California HCD,Placeholder,Source URL not yet confirmed,Warning,Review or replace this source URL if it is important.
2026-05-20 23:01:54,California YIMBY,Failed,RSS parsing issue,Warning,Review or replace this source URL if it is important.
2026-05-20 23:01:54,Urbanize California,Placeholder,Source URL not yet confirmed,Warning,Review or replace this source URL if it is important.
2026-05-20 23:01:54,CRE Daily,Placeholder,Source URL not yet confirmed,Warning,Review or replace this source URL if it is important.
2026-05-20 23:01:54,Institutional Property Advisors,Placeholder,Source URL not yet confirmed,Warning,Review or replace this source URL if it is important.
2026-05-20 23:01:54,JLL Newsroom,Placeholder,Source URL not yet confirmed,Warning,Review or replace this source URL if it is important.
2026-05-20 23:01:54,CBRE Newsroom,Placeholder,Source URL not yet confirmed,Warning,Review or replace this source URL if it is important.
2026-05-20 23:01:54,Cushman & Wakefield Newsroom,Placeholder,Source URL not yet confirmed,Warning,Review or replace this source URL if it is important.
2026-05-20 23:01:54,Marcus & Millichap Newsroom,Placeholder,Source URL not yet confirmed,Warning,Review or replace this source URL if it is important.
2026-05-20 23:01:54,Dallas Business Journal,Placeholder,Source URL not yet confirmed,Warning,Review or replace this source URL if it is important.
2026-05-20 23:01:54,Austin Business Journal,Placeholder,Source URL not yet confirmed,Warning,Review or replace this source URL if it is important.
2026-05-20 23:01:54,South Florida Business Journal,Placeholder,Source URL not yet confirmed,Warning,Review or replace this source URL if it is important.
2026-05-20 23:01:54,Phoenix Business Journal,Placeholder,Source URL not yet confirmed,Warning,Review or replace this source URL if it is important.
2026-05-20 23:01:54,Atlanta Business Chronicle,Placeholder,Source URL not yet confirmed,Warning,Review or replace this source URL if it is important.
2026-05-20 23:01:54,Charlotte Business Journal,Placeholder,Source URL not yet confirmed,Warning,Review or replace this source URL if it is important.
2026-05-20 23:01:54,Los Angeles Business Journal,Placeholder,Source URL not yet confirmed,Warning,Review or replace this source URL if it is important.
2026-05-20 23:01:54,San Francisco Business Times,Placeholder,Source URL not yet confirmed,Warning,Review or replace this source URL if it is important.
2026-05-20 23:01:54,Orange County Business Journal,Placeholder,Source URL not yet confirmed,Warning,Review or replace this source URL if it is important.
2026-05-20 23:01:54,Denver Business Journal,Placeholder,Source URL not yet confirmed,Warning,Review or replace this source URL if it is important.
2026-05-20 23:01:54,Nashville Business Journal,Placeholder,Source URL not yet confirmed,Warning,Review or replace this source URL if it is important.
2026-05-20 23:01:54,Greystar Source Expansion,Placeholder,Source URL not yet confirmed,Warning,Review or replace this source URL if it is important.
2026-05-20 23:01:54,Mill Creek Residential Source Expansion,Placeholder,Source URL not yet confirmed,Warning,Review or replace this source URL if it is important.
2026-05-20 23:01:54,Trammell Crow Residential Source Expansion,Placeholder,Source URL not yet confirmed,Warning,Review or replace this source URL if it is important.
2026-05-20 23:01:54,Lincoln Property Company Source Expansion,Placeholder,Source URL not yet confirmed,Warning,Review or replace this source URL if it is important.
2026-05-20 23:01:54,Fairfield Residential Source Expansion,Placeholder,Source URL not yet confirmed,Warning,Review or replace this source URL if it is important.
2026-05-20 23:01:54,Alliance Residential Source Expansion,Placeholder,Source URL not yet confirmed,Warning,Review or replace this source URL if it is important.
2026-05-20 23:01:54,Wood Partners Source Expansion,Placeholder,Source URL not yet confirmed,Warning,Review or replace this source URL if it is important.
2026-05-20 23:01:54,Hanover Company Source Expansion,Placeholder,Source URL not yet confirmed,Warning,Review or replace this source URL if it is important.
2026-05-20 23:01:54,Holland Partner Group Source Expansion,Placeholder,Source URL not yet confirmed,Warning,Review or replace this source URL if it is important.
2026-05-20 23:01:54,JPI Source Expansion,Placeholder,Source URL not yet confirmed,Warning,Review or replace this source URL if it is important.
2026-05-20 23:01:54,Kairoi Residential Source Expansion,Placeholder,Source URL not yet confirmed,Warning,Review or replace this source URL if it is important.
2026-05-20 23:01:54,AMLI Residential Source Expansion,Placeholder,Source URL not yet confirmed,Warning,Review or replace this source URL if it is important.
2026-05-20 23:01:54,Quarterra Source Expansion,Placeholder,Source URL not yet confirmed,Warning,Review or replace this source URL if it is important.
2026-05-20 23:01:54,Toll Brothers Apartment Living Source Expansion,Placeholder,Source URL not yet confirmed,Warning,Review or replace this source URL if it is important.
2026-05-20 23:01:54,AvalonBay Source Expansion,Placeholder,Source URL not yet confirmed,Warning,Review or replace this source URL if it is important.
2026-05-20 23:01:54,Camden Property Trust Source Expansion,Placeholder,Source URL not yet confirmed,Warning,Review or replace this source URL if it is important.
2026-05-20 23:01:54,MAA Source Expansion,Placeholder,Source URL not yet confirmed,Warning,Review or replace this source URL if it is important.
2026-05-20 23:01:54,UDR Source Expansion,Placeholder,Source URL not yet confirmed,Warning,Review or replace this source URL if it is important.
2026-05-20 23:01:54,Equity Residential Source Expansion,Placeholder,Source URL not yet confirmed,Warning,Review or replace this source URL if it is important.
2026-05-20 23:01:54,Essex Property Trust Source Expansion,Placeholder,Source URL not yet confirmed,Warning,Review or replace this source URL if it is important.
2026-05-20 23:01:54,Brookfield Real Estate Source Expansion,Placeholder,Source URL not yet confirmed,Warning,Review or replace this source URL if it is important.
2026-05-20 23:01:54,Kennedy Wilson Source Expansion,Placeholder,Source URL not yet confirmed,Warning,Review or replace this source URL if it is important.
2026-05-20 23:01:54,Hines Source Expansion,Failed,RSS parsing issue,Warning,Review or replace this source URL if it is important.
2026-05-20 23:01:54,GID Source Expansion,Placeholder,Source URL not yet confirmed,Warning,Review or replace this source URL if it is important.
2026-05-20 23:01:54,Waterton Source Expansion,Placeholder,Source URL not yet confirmed,Warning,Review or replace this source URL if it is important.
2026-05-20 23:01:54,Carmel Partners Source Expansion,Placeholder,Source URL not yet confirmed,Warning,Review or replace this source URL if it is important.
2026-05-20 23:01:54,CIM Group Source Expansion,Placeholder,Source URL not yet confirmed,Warning,Review or replace this source URL if it is important.
2026-05-20 23:01:54,LivCor Source Expansion,Placeholder,Source URL not yet confirmed,Warning,Review or replace this source URL if it is important.
2026-05-20 23:01:54,BGO Source Expansion,Placeholder,Source URL not yet confirmed,Warning,Review or replace this source URL if it is important.
2026-05-20 23:01:54,Harbor Group International Source Expansion,Placeholder,Source URL not yet confirmed,Warning,Review or replace this source URL if it is important.
2026-05-20 23:01:54,Starwood Capital Source Expansion,Placeholder,Source URL not yet confirmed,Warning,Review or replace this source URL if it is important.
2026-05-20 23:01:54,PGIM Real Estate Source Expansion,Placeholder,Source URL not yet confirmed,Warning,Review or replace this source URL if it is important.
2026-05-20 23:01:54,Nuveen Real Estate Source Expansion,Placeholder,Source URL not yet confirmed,Warning,Review or replace this source URL if it is important.
2026-05-20 23:01:54,KKR Real Estate Source Expansion,Placeholder,Source URL not yet confirmed,Warning,Review or replace this source URL if it is important.
2026-05-20 23:01:54,Carlyle Real Estate Source Expansion,Placeholder,Source URL not yet confirmed,Warning,Review or replace this source URL if it is important.
2026-05-20 23:01:54,Apollo Real Estate Source Expansion,Placeholder,Source URL not yet confirmed,Warning,Review or replace this source URL if it is important.
2026-05-20 23:01:54,Invitation Homes Source Expansion,Placeholder,Source URL not yet confirmed,Warning,Review or replace this source URL if it is important.
2026-05-20 23:01:54,American Homes 4 Rent Source Expansion,Placeholder,Source URL not yet confirmed,Warning,Review or replace this source URL if it is important.
2026-05-20 23:01:54,Progress Residential Source Expansion,Placeholder,Source URL not yet confirmed,Warning,Review or replace this source URL if it is important.
2026-05-20 23:01:54,Tricon Residential Source Expansion,Placeholder,Source URL not yet confirmed,Warning,Review or replace this source URL if it is important.
2026-05-20 23:01:54,Pretium Source Expansion,Placeholder,Source URL not yet confirmed,Warning,Review or replace this source URL if it is important.
2026-05-20 23:01:54,NexMetro Communities Source Expansion,Placeholder,Source URL not yet confirmed,Warning,Review or replace this source URL if it is important.
2026-05-20 23:01:54,Christopher Todd Communities Source Expansion,Placeholder,Source URL not yet confirmed,Warning,Review or replace this source URL if it is important.
2026-05-20 23:01:54,BB Living Source Expansion,Placeholder,Source URL not yet confirmed,Warning,Review or replace this source URL if it is important.
2026-05-20 23:01:54,AHV Communities Source Expansion,Placeholder,Source URL not yet confirmed,Warning,Review or replace this source URL if it is important.
2026-05-20 23:01:54,Quinn Residences Source Expansion,Placeholder,Source URL not yet confirmed,Warning,Review or replace this source URL if it is important.
2026-05-20 23:01:54,Core Spaces Source Expansion,Placeholder,Source URL not yet confirmed,Warning,Review or replace this source URL if it is important.
2026-05-20 23:01:54,Landmark Properties Source Expansion,Placeholder,Source URL not yet confirmed,Warning,Review or replace this source URL if it is important.
2026-05-20 23:01:54,The Dinerstein Companies Source Expansion,Placeholder,Source URL not yet confirmed,Warning,Review or replace this source URL if it is important.
2026-05-20 23:01:54,LV Collective Source Expansion,Placeholder,Source URL not yet confirmed,Warning,Review or replace this source URL if it is important.
2026-05-20 23:01:54,CA Ventures Source Expansion,Placeholder,Source URL not yet confirmed,Warning,Review or replace this source URL if it is important.
2026-05-20 23:01:54,Gilbane Development Source Expansion,Placeholder,Source URL not yet confirmed,Warning,Review or replace this source URL if it is important.
2026-05-20 23:01:54,Harrison Street Source Expansion,Placeholder,Source URL not yet confirmed,Warning,Review or replace this source URL if it is important.
2026-05-20 23:01:54,Scion Group Source Expansion,Placeholder,Source URL not yet confirmed,Warning,Review or replace this source URL if it is important.
2026-05-20 23:01:54,American Campus Communities Source Expansion,Placeholder,Source URL not yet confirmed,Warning,Review or replace this source URL if it is important.
2026-05-20 23:01:54,Welltower Source Expansion,Placeholder,Source URL not yet confirmed,Warning,Review or replace this source URL if it is important.
2026-05-20 23:01:54,Ventas Source Expansion,Placeholder,Source URL not yet confirmed,Warning,Review or replace this source URL if it is important.
2026-05-20 23:01:54,Brookdale Source Expansion,Placeholder,Source URL not yet confirmed,Warning,Review or replace this source URL if it is important.
2026-05-20 23:01:54,Atria Senior Living Source Expansion,Placeholder,Source URL not yet confirmed,Warning,Review or replace this source URL if it is important.
2026-05-20 23:01:54,Sunrise Senior Living Source Expansion,Placeholder,Source URL not yet confirmed,Warning,Review or replace this source URL if it is important.
2026-05-20 23:01:54,Erickson Senior Living Source Expansion,Placeholder,Source URL not yet confirmed,Warning,Review or replace this source URL if it is important.
2026-05-20 23:01:54,Discovery Senior Living Source Expansion,Placeholder,Source URL not yet confirmed,Warning,Review or replace this source URL if it is important.
2026-05-20 23:01:54,Bridge Investment Group Source Expansion,Placeholder,Source URL not yet confirmed,Warning,Review or replace this source URL if it is important.
2026-05-20 23:01:54,Avenue Development Source Expansion,Placeholder,Source URL not yet confirmed,Warning,Review or replace this source URL if it is important.
2026-05-20 23:01:54,Sparrow Partners Source Expansion,Placeholder,Source URL not yet confirmed,Warning,Review or replace this source URL if it is important.
2026-05-20 23:01:54,Greystone Source Expansion,Placeholder,Source URL not yet confirmed,Warning,Review or replace this source URL if it is important.
2026-05-20 23:01:54,Berkadia Source Expansion,Failed,RSS parsing issue,Warning,Review or replace this source URL if it is important.
2026-05-20 23:01:54,Walker & Dunlop Source Expansion,Failed,RSS parsing issue,Warning,Review or replace this source URL if it is important.
2026-05-20 23:01:54,CBRE Capital Markets Source Expansion,Placeholder,Source URL not yet confirmed,Warning,Review or replace this source URL if it is important.
2026-05-20 23:01:54,JLL Capital Markets Source Expansion,Placeholder,Source URL not yet confirmed,Warning,Review or replace this source URL if it is important.
2026-05-20 23:01:54,Cushman & Wakefield Source Expansion,Placeholder,Source URL not yet confirmed,Warning,Review or replace this source URL if it is important.
2026-05-20 23:01:54,Newmark Source Expansion,Placeholder,Source URL not yet confirmed,Warning,Review or replace this source URL if it is important.
2026-05-20 23:01:54,Eastdil Secured Source Expansion,Placeholder,Source URL not yet confirmed,Warning,Review or replace this source URL if it is important.
2026-05-20 23:01:54,Northmarq Source Expansion,Placeholder,Source URL not yet confirmed,Warning,Review or replace this source URL if it is important.
2026-05-20 23:01:54,Marcus & Millichap Capital Corporation Source Expansion,Placeholder,Source URL not yet confirmed,Warning,Review or replace this source URL if it is important.
2026-05-20 23:01:54,Freddie Mac Multifamily Source Expansion,Placeholder,Source URL not yet confirmed,Warning,Review or replace this source URL if it is important.
2026-05-20 23:01:54,Fannie Mae Multifamily Source Expansion,Placeholder,Source URL not yet confirmed,Warning,Review or replace this source URL if it is important.
2026-05-21 23:01:48,Multi-Housing News,Failed,RSS parsing issue,Warning,Review or replace this source URL if it is important.
2026-05-21 23:01:48,GlobeSt,Failed,RSS parsing issue,Warning,Review or replace this source URL if it is important.
2026-05-21 23:01:48,The Real Deal,Failed,RSS parsing issue,Warning,Review or replace this source URL if it is important.
2026-05-21 23:01:48,PERE,Placeholder,Source URL not yet confirmed,Warning,Review or replace this source URL if it is important.
2026-05-21 23:01:48,Urban Land Institute,Failed,RSS parsing issue,Warning,Review or replace this source URL if it is important.
2026-05-21 23:01:48,NMHC News,Failed,RSS parsing issue,Warning,Review or replace this source URL if it is important.
2026-05-21 23:01:48,Freddie Mac Multifamily,Placeholder,Source URL not yet confirmed,Warning,Review or replace this source URL if it is important.
2026-05-21 23:01:48,Fannie Mae Multifamily,Placeholder,Source URL not yet confirmed,Warning,Review or replace this source URL if it is important.
2026-05-21 23:01:48,MBA Commercial / Multifamily,Placeholder,Source URL not yet confirmed,Warning,Review or replace this source URL if it is important.
2026-05-21 23:01:48,Walker & Dunlop Insights,Failed,RSS parsing issue,Warning,Review or replace this source URL if it is important.
2026-05-21 23:01:48,Berkadia Research,Failed,RSS parsing issue,Warning,Review or replace this source URL if it is important.
2026-05-21 23:01:48,CBRE Multifamily / Living Sector,Placeholder,Source URL not yet confirmed,Warning,Review or replace this source URL if it is important.
2026-05-21 23:01:48,JLL Living / Multifamily,Placeholder,Source URL not yet confirmed,Warning,Review or replace this source URL if it is important.
2026-05-21 23:01:48,Cushman & Wakefield Multifamily,Placeholder,Source URL not yet confirmed,Warning,Review or replace this source URL if it is important.
2026-05-21 23:01:48,Marcus & Millichap Research,Placeholder,Source URL not yet confirmed,Warning,Review or replace this source URL if it is important.
2026-05-21 23:01:48,Greystar Newsroom,Placeholder,Source URL not yet confirmed,Warning,Review or replace this source URL if it is important.
2026-05-21 23:01:48,Kennedy Wilson Newsroom,Placeholder,Source URL not yet confirmed,Warning,Review or replace this source URL if it is important.
2026-05-21 23:01:48,Related Companies Newsroom,Placeholder,Source URL not yet confirmed,Warning,Review or replace this source URL if it is important.
2026-05-21 23:01:48,Related California Newsroom,Placeholder,Source URL not yet confirmed,Warning,Review or replace this source URL if it is important.
2026-05-21 23:01:48,Hines Newsroom,Failed,RSS parsing issue,Warning,Review or replace this source URL if it is important.
2026-05-21 23:01:48,Mill Creek Residential Newsroom,Placeholder,Source URL not yet confirmed,Warning,Review or replace this source URL if it is important.
2026-05-21 23:01:48,Trammell Crow Residential Newsroom,Placeholder,Source URL not yet confirmed,Warning,Review or replace this source URL if it is important.
2026-05-21 23:01:48,Toll Brothers Apartment Living Newsroom,Placeholder,Source URL not yet confirmed,Warning,Review or replace this source URL if it is important.
2026-05-21 23:01:48,Crescent Communities Newsroom,Placeholder,Source URL not yet confirmed,Warning,Review or replace this source URL if it is important.
2026-05-21 23:01:48,AvalonBay Newsroom,Placeholder,Source URL not yet confirmed,Warning,Review or replace this source URL if it is important.
2026-05-21 23:01:48,Essex Property Trust Newsroom,Placeholder,Source URL not yet confirmed,Warning,Review or replace this source URL if it is important.
2026-05-21 23:01:48,Camden Property Trust Newsroom,Placeholder,Source URL not yet confirmed,Warning,Review or replace this source URL if it is important.
2026-05-21 23:01:48,UDR Newsroom,Placeholder,Source URL not yet confirmed,Warning,Review or replace this source URL if it is important.
2026-05-21 23:01:48,MAA Newsroom,Placeholder,Source URL not yet confirmed,Warning,Review or replace this source URL if it is important.
2026-05-21 23:01:48,Equity Residential Newsroom,Placeholder,Source URL not yet confirmed,Warning,Review or replace this source URL if it is important.
2026-05-21 23:01:48,Brookfield Real Estate,Placeholder,Source URL not yet confirmed,Warning,Review or replace this source URL if it is important.
2026-05-21 23:01:48,LA Business Journal,Placeholder,Source URL not yet confirmed,Warning,Review or replace this source URL if it is important.
2026-05-21 23:01:48,Los Angeles City Planning,Placeholder,Source URL not yet confirmed,Warning,Review or replace this source URL if it is important.
2026-05-21 23:01:48,California HCD,Placeholder,Source URL not yet confirmed,Warning,Review or replace this source URL if it is important.
2026-05-21 23:01:48,California YIMBY,Failed,RSS parsing issue,Warning,Review or replace this source URL if it is important.
2026-05-21 23:01:48,Urbanize California,Placeholder,Source URL not yet confirmed,Warning,Review or replace this source URL if it is important.
2026-05-21 23:01:48,CRE Daily,Placeholder,Source URL not yet confirmed,Warning,Review or replace this source URL if it is important.
2026-05-21 23:01:48,Institutional Property Advisors,Placeholder,Source URL not yet confirmed,Warning,Review or replace this source URL if it is important.
2026-05-21 23:01:48,JLL Newsroom,Placeholder,Source URL not yet confirmed,Warning,Review or replace this source URL if it is important.
2026-05-21 23:01:48,CBRE Newsroom,Placeholder,Source URL not yet confirmed,Warning,Review or replace this source URL if it is important.
2026-05-21 23:01:48,Cushman & Wakefield Newsroom,Placeholder,Source URL not yet confirmed,Warning,Review or replace this source URL if it is important.
2026-05-21 23:01:48,Marcus & Millichap Newsroom,Placeholder,Source URL not yet confirmed,Warning,Review or replace this source URL if it is important.
2026-05-21 23:01:48,Dallas Business Journal,Placeholder,Source URL not yet confirmed,Warning,Review or replace this source URL if it is important.
2026-05-21 23:01:48,Austin Business Journal,Placeholder,Source URL not yet confirmed,Warning,Review or replace this source URL if it is important.
2026-05-21 23:01:48,South Florida Business Journal,Placeholder,Source URL not yet confirmed,Warning,Review or replace this source URL if it is important.
2026-05-21 23:01:48,Phoenix Business Journal,Placeholder,Source URL not yet confirmed,Warning,Review or replace this source URL if it is important.
2026-05-21 23:01:48,Atlanta Business Chronicle,Placeholder,Source URL not yet confirmed,Warning,Review or replace this source URL if it is important.
2026-05-21 23:01:48,Charlotte Business Journal,Placeholder,Source URL not yet confirmed,Warning,Review or replace this source URL if it is important.
2026-05-21 23:01:48,Los Angeles Business Journal,Placeholder,Source URL not yet confirmed,Warning,Review or replace this source URL if it is important.
2026-05-21 23:01:48,San Francisco Business Times,Placeholder,Source URL not yet confirmed,Warning,Review or replace this source URL if it is important.
2026-05-21 23:01:48,Orange County Business Journal,Placeholder,Source URL not yet confirmed,Warning,Review or replace this source URL if it is important.
2026-05-21 23:01:48,Denver Business Journal,Placeholder,Source URL not yet confirmed,Warning,Review or replace this source URL if it is important.
2026-05-21 23:01:48,Nashville Business Journal,Placeholder,Source URL not yet confirmed,Warning,Review or replace this source URL if it is important.
2026-05-21 23:01:48,Greystar Source Expansion,Placeholder,Source URL not yet confirmed,Warning,Review or replace this source URL if it is important.
2026-05-21 23:01:48,Mill Creek Residential Source Expansion,Placeholder,Source URL not yet confirmed,Warning,Review or replace this source URL if it is important.
2026-05-21 23:01:48,Trammell Crow Residential Source Expansion,Placeholder,Source URL not yet confirmed,Warning,Review or replace this source URL if it is important.
2026-05-21 23:01:48,Lincoln Property Company Source Expansion,Placeholder,Source URL not yet confirmed,Warning,Review or replace this source URL if it is important.
2026-05-21 23:01:48,Fairfield Residential Source Expansion,Placeholder,Source URL not yet confirmed,Warning,Review or replace this source URL if it is important.
2026-05-21 23:01:48,Alliance Residential Source Expansion,Placeholder,Source URL not yet confirmed,Warning,Review or replace this source URL if it is important.
2026-05-21 23:01:48,Wood Partners Source Expansion,Placeholder,Source URL not yet confirmed,Warning,Review or replace this source URL if it is important.
2026-05-21 23:01:48,Hanover Company Source Expansion,Placeholder,Source URL not yet confirmed,Warning,Review or replace this source URL if it is important.
2026-05-21 23:01:48,Holland Partner Group Source Expansion,Placeholder,Source URL not yet confirmed,Warning,Review or replace this source URL if it is important.
2026-05-21 23:01:48,JPI Source Expansion,Placeholder,Source URL not yet confirmed,Warning,Review or replace this source URL if it is important.
2026-05-21 23:01:48,Kairoi Residential Source Expansion,Placeholder,Source URL not yet confirmed,Warning,Review or replace this source URL if it is important.
2026-05-21 23:01:48,AMLI Residential Source Expansion,Placeholder,Source URL not yet confirmed,Warning,Review or replace this source URL if it is important.
2026-05-21 23:01:48,Quarterra Source Expansion,Placeholder,Source URL not yet confirmed,Warning,Review or replace this source URL if it is important.
2026-05-21 23:01:48,Toll Brothers Apartment Living Source Expansion,Placeholder,Source URL not yet confirmed,Warning,Review or replace this source URL if it is important.
2026-05-21 23:01:48,AvalonBay Source Expansion,Placeholder,Source URL not yet confirmed,Warning,Review or replace this source URL if it is important.
2026-05-21 23:01:48,Camden Property Trust Source Expansion,Placeholder,Source URL not yet confirmed,Warning,Review or replace this source URL if it is important.
2026-05-21 23:01:48,MAA Source Expansion,Placeholder,Source URL not yet confirmed,Warning,Review or replace this source URL if it is important.
2026-05-21 23:01:48,UDR Source Expansion,Placeholder,Source URL not yet confirmed,Warning,Review or replace this source URL if it is important.
2026-05-21 23:01:48,Equity Residential Source Expansion,Placeholder,Source URL not yet confirmed,Warning,Review or replace this source URL if it is important.
2026-05-21 23:01:48,Essex Property Trust Source Expansion,Placeholder,Source URL not yet confirmed,Warning,Review or replace this source URL if it is important.
2026-05-21 23:01:48,Brookfield Real Estate Source Expansion,Placeholder,Source URL not yet confirmed,Warning,Review or replace this source URL if it is important.
2026-05-21 23:01:48,Kennedy Wilson Source Expansion,Placeholder,Source URL not yet confirmed,Warning,Review or replace this source URL if it is important.
2026-05-21 23:01:48,Hines Source Expansion,Failed,RSS parsing issue,Warning,Review or replace this source URL if it is important.
2026-05-21 23:01:48,GID Source Expansion,Placeholder,Source URL not yet confirmed,Warning,Review or replace this source URL if it is important.
2026-05-21 23:01:48,Waterton Source Expansion,Placeholder,Source URL not yet confirmed,Warning,Review or replace this source URL if it is important.
2026-05-21 23:01:48,Carmel Partners Source Expansion,Placeholder,Source URL not yet confirmed,Warning,Review or replace this source URL if it is important.
2026-05-21 23:01:48,CIM Group Source Expansion,Placeholder,Source URL not yet confirmed,Warning,Review or replace this source URL if it is important.
2026-05-21 23:01:48,LivCor Source Expansion,Placeholder,Source URL not yet confirmed,Warning,Review or replace this source URL if it is important.
2026-05-21 23:01:48,BGO Source Expansion,Placeholder,Source URL not yet confirmed,Warning,Review or replace this source URL if it is important.
2026-05-21 23:01:48,Harbor Group International Source Expansion,Placeholder,Source URL not yet confirmed,Warning,Review or replace this source URL if it is important.
2026-05-21 23:01:48,Starwood Capital Source Expansion,Placeholder,Source URL not yet confirmed,Warning,Review or replace this source URL if it is important.
2026-05-21 23:01:48,PGIM Real Estate Source Expansion,Placeholder,Source URL not yet confirmed,Warning,Review or replace this source URL if it is important.
2026-05-21 23:01:48,Nuveen Real Estate Source Expansion,Placeholder,Source URL not yet confirmed,Warning,Review or replace this source URL if it is important.
2026-05-21 23:01:48,KKR Real Estate Source Expansion,Placeholder,Source URL not yet confirmed,Warning,Review or replace this source URL if it is important.
2026-05-21 23:01:48,Carlyle Real Estate Source Expansion,Placeholder,Source URL not yet confirmed,Warning,Review or replace this source URL if it is important.
2026-05-21 23:01:48,Apollo Real Estate Source Expansion,Placeholder,Source URL not yet confirmed,Warning,Review or replace this source URL if it is important.
2026-05-21 23:01:48,Invitation Homes Source Expansion,Placeholder,Source URL not yet confirmed,Warning,Review or replace this source URL if it is important.
2026-05-21 23:01:48,American Homes 4 Rent Source Expansion,Placeholder,Source URL not yet confirmed,Warning,Review or replace this source URL if it is important.
2026-05-21 23:01:48,Progress Residential Source Expansion,Placeholder,Source URL not yet confirmed,Warning,Review or replace this source URL if it is important.
2026-05-21 23:01:48,Tricon Residential Source Expansion,Placeholder,Source URL not yet confirmed,Warning,Review or replace this source URL if it is important.
2026-05-21 23:01:48,Pretium Source Expansion,Placeholder,Source URL not yet confirmed,Warning,Review or replace this source URL if it is important.
2026-05-21 23:01:48,NexMetro Communities Source Expansion,Placeholder,Source URL not yet confirmed,Warning,Review or replace this source URL if it is important.
2026-05-21 23:01:48,Christopher Todd Communities Source Expansion,Placeholder,Source URL not yet confirmed,Warning,Review or replace this source URL if it is important.
2026-05-21 23:01:48,BB Living Source Expansion,Placeholder,Source URL not yet confirmed,Warning,Review or replace this source URL if it is important.
2026-05-21 23:01:48,AHV Communities Source Expansion,Placeholder,Source URL not yet confirmed,Warning,Review or replace this source URL if it is important.
2026-05-21 23:01:48,Quinn Residences Source Expansion,Placeholder,Source URL not yet confirmed,Warning,Review or replace this source URL if it is important.
2026-05-21 23:01:48,Core Spaces Source Expansion,Placeholder,Source URL not yet confirmed,Warning,Review or replace this source URL if it is important.
2026-05-21 23:01:48,Landmark Properties Source Expansion,Placeholder,Source URL not yet confirmed,Warning,Review or replace this source URL if it is important.
2026-05-21 23:01:48,The Dinerstein Companies Source Expansion,Placeholder,Source URL not yet confirmed,Warning,Review or replace this source URL if it is important.
2026-05-21 23:01:48,LV Collective Source Expansion,Placeholder,Source URL not yet confirmed,Warning,Review or replace this source URL if it is important.
2026-05-21 23:01:48,CA Ventures Source Expansion,Placeholder,Source URL not yet confirmed,Warning,Review or replace this source URL if it is important.
2026-05-21 23:01:48,Gilbane Development Source Expansion,Placeholder,Source URL not yet confirmed,Warning,Review or replace this source URL if it is important.
2026-05-21 23:01:48,Harrison Street Source Expansion,Placeholder,Source URL not yet confirmed,Warning,Review or replace this source URL if it is important.
2026-05-21 23:01:48,Scion Group Source Expansion,Placeholder,Source URL not yet confirmed,Warning,Review or replace this source URL if it is important.
2026-05-21 23:01:48,American Campus Communities Source Expansion,Placeholder,Source URL not yet confirmed,Warning,Review or replace this source URL if it is important.
2026-05-21 23:01:48,Welltower Source Expansion,Placeholder,Source URL not yet confirmed,Warning,Review or replace this source URL if it is important.
2026-05-21 23:01:48,Ventas Source Expansion,Placeholder,Source URL not yet confirmed,Warning,Review or replace this source URL if it is important.
2026-05-21 23:01:48,Brookdale Source Expansion,Placeholder,Source URL not yet confirmed,Warning,Review or replace this source URL if it is important.
2026-05-21 23:01:48,Atria Senior Living Source Expansion,Placeholder,Source URL not yet confirmed,Warning,Review or replace this source URL if it is important.
2026-05-21 23:01:48,Sunrise Senior Living Source Expansion,Placeholder,Source URL not yet confirmed,Warning,Review or replace this source URL if it is important.
2026-05-21 23:01:48,Erickson Senior Living Source Expansion,Placeholder,Source URL not yet confirmed,Warning,Review or replace this source URL if it is important.
2026-05-21 23:01:48,Discovery Senior Living Source Expansion,Placeholder,Source URL not yet confirmed,Warning,Review or replace this source URL if it is important.
2026-05-21 23:01:48,Bridge Investment Group Source Expansion,Placeholder,Source URL not yet confirmed,Warning,Review or replace this source URL if it is important.
2026-05-21 23:01:48,Avenue Development Source Expansion,Placeholder,Source URL not yet confirmed,Warning,Review or replace this source URL if it is important.
2026-05-21 23:01:48,Sparrow Partners Source Expansion,Placeholder,Source URL not yet confirmed,Warning,Review or replace this source URL if it is important.
2026-05-21 23:01:48,Greystone Source Expansion,Placeholder,Source URL not yet confirmed,Warning,Review or replace this source URL if it is important.
2026-05-21 23:01:48,Berkadia Source Expansion,Failed,RSS parsing issue,Warning,Review or replace this source URL if it is important.
2026-05-21 23:01:48,Walker & Dunlop Source Expansion,Failed,RSS parsing issue,Warning,Review or replace this source URL if it is important.
2026-05-21 23:01:48,CBRE Capital Markets Source Expansion,Placeholder,Source URL not yet confirmed,Warning,Review or replace this source URL if it is important.
2026-05-21 23:01:48,JLL Capital Markets Source Expansion,Placeholder,Source URL not yet confirmed,Warning,Review or replace this source URL if it is important.
2026-05-21 23:01:48,Cushman & Wakefield Source Expansion,Placeholder,Source URL not yet confirmed,Warning,Review or replace this source URL if it is important.
2026-05-21 23:01:48,Newmark Source Expansion,Placeholder,Source URL not yet confirmed,Warning,Review or replace this source URL if it is important.
2026-05-21 23:01:48,Eastdil Secured Source Expansion,Placeholder,Source URL not yet confirmed,Warning,Review or replace this source URL if it is important.
2026-05-21 23:01:48,Northmarq Source Expansion,Placeholder,Source URL not yet confirmed,Warning,Review or replace this source URL if it is important.
2026-05-21 23:01:48,Marcus & Millichap Capital Corporation Source Expansion,Placeholder,Source URL not yet confirmed,Warning,Review or replace this source URL if it is important.
2026-05-21 23:01:48,Freddie Mac Multifamily Source Expansion,Placeholder,Source URL not yet confirmed,Warning,Review or replace this source URL if it is important.
2026-05-21 23:01:48,Fannie Mae Multifamily Source Expansion,Placeholder,Source URL not yet confirmed,Warning,Review or replace this source URL if it is important.
2026-05-22 23:01:55,Multi-Housing News,Failed,RSS parsing issue,Warning,Review or replace this source URL if it is important.
2026-05-22 23:01:55,GlobeSt,Failed,RSS parsing issue,Warning,Review or replace this source URL if it is important.
2026-05-22 23:01:55,The Real Deal,Failed,RSS parsing issue,Warning,Review or replace this source URL if it is important.
2026-05-22 23:01:55,PERE,Placeholder,Source URL not yet confirmed,Warning,Review or replace this source URL if it is important.
2026-05-22 23:01:55,Urban Land Institute,Failed,RSS parsing issue,Warning,Review or replace this source URL if it is important.
2026-05-22 23:01:55,NMHC News,Failed,RSS parsing issue,Warning,Review or replace this source URL if it is important.
2026-05-22 23:01:55,Freddie Mac Multifamily,Placeholder,Source URL not yet confirmed,Warning,Review or replace this source URL if it is important.
2026-05-22 23:01:55,Fannie Mae Multifamily,Placeholder,Source URL not yet confirmed,Warning,Review or replace this source URL if it is important.
2026-05-22 23:01:55,MBA Commercial / Multifamily,Placeholder,Source URL not yet confirmed,Warning,Review or replace this source URL if it is important.
2026-05-22 23:01:55,Walker & Dunlop Insights,Failed,RSS parsing issue,Warning,Review or replace this source URL if it is important.
2026-05-22 23:01:55,Berkadia Research,Failed,RSS parsing issue,Warning,Review or replace this source URL if it is important.
2026-05-22 23:01:55,CBRE Multifamily / Living Sector,Placeholder,Source URL not yet confirmed,Warning,Review or replace this source URL if it is important.
2026-05-22 23:01:55,JLL Living / Multifamily,Placeholder,Source URL not yet confirmed,Warning,Review or replace this source URL if it is important.
2026-05-22 23:01:55,Cushman & Wakefield Multifamily,Placeholder,Source URL not yet confirmed,Warning,Review or replace this source URL if it is important.
2026-05-22 23:01:55,Marcus & Millichap Research,Placeholder,Source URL not yet confirmed,Warning,Review or replace this source URL if it is important.
2026-05-22 23:01:55,Greystar Newsroom,Placeholder,Source URL not yet confirmed,Warning,Review or replace this source URL if it is important.
2026-05-22 23:01:55,Kennedy Wilson Newsroom,Placeholder,Source URL not yet confirmed,Warning,Review or replace this source URL if it is important.
2026-05-22 23:01:55,Related Companies Newsroom,Placeholder,Source URL not yet confirmed,Warning,Review or replace this source URL if it is important.
2026-05-22 23:01:55,Related California Newsroom,Placeholder,Source URL not yet confirmed,Warning,Review or replace this source URL if it is important.
2026-05-22 23:01:55,Hines Newsroom,Failed,RSS parsing issue,Warning,Review or replace this source URL if it is important.
2026-05-22 23:01:55,Mill Creek Residential Newsroom,Placeholder,Source URL not yet confirmed,Warning,Review or replace this source URL if it is important.
2026-05-22 23:01:55,Trammell Crow Residential Newsroom,Placeholder,Source URL not yet confirmed,Warning,Review or replace this source URL if it is important.
2026-05-22 23:01:55,Toll Brothers Apartment Living Newsroom,Placeholder,Source URL not yet confirmed,Warning,Review or replace this source URL if it is important.
2026-05-22 23:01:55,Crescent Communities Newsroom,Placeholder,Source URL not yet confirmed,Warning,Review or replace this source URL if it is important.
2026-05-22 23:01:55,AvalonBay Newsroom,Placeholder,Source URL not yet confirmed,Warning,Review or replace this source URL if it is important.
2026-05-22 23:01:55,Essex Property Trust Newsroom,Placeholder,Source URL not yet confirmed,Warning,Review or replace this source URL if it is important.
2026-05-22 23:01:55,Camden Property Trust Newsroom,Placeholder,Source URL not yet confirmed,Warning,Review or replace this source URL if it is important.
2026-05-22 23:01:55,UDR Newsroom,Placeholder,Source URL not yet confirmed,Warning,Review or replace this source URL if it is important.
2026-05-22 23:01:55,MAA Newsroom,Placeholder,Source URL not yet confirmed,Warning,Review or replace this source URL if it is important.
2026-05-22 23:01:55,Equity Residential Newsroom,Placeholder,Source URL not yet confirmed,Warning,Review or replace this source URL if it is important.
2026-05-22 23:01:55,Brookfield Real Estate,Placeholder,Source URL not yet confirmed,Warning,Review or replace this source URL if it is important.
2026-05-22 23:01:55,LA Business Journal,Placeholder,Source URL not yet confirmed,Warning,Review or replace this source URL if it is important.
2026-05-22 23:01:55,Los Angeles City Planning,Placeholder,Source URL not yet confirmed,Warning,Review or replace this source URL if it is important.
2026-05-22 23:01:55,California HCD,Placeholder,Source URL not yet confirmed,Warning,Review or replace this source URL if it is important.
2026-05-22 23:01:55,California YIMBY,Failed,RSS parsing issue,Warning,Review or replace this source URL if it is important.
2026-05-22 23:01:55,Urbanize California,Placeholder,Source URL not yet confirmed,Warning,Review or replace this source URL if it is important.
2026-05-22 23:01:55,CRE Daily,Placeholder,Source URL not yet confirmed,Warning,Review or replace this source URL if it is important.
2026-05-22 23:01:55,Institutional Property Advisors,Placeholder,Source URL not yet confirmed,Warning,Review or replace this source URL if it is important.
2026-05-22 23:01:55,JLL Newsroom,Placeholder,Source URL not yet confirmed,Warning,Review or replace this source URL if it is important.
2026-05-22 23:01:55,CBRE Newsroom,Placeholder,Source URL not yet confirmed,Warning,Review or replace this source URL if it is important.
2026-05-22 23:01:55,Cushman & Wakefield Newsroom,Placeholder,Source URL not yet confirmed,Warning,Review or replace this source URL if it is important.
2026-05-22 23:01:55,Marcus & Millichap Newsroom,Placeholder,Source URL not yet confirmed,Warning,Review or replace this source URL if it is important.
2026-05-22 23:01:55,Dallas Business Journal,Placeholder,Source URL not yet confirmed,Warning,Review or replace this source URL if it is important.
2026-05-22 23:01:55,Austin Business Journal,Placeholder,Source URL not yet confirmed,Warning,Review or replace this source URL if it is important.
2026-05-22 23:01:55,South Florida Business Journal,Placeholder,Source URL not yet confirmed,Warning,Review or replace this source URL if it is important.
2026-05-22 23:01:55,Phoenix Business Journal,Placeholder,Source URL not yet confirmed,Warning,Review or replace this source URL if it is important.
2026-05-22 23:01:55,Atlanta Business Chronicle,Placeholder,Source URL not yet confirmed,Warning,Review or replace this source URL if it is important.
2026-05-22 23:01:55,Charlotte Business Journal,Placeholder,Source URL not yet confirmed,Warning,Review or replace this source URL if it is important.
2026-05-22 23:01:55,Los Angeles Business Journal,Placeholder,Source URL not yet confirmed,Warning,Review or replace this source URL if it is important.
2026-05-22 23:01:55,San Francisco Business Times,Placeholder,Source URL not yet confirmed,Warning,Review or replace this source URL if it is important.
2026-05-22 23:01:55,Orange County Business Journal,Placeholder,Source URL not yet confirmed,Warning,Review or replace this source URL if it is important.
2026-05-22 23:01:55,Denver Business Journal,Placeholder,Source URL not yet confirmed,Warning,Review or replace this source URL if it is important.
2026-05-22 23:01:55,Nashville Business Journal,Placeholder,Source URL not yet confirmed,Warning,Review or replace this source URL if it is important.
2026-05-22 23:01:55,Greystar Source Expansion,Placeholder,Source URL not yet confirmed,Warning,Review or replace this source URL if it is important.
2026-05-22 23:01:55,Mill Creek Residential Source Expansion,Placeholder,Source URL not yet confirmed,Warning,Review or replace this source URL if it is important.
2026-05-22 23:01:55,Trammell Crow Residential Source Expansion,Placeholder,Source URL not yet confirmed,Warning,Review or replace this source URL if it is important.
2026-05-22 23:01:55,Lincoln Property Company Source Expansion,Placeholder,Source URL not yet confirmed,Warning,Review or replace this source URL if it is important.
2026-05-22 23:01:55,Fairfield Residential Source Expansion,Placeholder,Source URL not yet confirmed,Warning,Review or replace this source URL if it is important.
2026-05-22 23:01:55,Alliance Residential Source Expansion,Placeholder,Source URL not yet confirmed,Warning,Review or replace this source URL if it is important.
2026-05-22 23:01:55,Wood Partners Source Expansion,Placeholder,Source URL not yet confirmed,Warning,Review or replace this source URL if it is important.
2026-05-22 23:01:55,Hanover Company Source Expansion,Placeholder,Source URL not yet confirmed,Warning,Review or replace this source URL if it is important.
2026-05-22 23:01:55,Holland Partner Group Source Expansion,Placeholder,Source URL not yet confirmed,Warning,Review or replace this source URL if it is important.
2026-05-22 23:01:55,JPI Source Expansion,Placeholder,Source URL not yet confirmed,Warning,Review or replace this source URL if it is important.
2026-05-22 23:01:55,Kairoi Residential Source Expansion,Placeholder,Source URL not yet confirmed,Warning,Review or replace this source URL if it is important.
2026-05-22 23:01:55,AMLI Residential Source Expansion,Placeholder,Source URL not yet confirmed,Warning,Review or replace this source URL if it is important.
2026-05-22 23:01:55,Quarterra Source Expansion,Placeholder,Source URL not yet confirmed,Warning,Review or replace this source URL if it is important.
2026-05-22 23:01:55,Toll Brothers Apartment Living Source Expansion,Placeholder,Source URL not yet confirmed,Warning,Review or replace this source URL if it is important.
2026-05-22 23:01:55,AvalonBay Source Expansion,Placeholder,Source URL not yet confirmed,Warning,Review or replace this source URL if it is important.
2026-05-22 23:01:55,Camden Property Trust Source Expansion,Placeholder,Source URL not yet confirmed,Warning,Review or replace this source URL if it is important.
2026-05-22 23:01:55,MAA Source Expansion,Placeholder,Source URL not yet confirmed,Warning,Review or replace this source URL if it is important.
2026-05-22 23:01:55,UDR Source Expansion,Placeholder,Source URL not yet confirmed,Warning,Review or replace this source URL if it is important.
2026-05-22 23:01:55,Equity Residential Source Expansion,Placeholder,Source URL not yet confirmed,Warning,Review or replace this source URL if it is important.
2026-05-22 23:01:55,Essex Property Trust Source Expansion,Placeholder,Source URL not yet confirmed,Warning,Review or replace this source URL if it is important.
2026-05-22 23:01:55,Brookfield Real Estate Source Expansion,Placeholder,Source URL not yet confirmed,Warning,Review or replace this source URL if it is important.
2026-05-22 23:01:55,Kennedy Wilson Source Expansion,Placeholder,Source URL not yet confirmed,Warning,Review or replace this source URL if it is important.
2026-05-22 23:01:55,Hines Source Expansion,Failed,RSS parsing issue,Warning,Review or replace this source URL if it is important.
2026-05-22 23:01:55,GID Source Expansion,Placeholder,Source URL not yet confirmed,Warning,Review or replace this source URL if it is important.
2026-05-22 23:01:55,Waterton Source Expansion,Placeholder,Source URL not yet confirmed,Warning,Review or replace this source URL if it is important.
2026-05-22 23:01:55,Carmel Partners Source Expansion,Placeholder,Source URL not yet confirmed,Warning,Review or replace this source URL if it is important.
2026-05-22 23:01:55,CIM Group Source Expansion,Placeholder,Source URL not yet confirmed,Warning,Review or replace this source URL if it is important.
2026-05-22 23:01:55,LivCor Source Expansion,Placeholder,Source URL not yet confirmed,Warning,Review or replace this source URL if it is important.
2026-05-22 23:01:55,BGO Source Expansion,Placeholder,Source URL not yet confirmed,Warning,Review or replace this source URL if it is important.
2026-05-22 23:01:55,Harbor Group International Source Expansion,Placeholder,Source URL not yet confirmed,Warning,Review or replace this source URL if it is important.
2026-05-22 23:01:55,Starwood Capital Source Expansion,Placeholder,Source URL not yet confirmed,Warning,Review or replace this source URL if it is important.
2026-05-22 23:01:55,PGIM Real Estate Source Expansion,Placeholder,Source URL not yet confirmed,Warning,Review or replace this source URL if it is important.
2026-05-22 23:01:55,Nuveen Real Estate Source Expansion,Placeholder,Source URL not yet confirmed,Warning,Review or replace this source URL if it is important.
2026-05-22 23:01:55,KKR Real Estate Source Expansion,Placeholder,Source URL not yet confirmed,Warning,Review or replace this source URL if it is important.
2026-05-22 23:01:55,Carlyle Real Estate Source Expansion,Placeholder,Source URL not yet confirmed,Warning,Review or replace this source URL if it is important.
2026-05-22 23:01:55,Apollo Real Estate Source Expansion,Placeholder,Source URL not yet confirmed,Warning,Review or replace this source URL if it is important.
2026-05-22 23:01:55,Invitation Homes Source Expansion,Placeholder,Source URL not yet confirmed,Warning,Review or replace this source URL if it is important.
2026-05-22 23:01:55,American Homes 4 Rent Source Expansion,Placeholder,Source URL not yet confirmed,Warning,Review or replace this source URL if it is important.
2026-05-22 23:01:55,Progress Residential Source Expansion,Placeholder,Source URL not yet confirmed,Warning,Review or replace this source URL if it is important.
2026-05-22 23:01:55,Tricon Residential Source Expansion,Placeholder,Source URL not yet confirmed,Warning,Review or replace this source URL if it is important.
2026-05-22 23:01:55,Pretium Source Expansion,Placeholder,Source URL not yet confirmed,Warning,Review or replace this source URL if it is important.
2026-05-22 23:01:55,NexMetro Communities Source Expansion,Placeholder,Source URL not yet confirmed,Warning,Review or replace this source URL if it is important.
2026-05-22 23:01:55,Christopher Todd Communities Source Expansion,Placeholder,Source URL not yet confirmed,Warning,Review or replace this source URL if it is important.
2026-05-22 23:01:55,BB Living Source Expansion,Placeholder,Source URL not yet confirmed,Warning,Review or replace this source URL if it is important.
2026-05-22 23:01:55,AHV Communities Source Expansion,Placeholder,Source URL not yet confirmed,Warning,Review or replace this source URL if it is important.
2026-05-22 23:01:55,Quinn Residences Source Expansion,Placeholder,Source URL not yet confirmed,Warning,Review or replace this source URL if it is important.
2026-05-22 23:01:55,Core Spaces Source Expansion,Placeholder,Source URL not yet confirmed,Warning,Review or replace this source URL if it is important.
2026-05-22 23:01:55,Landmark Properties Source Expansion,Placeholder,Source URL not yet confirmed,Warning,Review or replace this source URL if it is important.
2026-05-22 23:01:55,The Dinerstein Companies Source Expansion,Placeholder,Source URL not yet confirmed,Warning,Review or replace this source URL if it is important.
2026-05-22 23:01:55,LV Collective Source Expansion,Placeholder,Source URL not yet confirmed,Warning,Review or replace this source URL if it is important.
2026-05-22 23:01:55,CA Ventures Source Expansion,Placeholder,Source URL not yet confirmed,Warning,Review or replace this source URL if it is important.
2026-05-22 23:01:55,Gilbane Development Source Expansion,Placeholder,Source URL not yet confirmed,Warning,Review or replace this source URL if it is important.
2026-05-22 23:01:55,Harrison Street Source Expansion,Placeholder,Source URL not yet confirmed,Warning,Review or replace this source URL if it is important.
2026-05-22 23:01:55,Scion Group Source Expansion,Placeholder,Source URL not yet confirmed,Warning,Review or replace this source URL if it is important.
2026-05-22 23:01:55,American Campus Communities Source Expansion,Placeholder,Source URL not yet confirmed,Warning,Review or replace this source URL if it is important.
2026-05-22 23:01:55,Welltower Source Expansion,Placeholder,Source URL not yet confirmed,Warning,Review or replace this source URL if it is important.
2026-05-22 23:01:55,Ventas Source Expansion,Placeholder,Source URL not yet confirmed,Warning,Review or replace this source URL if it is important.
2026-05-22 23:01:55,Brookdale Source Expansion,Placeholder,Source URL not yet confirmed,Warning,Review or replace this source URL if it is important.
2026-05-22 23:01:55,Atria Senior Living Source Expansion,Placeholder,Source URL not yet confirmed,Warning,Review or replace this source URL if it is important.
2026-05-22 23:01:55,Sunrise Senior Living Source Expansion,Placeholder,Source URL not yet confirmed,Warning,Review or replace this source URL if it is important.
2026-05-22 23:01:55,Erickson Senior Living Source Expansion,Placeholder,Source URL not yet confirmed,Warning,Review or replace this source URL if it is important.
2026-05-22 23:01:55,Discovery Senior Living Source Expansion,Placeholder,Source URL not yet confirmed,Warning,Review or replace this source URL if it is important.
2026-05-22 23:01:55,Bridge Investment Group Source Expansion,Placeholder,Source URL not yet confirmed,Warning,Review or replace this source URL if it is important.
2026-05-22 23:01:55,Avenue Development Source Expansion,Placeholder,Source URL not yet confirmed,Warning,Review or replace this source URL if it is important.
2026-05-22 23:01:55,Sparrow Partners Source Expansion,Placeholder,Source URL not yet confirmed,Warning,Review or replace this source URL if it is important.
2026-05-22 23:01:55,Greystone Source Expansion,Placeholder,Source URL not yet confirmed,Warning,Review or replace this source URL if it is important.
2026-05-22 23:01:55,Berkadia Source Expansion,Failed,RSS parsing issue,Warning,Review or replace this source URL if it is important.
2026-05-22 23:01:55,Walker & Dunlop Source Expansion,Failed,RSS parsing issue,Warning,Review or replace this source URL if it is important.
2026-05-22 23:01:55,CBRE Capital Markets Source Expansion,Placeholder,Source URL not yet confirmed,Warning,Review or replace this source URL if it is important.
2026-05-22 23:01:55,JLL Capital Markets Source Expansion,Placeholder,Source URL not yet confirmed,Warning,Review or replace this source URL if it is important.
2026-05-22 23:01:55,Cushman & Wakefield Source Expansion,Placeholder,Source URL not yet confirmed,Warning,Review or replace this source URL if it is important.
2026-05-22 23:01:55,Newmark Source Expansion,Placeholder,Source URL not yet confirmed,Warning,Review or replace this source URL if it is important.
2026-05-22 23:01:55,Eastdil Secured Source Expansion,Placeholder,Source URL not yet confirmed,Warning,Review or replace this source URL if it is important.
2026-05-22 23:01:55,Northmarq Source Expansion,Placeholder,Source URL not yet confirmed,Warning,Review or replace this source URL if it is important.
2026-05-22 23:01:55,Marcus & Millichap Capital Corporation Source Expansion,Placeholder,Source URL not yet confirmed,Warning,Review or replace this source URL if it is important.
2026-05-22 23:01:55,Freddie Mac Multifamily Source Expansion,Placeholder,Source URL not yet confirmed,Warning,Review or replace this source URL if it is important.
2026-05-22 23:01:55,Fannie Mae Multifamily Source Expansion,Placeholder,Source URL not yet confirmed,Warning,Review or replace this source URL if it is important.
2026-05-23 23:01:52,Multi-Housing News,Failed,RSS parsing issue,Warning,Review or replace this source URL if it is important.
2026-05-23 23:01:52,GlobeSt,Failed,RSS parsing issue,Warning,Review or replace this source URL if it is important.
2026-05-23 23:01:52,The Real Deal,Failed,RSS parsing issue,Warning,Review or replace this source URL if it is important.
2026-05-23 23:01:52,PERE,Placeholder,Source URL not yet confirmed,Warning,Review or replace this source URL if it is important.
2026-05-23 23:01:52,Urban Land Institute,Failed,RSS parsing issue,Warning,Review or replace this source URL if it is important.
2026-05-23 23:01:52,NMHC News,Failed,RSS parsing issue,Warning,Review or replace this source URL if it is important.
2026-05-23 23:01:52,Freddie Mac Multifamily,Placeholder,Source URL not yet confirmed,Warning,Review or replace this source URL if it is important.
2026-05-23 23:01:52,Fannie Mae Multifamily,Placeholder,Source URL not yet confirmed,Warning,Review or replace this source URL if it is important.
2026-05-23 23:01:52,MBA Commercial / Multifamily,Placeholder,Source URL not yet confirmed,Warning,Review or replace this source URL if it is important.
2026-05-23 23:01:52,Walker & Dunlop Insights,Failed,RSS parsing issue,Warning,Review or replace this source URL if it is important.
2026-05-23 23:01:52,Berkadia Research,Failed,RSS parsing issue,Warning,Review or replace this source URL if it is important.
2026-05-23 23:01:52,CBRE Multifamily / Living Sector,Placeholder,Source URL not yet confirmed,Warning,Review or replace this source URL if it is important.
2026-05-23 23:01:52,JLL Living / Multifamily,Placeholder,Source URL not yet confirmed,Warning,Review or replace this source URL if it is important.
2026-05-23 23:01:52,Cushman & Wakefield Multifamily,Placeholder,Source URL not yet confirmed,Warning,Review or replace this source URL if it is important.
2026-05-23 23:01:52,Marcus & Millichap Research,Placeholder,Source URL not yet confirmed,Warning,Review or replace this source URL if it is important.
2026-05-23 23:01:52,Greystar Newsroom,Placeholder,Source URL not yet confirmed,Warning,Review or replace this source URL if it is important.
2026-05-23 23:01:52,Kennedy Wilson Newsroom,Placeholder,Source URL not yet confirmed,Warning,Review or replace this source URL if it is important.
2026-05-23 23:01:52,Related Companies Newsroom,Placeholder,Source URL not yet confirmed,Warning,Review or replace this source URL if it is important.
2026-05-23 23:01:52,Related California Newsroom,Placeholder,Source URL not yet confirmed,Warning,Review or replace this source URL if it is important.
2026-05-23 23:01:52,Hines Newsroom,Failed,RSS parsing issue,Warning,Review or replace this source URL if it is important.
2026-05-23 23:01:52,Mill Creek Residential Newsroom,Placeholder,Source URL not yet confirmed,Warning,Review or replace this source URL if it is important.
2026-05-23 23:01:52,Trammell Crow Residential Newsroom,Placeholder,Source URL not yet confirmed,Warning,Review or replace this source URL if it is important.
2026-05-23 23:01:52,Toll Brothers Apartment Living Newsroom,Placeholder,Source URL not yet confirmed,Warning,Review or replace this source URL if it is important.
2026-05-23 23:01:52,Crescent Communities Newsroom,Placeholder,Source URL not yet confirmed,Warning,Review or replace this source URL if it is important.
2026-05-23 23:01:52,AvalonBay Newsroom,Placeholder,Source URL not yet confirmed,Warning,Review or replace this source URL if it is important.
2026-05-23 23:01:52,Essex Property Trust Newsroom,Placeholder,Source URL not yet confirmed,Warning,Review or replace this source URL if it is important.
2026-05-23 23:01:52,Camden Property Trust Newsroom,Placeholder,Source URL not yet confirmed,Warning,Review or replace this source URL if it is important.
2026-05-23 23:01:52,UDR Newsroom,Placeholder,Source URL not yet confirmed,Warning,Review or replace this source URL if it is important.
2026-05-23 23:01:52,MAA Newsroom,Placeholder,Source URL not yet confirmed,Warning,Review or replace this source URL if it is important.
2026-05-23 23:01:52,Equity Residential Newsroom,Placeholder,Source URL not yet confirmed,Warning,Review or replace this source URL if it is important.
2026-05-23 23:01:52,Brookfield Real Estate,Placeholder,Source URL not yet confirmed,Warning,Review or replace this source URL if it is important.
2026-05-23 23:01:52,LA Business Journal,Placeholder,Source URL not yet confirmed,Warning,Review or replace this source URL if it is important.
2026-05-23 23:01:52,Los Angeles City Planning,Placeholder,Source URL not yet confirmed,Warning,Review or replace this source URL if it is important.
2026-05-23 23:01:52,California HCD,Placeholder,Source URL not yet confirmed,Warning,Review or replace this source URL if it is important.
2026-05-23 23:01:52,California YIMBY,Failed,RSS parsing issue,Warning,Review or replace this source URL if it is important.
2026-05-23 23:01:52,Urbanize California,Placeholder,Source URL not yet confirmed,Warning,Review or replace this source URL if it is important.
2026-05-23 23:01:52,CRE Daily,Placeholder,Source URL not yet confirmed,Warning,Review or replace this source URL if it is important.
2026-05-23 23:01:52,Institutional Property Advisors,Placeholder,Source URL not yet confirmed,Warning,Review or replace this source URL if it is important.
2026-05-23 23:01:52,JLL Newsroom,Placeholder,Source URL not yet confirmed,Warning,Review or replace this source URL if it is important.
2026-05-23 23:01:52,CBRE Newsroom,Placeholder,Source URL not yet confirmed,Warning,Review or replace this source URL if it is important.
2026-05-23 23:01:52,Cushman & Wakefield Newsroom,Placeholder,Source URL not yet confirmed,Warning,Review or replace this source URL if it is important.
2026-05-23 23:01:52,Marcus & Millichap Newsroom,Placeholder,Source URL not yet confirmed,Warning,Review or replace this source URL if it is important.
2026-05-23 23:01:52,Dallas Business Journal,Placeholder,Source URL not yet confirmed,Warning,Review or replace this source URL if it is important.
2026-05-23 23:01:52,Austin Business Journal,Placeholder,Source URL not yet confirmed,Warning,Review or replace this source URL if it is important.
2026-05-23 23:01:52,South Florida Business Journal,Placeholder,Source URL not yet confirmed,Warning,Review or replace this source URL if it is important.
2026-05-23 23:01:52,Phoenix Business Journal,Placeholder,Source URL not yet confirmed,Warning,Review or replace this source URL if it is important.
2026-05-23 23:01:52,Atlanta Business Chronicle,Placeholder,Source URL not yet confirmed,Warning,Review or replace this source URL if it is important.
2026-05-23 23:01:52,Charlotte Business Journal,Placeholder,Source URL not yet confirmed,Warning,Review or replace this source URL if it is important.
2026-05-23 23:01:52,Los Angeles Business Journal,Placeholder,Source URL not yet confirmed,Warning,Review or replace this source URL if it is important.
2026-05-23 23:01:52,San Francisco Business Times,Placeholder,Source URL not yet confirmed,Warning,Review or replace this source URL if it is important.
2026-05-23 23:01:52,Orange County Business Journal,Placeholder,Source URL not yet confirmed,Warning,Review or replace this source URL if it is important.
2026-05-23 23:01:52,Denver Business Journal,Placeholder,Source URL not yet confirmed,Warning,Review or replace this source URL if it is important.
2026-05-23 23:01:52,Nashville Business Journal,Placeholder,Source URL not yet confirmed,Warning,Review or replace this source URL if it is important.
2026-05-23 23:01:52,Greystar Source Expansion,Placeholder,Source URL not yet confirmed,Warning,Review or replace this source URL if it is important.
2026-05-23 23:01:52,Mill Creek Residential Source Expansion,Placeholder,Source URL not yet confirmed,Warning,Review or replace this source URL if it is important.
2026-05-23 23:01:52,Trammell Crow Residential Source Expansion,Placeholder,Source URL not yet confirmed,Warning,Review or replace this source URL if it is important.
2026-05-23 23:01:52,Lincoln Property Company Source Expansion,Placeholder,Source URL not yet confirmed,Warning,Review or replace this source URL if it is important.
2026-05-23 23:01:52,Fairfield Residential Source Expansion,Placeholder,Source URL not yet confirmed,Warning,Review or replace this source URL if it is important.
2026-05-23 23:01:52,Alliance Residential Source Expansion,Placeholder,Source URL not yet confirmed,Warning,Review or replace this source URL if it is important.
2026-05-23 23:01:52,Wood Partners Source Expansion,Placeholder,Source URL not yet confirmed,Warning,Review or replace this source URL if it is important.
2026-05-23 23:01:52,Hanover Company Source Expansion,Placeholder,Source URL not yet confirmed,Warning,Review or replace this source URL if it is important.
2026-05-23 23:01:52,Holland Partner Group Source Expansion,Placeholder,Source URL not yet confirmed,Warning,Review or replace this source URL if it is important.
2026-05-23 23:01:52,JPI Source Expansion,Placeholder,Source URL not yet confirmed,Warning,Review or replace this source URL if it is important.
2026-05-23 23:01:52,Kairoi Residential Source Expansion,Placeholder,Source URL not yet confirmed,Warning,Review or replace this source URL if it is important.
2026-05-23 23:01:52,AMLI Residential Source Expansion,Placeholder,Source URL not yet confirmed,Warning,Review or replace this source URL if it is important.
2026-05-23 23:01:52,Quarterra Source Expansion,Placeholder,Source URL not yet confirmed,Warning,Review or replace this source URL if it is important.
2026-05-23 23:01:52,Toll Brothers Apartment Living Source Expansion,Placeholder,Source URL not yet confirmed,Warning,Review or replace this source URL if it is important.
2026-05-23 23:01:52,AvalonBay Source Expansion,Placeholder,Source URL not yet confirmed,Warning,Review or replace this source URL if it is important.
2026-05-23 23:01:52,Camden Property Trust Source Expansion,Placeholder,Source URL not yet confirmed,Warning,Review or replace this source URL if it is important.
2026-05-23 23:01:52,MAA Source Expansion,Placeholder,Source URL not yet confirmed,Warning,Review or replace this source URL if it is important.
2026-05-23 23:01:52,UDR Source Expansion,Placeholder,Source URL not yet confirmed,Warning,Review or replace this source URL if it is important.
2026-05-23 23:01:52,Equity Residential Source Expansion,Placeholder,Source URL not yet confirmed,Warning,Review or replace this source URL if it is important.
2026-05-23 23:01:52,Essex Property Trust Source Expansion,Placeholder,Source URL not yet confirmed,Warning,Review or replace this source URL if it is important.
2026-05-23 23:01:52,Brookfield Real Estate Source Expansion,Placeholder,Source URL not yet confirmed,Warning,Review or replace this source URL if it is important.
2026-05-23 23:01:52,Kennedy Wilson Source Expansion,Placeholder,Source URL not yet confirmed,Warning,Review or replace this source URL if it is important.
2026-05-23 23:01:52,Hines Source Expansion,Failed,RSS parsing issue,Warning,Review or replace this source URL if it is important.
2026-05-23 23:01:52,GID Source Expansion,Placeholder,Source URL not yet confirmed,Warning,Review or replace this source URL if it is important.
2026-05-23 23:01:52,Waterton Source Expansion,Placeholder,Source URL not yet confirmed,Warning,Review or replace this source URL if it is important.
2026-05-23 23:01:52,Carmel Partners Source Expansion,Placeholder,Source URL not yet confirmed,Warning,Review or replace this source URL if it is important.
2026-05-23 23:01:52,CIM Group Source Expansion,Placeholder,Source URL not yet confirmed,Warning,Review or replace this source URL if it is important.
2026-05-23 23:01:52,LivCor Source Expansion,Placeholder,Source URL not yet confirmed,Warning,Review or replace this source URL if it is important.
2026-05-23 23:01:52,BGO Source Expansion,Placeholder,Source URL not yet confirmed,Warning,Review or replace this source URL if it is important.
2026-05-23 23:01:52,Harbor Group International Source Expansion,Placeholder,Source URL not yet confirmed,Warning,Review or replace this source URL if it is important.
2026-05-23 23:01:52,Starwood Capital Source Expansion,Placeholder,Source URL not yet confirmed,Warning,Review or replace this source URL if it is important.
2026-05-23 23:01:52,PGIM Real Estate Source Expansion,Placeholder,Source URL not yet confirmed,Warning,Review or replace this source URL if it is important.
2026-05-23 23:01:52,Nuveen Real Estate Source Expansion,Placeholder,Source URL not yet confirmed,Warning,Review or replace this source URL if it is important.
2026-05-23 23:01:52,KKR Real Estate Source Expansion,Placeholder,Source URL not yet confirmed,Warning,Review or replace this source URL if it is important.
2026-05-23 23:01:52,Carlyle Real Estate Source Expansion,Placeholder,Source URL not yet confirmed,Warning,Review or replace this source URL if it is important.
2026-05-23 23:01:52,Apollo Real Estate Source Expansion,Placeholder,Source URL not yet confirmed,Warning,Review or replace this source URL if it is important.
2026-05-23 23:01:52,Invitation Homes Source Expansion,Placeholder,Source URL not yet confirmed,Warning,Review or replace this source URL if it is important.
2026-05-23 23:01:52,American Homes 4 Rent Source Expansion,Placeholder,Source URL not yet confirmed,Warning,Review or replace this source URL if it is important.
2026-05-23 23:01:52,Progress Residential Source Expansion,Placeholder,Source URL not yet confirmed,Warning,Review or replace this source URL if it is important.
2026-05-23 23:01:52,Tricon Residential Source Expansion,Placeholder,Source URL not yet confirmed,Warning,Review or replace this source URL if it is important.
2026-05-23 23:01:52,Pretium Source Expansion,Placeholder,Source URL not yet confirmed,Warning,Review or replace this source URL if it is important.
2026-05-23 23:01:52,NexMetro Communities Source Expansion,Placeholder,Source URL not yet confirmed,Warning,Review or replace this source URL if it is important.
2026-05-23 23:01:52,Christopher Todd Communities Source Expansion,Placeholder,Source URL not yet confirmed,Warning,Review or replace this source URL if it is important.
2026-05-23 23:01:52,BB Living Source Expansion,Placeholder,Source URL not yet confirmed,Warning,Review or replace this source URL if it is important.
2026-05-23 23:01:52,AHV Communities Source Expansion,Placeholder,Source URL not yet confirmed,Warning,Review or replace this source URL if it is important.
2026-05-23 23:01:52,Quinn Residences Source Expansion,Placeholder,Source URL not yet confirmed,Warning,Review or replace this source URL if it is important.
2026-05-23 23:01:52,Core Spaces Source Expansion,Placeholder,Source URL not yet confirmed,Warning,Review or replace this source URL if it is important.
2026-05-23 23:01:52,Landmark Properties Source Expansion,Placeholder,Source URL not yet confirmed,Warning,Review or replace this source URL if it is important.
2026-05-23 23:01:52,The Dinerstein Companies Source Expansion,Placeholder,Source URL not yet confirmed,Warning,Review or replace this source URL if it is important.
2026-05-23 23:01:52,LV Collective Source Expansion,Placeholder,Source URL not yet confirmed,Warning,Review or replace this source URL if it is important.
2026-05-23 23:01:52,CA Ventures Source Expansion,Placeholder,Source URL not yet confirmed,Warning,Review or replace this source URL if it is important.
2026-05-23 23:01:52,Gilbane Development Source Expansion,Placeholder,Source URL not yet confirmed,Warning,Review or replace this source URL if it is important.
2026-05-23 23:01:52,Harrison Street Source Expansion,Placeholder,Source URL not yet confirmed,Warning,Review or replace this source URL if it is important.
2026-05-23 23:01:52,Scion Group Source Expansion,Placeholder,Source URL not yet confirmed,Warning,Review or replace this source URL if it is important.
2026-05-23 23:01:52,American Campus Communities Source Expansion,Placeholder,Source URL not yet confirmed,Warning,Review or replace this source URL if it is important.
2026-05-23 23:01:52,Welltower Source Expansion,Placeholder,Source URL not yet confirmed,Warning,Review or replace this source URL if it is important.
2026-05-23 23:01:52,Ventas Source Expansion,Placeholder,Source URL not yet confirmed,Warning,Review or replace this source URL if it is important.
2026-05-23 23:01:52,Brookdale Source Expansion,Placeholder,Source URL not yet confirmed,Warning,Review or replace this source URL if it is important.
2026-05-23 23:01:52,Atria Senior Living Source Expansion,Placeholder,Source URL not yet confirmed,Warning,Review or replace this source URL if it is important.
2026-05-23 23:01:52,Sunrise Senior Living Source Expansion,Placeholder,Source URL not yet confirmed,Warning,Review or replace this source URL if it is important.
2026-05-23 23:01:52,Erickson Senior Living Source Expansion,Placeholder,Source URL not yet confirmed,Warning,Review or replace this source URL if it is important.
2026-05-23 23:01:52,Discovery Senior Living Source Expansion,Placeholder,Source URL not yet confirmed,Warning,Review or replace this source URL if it is important.
2026-05-23 23:01:52,Bridge Investment Group Source Expansion,Placeholder,Source URL not yet confirmed,Warning,Review or replace this source URL if it is important.
2026-05-23 23:01:52,Avenue Development Source Expansion,Placeholder,Source URL not yet confirmed,Warning,Review or replace this source URL if it is important.
2026-05-23 23:01:52,Sparrow Partners Source Expansion,Placeholder,Source URL not yet confirmed,Warning,Review or replace this source URL if it is important.
2026-05-23 23:01:52,Greystone Source Expansion,Placeholder,Source URL not yet confirmed,Warning,Review or replace this source URL if it is important.
2026-05-23 23:01:52,Berkadia Source Expansion,Failed,RSS parsing issue,Warning,Review or replace this source URL if it is important.
2026-05-23 23:01:52,Walker & Dunlop Source Expansion,Failed,RSS parsing issue,Warning,Review or replace this source URL if it is important.
2026-05-23 23:01:52,CBRE Capital Markets Source Expansion,Placeholder,Source URL not yet confirmed,Warning,Review or replace this source URL if it is important.
2026-05-23 23:01:52,JLL Capital Markets Source Expansion,Placeholder,Source URL not yet confirmed,Warning,Review or replace this source URL if it is important.
2026-05-23 23:01:52,Cushman & Wakefield Source Expansion,Placeholder,Source URL not yet confirmed,Warning,Review or replace this source URL if it is important.
2026-05-23 23:01:52,Newmark Source Expansion,Placeholder,Source URL not yet confirmed,Warning,Review or replace this source URL if it is important.
2026-05-23 23:01:52,Eastdil Secured Source Expansion,Placeholder,Source URL not yet confirmed,Warning,Review or replace this source URL if it is important.
2026-05-23 23:01:52,Northmarq Source Expansion,Placeholder,Source URL not yet confirmed,Warning,Review or replace this source URL if it is important.
2026-05-23 23:01:52,Marcus & Millichap Capital Corporation Source Expansion,Placeholder,Source URL not yet confirmed,Warning,Review or replace this source URL if it is important.
2026-05-23 23:01:52,Freddie Mac Multifamily Source Expansion,Placeholder,Source URL not yet confirmed,Warning,Review or replace this source URL if it is important.
2026-05-23 23:01:52,Fannie Mae Multifamily Source Expansion,Placeholder,Source URL not yet confirmed,Warning,Review or replace this source URL if it is important.
2026-05-24 23:02:04,Multi-Housing News,Failed,RSS parsing issue,Warning,Review or replace this source URL if it is important.
2026-05-24 23:02:04,GlobeSt,Failed,RSS parsing issue,Warning,Review or replace this source URL if it is important.
2026-05-24 23:02:04,The Real Deal,Failed,RSS parsing issue,Warning,Review or replace this source URL if it is important.
2026-05-24 23:02:04,PERE,Placeholder,Source URL not yet confirmed,Warning,Review or replace this source URL if it is important.
2026-05-24 23:02:04,Urban Land Institute,Failed,RSS parsing issue,Warning,Review or replace this source URL if it is important.
2026-05-24 23:02:04,NMHC News,Failed,RSS parsing issue,Warning,Review or replace this source URL if it is important.
2026-05-24 23:02:04,Freddie Mac Multifamily,Placeholder,Source URL not yet confirmed,Warning,Review or replace this source URL if it is important.
2026-05-24 23:02:04,Fannie Mae Multifamily,Placeholder,Source URL not yet confirmed,Warning,Review or replace this source URL if it is important.
2026-05-24 23:02:04,MBA Commercial / Multifamily,Placeholder,Source URL not yet confirmed,Warning,Review or replace this source URL if it is important.
2026-05-24 23:02:04,Walker & Dunlop Insights,Failed,RSS parsing issue,Warning,Review or replace this source URL if it is important.
2026-05-24 23:02:04,Berkadia Research,Failed,RSS parsing issue,Warning,Review or replace this source URL if it is important.
2026-05-24 23:02:04,CBRE Multifamily / Living Sector,Placeholder,Source URL not yet confirmed,Warning,Review or replace this source URL if it is important.
2026-05-24 23:02:04,JLL Living / Multifamily,Placeholder,Source URL not yet confirmed,Warning,Review or replace this source URL if it is important.
2026-05-24 23:02:04,Cushman & Wakefield Multifamily,Placeholder,Source URL not yet confirmed,Warning,Review or replace this source URL if it is important.
2026-05-24 23:02:04,Marcus & Millichap Research,Placeholder,Source URL not yet confirmed,Warning,Review or replace this source URL if it is important.
2026-05-24 23:02:04,Greystar Newsroom,Placeholder,Source URL not yet confirmed,Warning,Review or replace this source URL if it is important.
2026-05-24 23:02:04,Kennedy Wilson Newsroom,Placeholder,Source URL not yet confirmed,Warning,Review or replace this source URL if it is important.
2026-05-24 23:02:04,Related Companies Newsroom,Placeholder,Source URL not yet confirmed,Warning,Review or replace this source URL if it is important.
2026-05-24 23:02:04,Related California Newsroom,Placeholder,Source URL not yet confirmed,Warning,Review or replace this source URL if it is important.
2026-05-24 23:02:04,Hines Newsroom,Failed,RSS parsing issue,Warning,Review or replace this source URL if it is important.
2026-05-24 23:02:04,Mill Creek Residential Newsroom,Placeholder,Source URL not yet confirmed,Warning,Review or replace this source URL if it is important.
2026-05-24 23:02:04,Trammell Crow Residential Newsroom,Placeholder,Source URL not yet confirmed,Warning,Review or replace this source URL if it is important.
2026-05-24 23:02:04,Toll Brothers Apartment Living Newsroom,Placeholder,Source URL not yet confirmed,Warning,Review or replace this source URL if it is important.
2026-05-24 23:02:04,Crescent Communities Newsroom,Placeholder,Source URL not yet confirmed,Warning,Review or replace this source URL if it is important.
2026-05-24 23:02:04,AvalonBay Newsroom,Placeholder,Source URL not yet confirmed,Warning,Review or replace this source URL if it is important.
2026-05-24 23:02:04,Essex Property Trust Newsroom,Placeholder,Source URL not yet confirmed,Warning,Review or replace this source URL if it is important.
2026-05-24 23:02:04,Camden Property Trust Newsroom,Placeholder,Source URL not yet confirmed,Warning,Review or replace this source URL if it is important.
2026-05-24 23:02:04,UDR Newsroom,Placeholder,Source URL not yet confirmed,Warning,Review or replace this source URL if it is important.
2026-05-24 23:02:04,MAA Newsroom,Placeholder,Source URL not yet confirmed,Warning,Review or replace this source URL if it is important.
2026-05-24 23:02:04,Equity Residential Newsroom,Placeholder,Source URL not yet confirmed,Warning,Review or replace this source URL if it is important.
2026-05-24 23:02:04,Brookfield Real Estate,Placeholder,Source URL not yet confirmed,Warning,Review or replace this source URL if it is important.
2026-05-24 23:02:04,LA Business Journal,Placeholder,Source URL not yet confirmed,Warning,Review or replace this source URL if it is important.
2026-05-24 23:02:04,Los Angeles City Planning,Placeholder,Source URL not yet confirmed,Warning,Review or replace this source URL if it is important.
2026-05-24 23:02:04,California HCD,Placeholder,Source URL not yet confirmed,Warning,Review or replace this source URL if it is important.
2026-05-24 23:02:04,California YIMBY,Failed,RSS parsing issue,Warning,Review or replace this source URL if it is important.
2026-05-24 23:02:04,Urbanize California,Placeholder,Source URL not yet confirmed,Warning,Review or replace this source URL if it is important.
2026-05-24 23:02:04,CRE Daily,Placeholder,Source URL not yet confirmed,Warning,Review or replace this source URL if it is important.
2026-05-24 23:02:04,Institutional Property Advisors,Placeholder,Source URL not yet confirmed,Warning,Review or replace this source URL if it is important.
2026-05-24 23:02:04,JLL Newsroom,Placeholder,Source URL not yet confirmed,Warning,Review or replace this source URL if it is important.
2026-05-24 23:02:04,CBRE Newsroom,Placeholder,Source URL not yet confirmed,Warning,Review or replace this source URL if it is important.
2026-05-24 23:02:04,Cushman & Wakefield Newsroom,Placeholder,Source URL not yet confirmed,Warning,Review or replace this source URL if it is important.
2026-05-24 23:02:04,Marcus & Millichap Newsroom,Placeholder,Source URL not yet confirmed,Warning,Review or replace this source URL if it is important.
2026-05-24 23:02:04,Dallas Business Journal,Placeholder,Source URL not yet confirmed,Warning,Review or replace this source URL if it is important.
2026-05-24 23:02:04,Austin Business Journal,Placeholder,Source URL not yet confirmed,Warning,Review or replace this source URL if it is important.
2026-05-24 23:02:04,South Florida Business Journal,Placeholder,Source URL not yet confirmed,Warning,Review or replace this source URL if it is important.
2026-05-24 23:02:04,Phoenix Business Journal,Placeholder,Source URL not yet confirmed,Warning,Review or replace this source URL if it is important.
2026-05-24 23:02:04,Atlanta Business Chronicle,Placeholder,Source URL not yet confirmed,Warning,Review or replace this source URL if it is important.
2026-05-24 23:02:04,Charlotte Business Journal,Placeholder,Source URL not yet confirmed,Warning,Review or replace this source URL if it is important.
2026-05-24 23:02:04,Los Angeles Business Journal,Placeholder,Source URL not yet confirmed,Warning,Review or replace this source URL if it is important.
2026-05-24 23:02:04,San Francisco Business Times,Placeholder,Source URL not yet confirmed,Warning,Review or replace this source URL if it is important.
2026-05-24 23:02:04,Orange County Business Journal,Placeholder,Source URL not yet confirmed,Warning,Review or replace this source URL if it is important.
2026-05-24 23:02:04,Denver Business Journal,Placeholder,Source URL not yet confirmed,Warning,Review or replace this source URL if it is important.
2026-05-24 23:02:04,Nashville Business Journal,Placeholder,Source URL not yet confirmed,Warning,Review or replace this source URL if it is important.
2026-05-24 23:02:04,Greystar Source Expansion,Placeholder,Source URL not yet confirmed,Warning,Review or replace this source URL if it is important.
2026-05-24 23:02:04,Mill Creek Residential Source Expansion,Placeholder,Source URL not yet confirmed,Warning,Review or replace this source URL if it is important.
2026-05-24 23:02:04,Trammell Crow Residential Source Expansion,Placeholder,Source URL not yet confirmed,Warning,Review or replace this source URL if it is important.
2026-05-24 23:02:04,Lincoln Property Company Source Expansion,Placeholder,Source URL not yet confirmed,Warning,Review or replace this source URL if it is important.
2026-05-24 23:02:04,Fairfield Residential Source Expansion,Placeholder,Source URL not yet confirmed,Warning,Review or replace this source URL if it is important.
2026-05-24 23:02:04,Alliance Residential Source Expansion,Placeholder,Source URL not yet confirmed,Warning,Review or replace this source URL if it is important.
2026-05-24 23:02:04,Wood Partners Source Expansion,Placeholder,Source URL not yet confirmed,Warning,Review or replace this source URL if it is important.
2026-05-24 23:02:04,Hanover Company Source Expansion,Placeholder,Source URL not yet confirmed,Warning,Review or replace this source URL if it is important.
2026-05-24 23:02:04,Holland Partner Group Source Expansion,Placeholder,Source URL not yet confirmed,Warning,Review or replace this source URL if it is important.
2026-05-24 23:02:04,JPI Source Expansion,Placeholder,Source URL not yet confirmed,Warning,Review or replace this source URL if it is important.
2026-05-24 23:02:04,Kairoi Residential Source Expansion,Placeholder,Source URL not yet confirmed,Warning,Review or replace this source URL if it is important.
2026-05-24 23:02:04,AMLI Residential Source Expansion,Placeholder,Source URL not yet confirmed,Warning,Review or replace this source URL if it is important.
2026-05-24 23:02:04,Quarterra Source Expansion,Placeholder,Source URL not yet confirmed,Warning,Review or replace this source URL if it is important.
2026-05-24 23:02:04,Toll Brothers Apartment Living Source Expansion,Placeholder,Source URL not yet confirmed,Warning,Review or replace this source URL if it is important.
2026-05-24 23:02:04,AvalonBay Source Expansion,Placeholder,Source URL not yet confirmed,Warning,Review or replace this source URL if it is important.
2026-05-24 23:02:04,Camden Property Trust Source Expansion,Placeholder,Source URL not yet confirmed,Warning,Review or replace this source URL if it is important.
2026-05-24 23:02:04,MAA Source Expansion,Placeholder,Source URL not yet confirmed,Warning,Review or replace this source URL if it is important.
2026-05-24 23:02:04,UDR Source Expansion,Placeholder,Source URL not yet confirmed,Warning,Review or replace this source URL if it is important.
2026-05-24 23:02:04,Equity Residential Source Expansion,Placeholder,Source URL not yet confirmed,Warning,Review or replace this source URL if it is important.
2026-05-24 23:02:04,Essex Property Trust Source Expansion,Placeholder,Source URL not yet confirmed,Warning,Review or replace this source URL if it is important.
2026-05-24 23:02:04,Brookfield Real Estate Source Expansion,Placeholder,Source URL not yet confirmed,Warning,Review or replace this source URL if it is important.
2026-05-24 23:02:04,Kennedy Wilson Source Expansion,Placeholder,Source URL not yet confirmed,Warning,Review or replace this source URL if it is important.
2026-05-24 23:02:04,Hines Source Expansion,Failed,RSS parsing issue,Warning,Review or replace this source URL if it is important.
2026-05-24 23:02:04,GID Source Expansion,Placeholder,Source URL not yet confirmed,Warning,Review or replace this source URL if it is important.
2026-05-24 23:02:04,Waterton Source Expansion,Placeholder,Source URL not yet confirmed,Warning,Review or replace this source URL if it is important.
2026-05-24 23:02:04,Carmel Partners Source Expansion,Placeholder,Source URL not yet confirmed,Warning,Review or replace this source URL if it is important.
2026-05-24 23:02:04,CIM Group Source Expansion,Placeholder,Source URL not yet confirmed,Warning,Review or replace this source URL if it is important.
2026-05-24 23:02:04,LivCor Source Expansion,Placeholder,Source URL not yet confirmed,Warning,Review or replace this source URL if it is important.
2026-05-24 23:02:04,BGO Source Expansion,Placeholder,Source URL not yet confirmed,Warning,Review or replace this source URL if it is important.
2026-05-24 23:02:04,Harbor Group International Source Expansion,Placeholder,Source URL not yet confirmed,Warning,Review or replace this source URL if it is important.
2026-05-24 23:02:04,Starwood Capital Source Expansion,Placeholder,Source URL not yet confirmed,Warning,Review or replace this source URL if it is important.
2026-05-24 23:02:04,PGIM Real Estate Source Expansion,Placeholder,Source URL not yet confirmed,Warning,Review or replace this source URL if it is important.
2026-05-24 23:02:04,Nuveen Real Estate Source Expansion,Placeholder,Source URL not yet confirmed,Warning,Review or replace this source URL if it is important.
2026-05-24 23:02:04,KKR Real Estate Source Expansion,Placeholder,Source URL not yet confirmed,Warning,Review or replace this source URL if it is important.
2026-05-24 23:02:04,Carlyle Real Estate Source Expansion,Placeholder,Source URL not yet confirmed,Warning,Review or replace this source URL if it is important.
2026-05-24 23:02:04,Apollo Real Estate Source Expansion,Placeholder,Source URL not yet confirmed,Warning,Review or replace this source URL if it is important.
2026-05-24 23:02:04,Invitation Homes Source Expansion,Placeholder,Source URL not yet confirmed,Warning,Review or replace this source URL if it is important.
2026-05-24 23:02:04,American Homes 4 Rent Source Expansion,Placeholder,Source URL not yet confirmed,Warning,Review or replace this source URL if it is important.
2026-05-24 23:02:04,Progress Residential Source Expansion,Placeholder,Source URL not yet confirmed,Warning,Review or replace this source URL if it is important.
2026-05-24 23:02:04,Tricon Residential Source Expansion,Placeholder,Source URL not yet confirmed,Warning,Review or replace this source URL if it is important.
2026-05-24 23:02:04,Pretium Source Expansion,Placeholder,Source URL not yet confirmed,Warning,Review or replace this source URL if it is important.
2026-05-24 23:02:04,NexMetro Communities Source Expansion,Placeholder,Source URL not yet confirmed,Warning,Review or replace this source URL if it is important.
2026-05-24 23:02:04,Christopher Todd Communities Source Expansion,Placeholder,Source URL not yet confirmed,Warning,Review or replace this source URL if it is important.
2026-05-24 23:02:04,BB Living Source Expansion,Placeholder,Source URL not yet confirmed,Warning,Review or replace this source URL if it is important.
2026-05-24 23:02:04,AHV Communities Source Expansion,Placeholder,Source URL not yet confirmed,Warning,Review or replace this source URL if it is important.
2026-05-24 23:02:04,Quinn Residences Source Expansion,Placeholder,Source URL not yet confirmed,Warning,Review or replace this source URL if it is important.
2026-05-24 23:02:04,Core Spaces Source Expansion,Placeholder,Source URL not yet confirmed,Warning,Review or replace this source URL if it is important.
2026-05-24 23:02:04,Landmark Properties Source Expansion,Placeholder,Source URL not yet confirmed,Warning,Review or replace this source URL if it is important.
2026-05-24 23:02:04,The Dinerstein Companies Source Expansion,Placeholder,Source URL not yet confirmed,Warning,Review or replace this source URL if it is important.
2026-05-24 23:02:04,LV Collective Source Expansion,Placeholder,Source URL not yet confirmed,Warning,Review or replace this source URL if it is important.
2026-05-24 23:02:04,CA Ventures Source Expansion,Placeholder,Source URL not yet confirmed,Warning,Review or replace this source URL if it is important.
2026-05-24 23:02:04,Gilbane Development Source Expansion,Placeholder,Source URL not yet confirmed,Warning,Review or replace this source URL if it is important.
2026-05-24 23:02:04,Harrison Street Source Expansion,Placeholder,Source URL not yet confirmed,Warning,Review or replace this source URL if it is important.
2026-05-24 23:02:04,Scion Group Source Expansion,Placeholder,Source URL not yet confirmed,Warning,Review or replace this source URL if it is important.
2026-05-24 23:02:04,American Campus Communities Source Expansion,Placeholder,Source URL not yet confirmed,Warning,Review or replace this source URL if it is important.
2026-05-24 23:02:04,Welltower Source Expansion,Placeholder,Source URL not yet confirmed,Warning,Review or replace this source URL if it is important.
2026-05-24 23:02:04,Ventas Source Expansion,Placeholder,Source URL not yet confirmed,Warning,Review or replace this source URL if it is important.
2026-05-24 23:02:04,Brookdale Source Expansion,Placeholder,Source URL not yet confirmed,Warning,Review or replace this source URL if it is important.
2026-05-24 23:02:04,Atria Senior Living Source Expansion,Placeholder,Source URL not yet confirmed,Warning,Review or replace this source URL if it is important.
2026-05-24 23:02:04,Sunrise Senior Living Source Expansion,Placeholder,Source URL not yet confirmed,Warning,Review or replace this source URL if it is important.
2026-05-24 23:02:04,Erickson Senior Living Source Expansion,Placeholder,Source URL not yet confirmed,Warning,Review or replace this source URL if it is important.
2026-05-24 23:02:04,Discovery Senior Living Source Expansion,Placeholder,Source URL not yet confirmed,Warning,Review or replace this source URL if it is important.
2026-05-24 23:02:04,Bridge Investment Group Source Expansion,Placeholder,Source URL not yet confirmed,Warning,Review or replace this source URL if it is important.
2026-05-24 23:02:04,Avenue Development Source Expansion,Placeholder,Source URL not yet confirmed,Warning,Review or replace this source URL if it is important.
2026-05-24 23:02:04,Sparrow Partners Source Expansion,Placeholder,Source URL not yet confirmed,Warning,Review or replace this source URL if it is important.
2026-05-24 23:02:04,Greystone Source Expansion,Placeholder,Source URL not yet confirmed,Warning,Review or replace this source URL if it is important.
2026-05-24 23:02:04,Berkadia Source Expansion,Failed,RSS parsing issue,Warning,Review or replace this source URL if it is important.
2026-05-24 23:02:04,Walker & Dunlop Source Expansion,Failed,RSS parsing issue,Warning,Review or replace this source URL if it is important.
2026-05-24 23:02:04,CBRE Capital Markets Source Expansion,Placeholder,Source URL not yet confirmed,Warning,Review or replace this source URL if it is important.
2026-05-24 23:02:04,JLL Capital Markets Source Expansion,Placeholder,Source URL not yet confirmed,Warning,Review or replace this source URL if it is important.
2026-05-24 23:02:04,Cushman & Wakefield Source Expansion,Placeholder,Source URL not yet confirmed,Warning,Review or replace this source URL if it is important.
2026-05-24 23:02:04,Newmark Source Expansion,Placeholder,Source URL not yet confirmed,Warning,Review or replace this source URL if it is important.
2026-05-24 23:02:04,Eastdil Secured Source Expansion,Placeholder,Source URL not yet confirmed,Warning,Review or replace this source URL if it is important.
2026-05-24 23:02:04,Northmarq Source Expansion,Placeholder,Source URL not yet confirmed,Warning,Review or replace this source URL if it is important.
2026-05-24 23:02:04,Marcus & Millichap Capital Corporation Source Expansion,Placeholder,Source URL not yet confirmed,Warning,Review or replace this source URL if it is important.
2026-05-24 23:02:04,Freddie Mac Multifamily Source Expansion,Placeholder,Source URL not yet confirmed,Warning,Review or replace this source URL if it is important.
2026-05-24 23:02:04,Fannie Mae Multifamily Source Expansion,Placeholder,Source URL not yet confirmed,Warning,Review or replace this source URL if it is important.
2026-05-25 23:02:12,Multi-Housing News,Failed,RSS parsing issue,Warning,Review or replace this source URL if it is important.
2026-05-25 23:02:12,GlobeSt,Failed,RSS parsing issue,Warning,Review or replace this source URL if it is important.
2026-05-25 23:02:12,The Real Deal,Failed,RSS parsing issue,Warning,Review or replace this source URL if it is important.
2026-05-25 23:02:12,PERE,Placeholder,Source URL not yet confirmed,Warning,Review or replace this source URL if it is important.
2026-05-25 23:02:12,Urban Land Institute,Failed,RSS parsing issue,Warning,Review or replace this source URL if it is important.
2026-05-25 23:02:12,NMHC News,Failed,RSS parsing issue,Warning,Review or replace this source URL if it is important.
2026-05-25 23:02:12,Freddie Mac Multifamily,Placeholder,Source URL not yet confirmed,Warning,Review or replace this source URL if it is important.
2026-05-25 23:02:12,Fannie Mae Multifamily,Placeholder,Source URL not yet confirmed,Warning,Review or replace this source URL if it is important.
2026-05-25 23:02:12,MBA Commercial / Multifamily,Placeholder,Source URL not yet confirmed,Warning,Review or replace this source URL if it is important.
2026-05-25 23:02:12,Walker & Dunlop Insights,Failed,RSS parsing issue,Warning,Review or replace this source URL if it is important.
2026-05-25 23:02:12,Berkadia Research,Failed,RSS parsing issue,Warning,Review or replace this source URL if it is important.
2026-05-25 23:02:12,CBRE Multifamily / Living Sector,Placeholder,Source URL not yet confirmed,Warning,Review or replace this source URL if it is important.
2026-05-25 23:02:12,JLL Living / Multifamily,Placeholder,Source URL not yet confirmed,Warning,Review or replace this source URL if it is important.
2026-05-25 23:02:12,Cushman & Wakefield Multifamily,Placeholder,Source URL not yet confirmed,Warning,Review or replace this source URL if it is important.
2026-05-25 23:02:12,Marcus & Millichap Research,Placeholder,Source URL not yet confirmed,Warning,Review or replace this source URL if it is important.
2026-05-25 23:02:12,Greystar Newsroom,Placeholder,Source URL not yet confirmed,Warning,Review or replace this source URL if it is important.
2026-05-25 23:02:12,Kennedy Wilson Newsroom,Placeholder,Source URL not yet confirmed,Warning,Review or replace this source URL if it is important.
2026-05-25 23:02:12,Related Companies Newsroom,Placeholder,Source URL not yet confirmed,Warning,Review or replace this source URL if it is important.
2026-05-25 23:02:12,Related California Newsroom,Placeholder,Source URL not yet confirmed,Warning,Review or replace this source URL if it is important.
2026-05-25 23:02:12,Hines Newsroom,Failed,RSS parsing issue,Warning,Review or replace this source URL if it is important.
2026-05-25 23:02:12,Mill Creek Residential Newsroom,Placeholder,Source URL not yet confirmed,Warning,Review or replace this source URL if it is important.
2026-05-25 23:02:12,Trammell Crow Residential Newsroom,Placeholder,Source URL not yet confirmed,Warning,Review or replace this source URL if it is important.
2026-05-25 23:02:12,Toll Brothers Apartment Living Newsroom,Placeholder,Source URL not yet confirmed,Warning,Review or replace this source URL if it is important.
2026-05-25 23:02:12,Crescent Communities Newsroom,Placeholder,Source URL not yet confirmed,Warning,Review or replace this source URL if it is important.
2026-05-25 23:02:12,AvalonBay Newsroom,Placeholder,Source URL not yet confirmed,Warning,Review or replace this source URL if it is important.
2026-05-25 23:02:12,Essex Property Trust Newsroom,Placeholder,Source URL not yet confirmed,Warning,Review or replace this source URL if it is important.
2026-05-25 23:02:12,Camden Property Trust Newsroom,Placeholder,Source URL not yet confirmed,Warning,Review or replace this source URL if it is important.
2026-05-25 23:02:12,UDR Newsroom,Placeholder,Source URL not yet confirmed,Warning,Review or replace this source URL if it is important.
2026-05-25 23:02:12,MAA Newsroom,Placeholder,Source URL not yet confirmed,Warning,Review or replace this source URL if it is important.
2026-05-25 23:02:12,Equity Residential Newsroom,Placeholder,Source URL not yet confirmed,Warning,Review or replace this source URL if it is important.
2026-05-25 23:02:12,Brookfield Real Estate,Placeholder,Source URL not yet confirmed,Warning,Review or replace this source URL if it is important.
2026-05-25 23:02:12,LA Business Journal,Placeholder,Source URL not yet confirmed,Warning,Review or replace this source URL if it is important.
2026-05-25 23:02:12,Los Angeles City Planning,Placeholder,Source URL not yet confirmed,Warning,Review or replace this source URL if it is important.
2026-05-25 23:02:12,California HCD,Placeholder,Source URL not yet confirmed,Warning,Review or replace this source URL if it is important.
2026-05-25 23:02:12,California YIMBY,Failed,RSS parsing issue,Warning,Review or replace this source URL if it is important.
2026-05-25 23:02:12,Urbanize California,Placeholder,Source URL not yet confirmed,Warning,Review or replace this source URL if it is important.
2026-05-25 23:02:12,CRE Daily,Placeholder,Source URL not yet confirmed,Warning,Review or replace this source URL if it is important.
2026-05-25 23:02:12,Institutional Property Advisors,Placeholder,Source URL not yet confirmed,Warning,Review or replace this source URL if it is important.
2026-05-25 23:02:12,JLL Newsroom,Placeholder,Source URL not yet confirmed,Warning,Review or replace this source URL if it is important.
2026-05-25 23:02:12,CBRE Newsroom,Placeholder,Source URL not yet confirmed,Warning,Review or replace this source URL if it is important.
2026-05-25 23:02:12,Cushman & Wakefield Newsroom,Placeholder,Source URL not yet confirmed,Warning,Review or replace this source URL if it is important.
2026-05-25 23:02:12,Marcus & Millichap Newsroom,Placeholder,Source URL not yet confirmed,Warning,Review or replace this source URL if it is important.
2026-05-25 23:02:12,Dallas Business Journal,Placeholder,Source URL not yet confirmed,Warning,Review or replace this source URL if it is important.
2026-05-25 23:02:12,Austin Business Journal,Placeholder,Source URL not yet confirmed,Warning,Review or replace this source URL if it is important.
2026-05-25 23:02:12,South Florida Business Journal,Placeholder,Source URL not yet confirmed,Warning,Review or replace this source URL if it is important.
2026-05-25 23:02:12,Phoenix Business Journal,Placeholder,Source URL not yet confirmed,Warning,Review or replace this source URL if it is important.
2026-05-25 23:02:12,Atlanta Business Chronicle,Placeholder,Source URL not yet confirmed,Warning,Review or replace this source URL if it is important.
2026-05-25 23:02:12,Charlotte Business Journal,Placeholder,Source URL not yet confirmed,Warning,Review or replace this source URL if it is important.
2026-05-25 23:02:12,Los Angeles Business Journal,Placeholder,Source URL not yet confirmed,Warning,Review or replace this source URL if it is important.
2026-05-25 23:02:12,San Francisco Business Times,Placeholder,Source URL not yet confirmed,Warning,Review or replace this source URL if it is important.
2026-05-25 23:02:12,Orange County Business Journal,Placeholder,Source URL not yet confirmed,Warning,Review or replace this source URL if it is important.
2026-05-25 23:02:12,Denver Business Journal,Placeholder,Source URL not yet confirmed,Warning,Review or replace this source URL if it is important.
2026-05-25 23:02:12,Nashville Business Journal,Placeholder,Source URL not yet confirmed,Warning,Review or replace this source URL if it is important.
2026-05-25 23:02:12,Greystar Source Expansion,Placeholder,Source URL not yet confirmed,Warning,Review or replace this source URL if it is important.
2026-05-25 23:02:12,Mill Creek Residential Source Expansion,Placeholder,Source URL not yet confirmed,Warning,Review or replace this source URL if it is important.
2026-05-25 23:02:12,Trammell Crow Residential Source Expansion,Placeholder,Source URL not yet confirmed,Warning,Review or replace this source URL if it is important.
2026-05-25 23:02:12,Lincoln Property Company Source Expansion,Placeholder,Source URL not yet confirmed,Warning,Review or replace this source URL if it is important.
2026-05-25 23:02:12,Fairfield Residential Source Expansion,Placeholder,Source URL not yet confirmed,Warning,Review or replace this source URL if it is important.
2026-05-25 23:02:12,Alliance Residential Source Expansion,Placeholder,Source URL not yet confirmed,Warning,Review or replace this source URL if it is important.
2026-05-25 23:02:12,Wood Partners Source Expansion,Placeholder,Source URL not yet confirmed,Warning,Review or replace this source URL if it is important.
2026-05-25 23:02:12,Hanover Company Source Expansion,Placeholder,Source URL not yet confirmed,Warning,Review or replace this source URL if it is important.
2026-05-25 23:02:12,Holland Partner Group Source Expansion,Placeholder,Source URL not yet confirmed,Warning,Review or replace this source URL if it is important.
2026-05-25 23:02:12,JPI Source Expansion,Placeholder,Source URL not yet confirmed,Warning,Review or replace this source URL if it is important.
2026-05-25 23:02:12,Kairoi Residential Source Expansion,Placeholder,Source URL not yet confirmed,Warning,Review or replace this source URL if it is important.
2026-05-25 23:02:12,AMLI Residential Source Expansion,Placeholder,Source URL not yet confirmed,Warning,Review or replace this source URL if it is important.
2026-05-25 23:02:12,Quarterra Source Expansion,Placeholder,Source URL not yet confirmed,Warning,Review or replace this source URL if it is important.
2026-05-25 23:02:12,Toll Brothers Apartment Living Source Expansion,Placeholder,Source URL not yet confirmed,Warning,Review or replace this source URL if it is important.
2026-05-25 23:02:12,AvalonBay Source Expansion,Placeholder,Source URL not yet confirmed,Warning,Review or replace this source URL if it is important.
2026-05-25 23:02:12,Camden Property Trust Source Expansion,Placeholder,Source URL not yet confirmed,Warning,Review or replace this source URL if it is important.
2026-05-25 23:02:12,MAA Source Expansion,Placeholder,Source URL not yet confirmed,Warning,Review or replace this source URL if it is important.
2026-05-25 23:02:12,UDR Source Expansion,Placeholder,Source URL not yet confirmed,Warning,Review or replace this source URL if it is important.
2026-05-25 23:02:12,Equity Residential Source Expansion,Placeholder,Source URL not yet confirmed,Warning,Review or replace this source URL if it is important.
2026-05-25 23:02:12,Essex Property Trust Source Expansion,Placeholder,Source URL not yet confirmed,Warning,Review or replace this source URL if it is important.
2026-05-25 23:02:12,Brookfield Real Estate Source Expansion,Placeholder,Source URL not yet confirmed,Warning,Review or replace this source URL if it is important.
2026-05-25 23:02:12,Kennedy Wilson Source Expansion,Placeholder,Source URL not yet confirmed,Warning,Review or replace this source URL if it is important.
2026-05-25 23:02:12,Hines Source Expansion,Failed,RSS parsing issue,Warning,Review or replace this source URL if it is important.
2026-05-25 23:02:12,GID Source Expansion,Placeholder,Source URL not yet confirmed,Warning,Review or replace this source URL if it is important.
2026-05-25 23:02:12,Waterton Source Expansion,Placeholder,Source URL not yet confirmed,Warning,Review or replace this source URL if it is important.
2026-05-25 23:02:12,Carmel Partners Source Expansion,Placeholder,Source URL not yet confirmed,Warning,Review or replace this source URL if it is important.
2026-05-25 23:02:12,CIM Group Source Expansion,Placeholder,Source URL not yet confirmed,Warning,Review or replace this source URL if it is important.
2026-05-25 23:02:12,LivCor Source Expansion,Placeholder,Source URL not yet confirmed,Warning,Review or replace this source URL if it is important.
2026-05-25 23:02:12,BGO Source Expansion,Placeholder,Source URL not yet confirmed,Warning,Review or replace this source URL if it is important.
2026-05-25 23:02:12,Harbor Group International Source Expansion,Placeholder,Source URL not yet confirmed,Warning,Review or replace this source URL if it is important.
2026-05-25 23:02:12,Starwood Capital Source Expansion,Placeholder,Source URL not yet confirmed,Warning,Review or replace this source URL if it is important.
2026-05-25 23:02:12,PGIM Real Estate Source Expansion,Placeholder,Source URL not yet confirmed,Warning,Review or replace this source URL if it is important.
2026-05-25 23:02:12,Nuveen Real Estate Source Expansion,Placeholder,Source URL not yet confirmed,Warning,Review or replace this source URL if it is important.
2026-05-25 23:02:12,KKR Real Estate Source Expansion,Placeholder,Source URL not yet confirmed,Warning,Review or replace this source URL if it is important.
2026-05-25 23:02:12,Carlyle Real Estate Source Expansion,Placeholder,Source URL not yet confirmed,Warning,Review or replace this source URL if it is important.
2026-05-25 23:02:12,Apollo Real Estate Source Expansion,Placeholder,Source URL not yet confirmed,Warning,Review or replace this source URL if it is important.
2026-05-25 23:02:12,Invitation Homes Source Expansion,Placeholder,Source URL not yet confirmed,Warning,Review or replace this source URL if it is important.
2026-05-25 23:02:12,American Homes 4 Rent Source Expansion,Placeholder,Source URL not yet confirmed,Warning,Review or replace this source URL if it is important.
2026-05-25 23:02:12,Progress Residential Source Expansion,Placeholder,Source URL not yet confirmed,Warning,Review or replace this source URL if it is important.
2026-05-25 23:02:12,Tricon Residential Source Expansion,Placeholder,Source URL not yet confirmed,Warning,Review or replace this source URL if it is important.
2026-05-25 23:02:12,Pretium Source Expansion,Placeholder,Source URL not yet confirmed,Warning,Review or replace this source URL if it is important.
2026-05-25 23:02:12,NexMetro Communities Source Expansion,Placeholder,Source URL not yet confirmed,Warning,Review or replace this source URL if it is important.
2026-05-25 23:02:12,Christopher Todd Communities Source Expansion,Placeholder,Source URL not yet confirmed,Warning,Review or replace this source URL if it is important.
2026-05-25 23:02:12,BB Living Source Expansion,Placeholder,Source URL not yet confirmed,Warning,Review or replace this source URL if it is important.
2026-05-25 23:02:12,AHV Communities Source Expansion,Placeholder,Source URL not yet confirmed,Warning,Review or replace this source URL if it is important.
2026-05-25 23:02:12,Quinn Residences Source Expansion,Placeholder,Source URL not yet confirmed,Warning,Review or replace this source URL if it is important.
2026-05-25 23:02:12,Core Spaces Source Expansion,Placeholder,Source URL not yet confirmed,Warning,Review or replace this source URL if it is important.
2026-05-25 23:02:12,Landmark Properties Source Expansion,Placeholder,Source URL not yet confirmed,Warning,Review or replace this source URL if it is important.
2026-05-25 23:02:12,The Dinerstein Companies Source Expansion,Placeholder,Source URL not yet confirmed,Warning,Review or replace this source URL if it is important.
2026-05-25 23:02:12,LV Collective Source Expansion,Placeholder,Source URL not yet confirmed,Warning,Review or replace this source URL if it is important.
2026-05-25 23:02:12,CA Ventures Source Expansion,Placeholder,Source URL not yet confirmed,Warning,Review or replace this source URL if it is important.
2026-05-25 23:02:12,Gilbane Development Source Expansion,Placeholder,Source URL not yet confirmed,Warning,Review or replace this source URL if it is important.
2026-05-25 23:02:12,Harrison Street Source Expansion,Placeholder,Source URL not yet confirmed,Warning,Review or replace this source URL if it is important.
2026-05-25 23:02:12,Scion Group Source Expansion,Placeholder,Source URL not yet confirmed,Warning,Review or replace this source URL if it is important.
2026-05-25 23:02:12,American Campus Communities Source Expansion,Placeholder,Source URL not yet confirmed,Warning,Review or replace this source URL if it is important.
2026-05-25 23:02:12,Welltower Source Expansion,Placeholder,Source URL not yet confirmed,Warning,Review or replace this source URL if it is important.
2026-05-25 23:02:12,Ventas Source Expansion,Placeholder,Source URL not yet confirmed,Warning,Review or replace this source URL if it is important.
2026-05-25 23:02:12,Brookdale Source Expansion,Placeholder,Source URL not yet confirmed,Warning,Review or replace this source URL if it is important.
2026-05-25 23:02:12,Atria Senior Living Source Expansion,Placeholder,Source URL not yet confirmed,Warning,Review or replace this source URL if it is important.
2026-05-25 23:02:12,Sunrise Senior Living Source Expansion,Placeholder,Source URL not yet confirmed,Warning,Review or replace this source URL if it is important.
2026-05-25 23:02:12,Erickson Senior Living Source Expansion,Placeholder,Source URL not yet confirmed,Warning,Review or replace this source URL if it is important.
2026-05-25 23:02:12,Discovery Senior Living Source Expansion,Placeholder,Source URL not yet confirmed,Warning,Review or replace this source URL if it is important.
2026-05-25 23:02:12,Bridge Investment Group Source Expansion,Placeholder,Source URL not yet confirmed,Warning,Review or replace this source URL if it is important.
2026-05-25 23:02:12,Avenue Development Source Expansion,Placeholder,Source URL not yet confirmed,Warning,Review or replace this source URL if it is important.
2026-05-25 23:02:12,Sparrow Partners Source Expansion,Placeholder,Source URL not yet confirmed,Warning,Review or replace this source URL if it is important.
2026-05-25 23:02:12,Greystone Source Expansion,Placeholder,Source URL not yet confirmed,Warning,Review or replace this source URL if it is important.
2026-05-25 23:02:12,Berkadia Source Expansion,Failed,RSS parsing issue,Warning,Review or replace this source URL if it is important.
2026-05-25 23:02:12,Walker & Dunlop Source Expansion,Failed,RSS parsing issue,Warning,Review or replace this source URL if it is important.
2026-05-25 23:02:12,CBRE Capital Markets Source Expansion,Placeholder,Source URL not yet confirmed,Warning,Review or replace this source URL if it is important.
2026-05-25 23:02:12,JLL Capital Markets Source Expansion,Placeholder,Source URL not yet confirmed,Warning,Review or replace this source URL if it is important.
2026-05-25 23:02:12,Cushman & Wakefield Source Expansion,Placeholder,Source URL not yet confirmed,Warning,Review or replace this source URL if it is important.
2026-05-25 23:02:12,Newmark Source Expansion,Placeholder,Source URL not yet confirmed,Warning,Review or replace this source URL if it is important.
2026-05-25 23:02:12,Eastdil Secured Source Expansion,Placeholder,Source URL not yet confirmed,Warning,Review or replace this source URL if it is important.
2026-05-25 23:02:12,Northmarq Source Expansion,Placeholder,Source URL not yet confirmed,Warning,Review or replace this source URL if it is important.
2026-05-25 23:02:12,Marcus & Millichap Capital Corporation Source Expansion,Placeholder,Source URL not yet confirmed,Warning,Review or replace this source URL if it is important.
2026-05-25 23:02:12,Freddie Mac Multifamily Source Expansion,Placeholder,Source URL not yet confirmed,Warning,Review or replace this source URL if it is important.
2026-05-25 23:02:12,Fannie Mae Multifamily Source Expansion,Placeholder,Source URL not yet confirmed,Warning,Review or replace this source URL if it is important.
2026-05-26 06:05:16,Multi-Housing News,Failed,RSS parsing issue,Warning,Review or replace this source URL if it is important.
2026-05-26 06:05:16,GlobeSt,Failed,RSS parsing issue,Warning,Review or replace this source URL if it is important.
2026-05-26 06:05:16,The Real Deal,Failed,RSS parsing issue,Warning,Review or replace this source URL if it is important.
2026-05-26 06:05:16,PERE,Placeholder,Source URL not yet confirmed,Warning,Review or replace this source URL if it is important.
2026-05-26 06:05:16,Urban Land Institute,Failed,RSS parsing issue,Warning,Review or replace this source URL if it is important.
2026-05-26 06:05:16,NMHC News,Failed,RSS parsing issue,Warning,Review or replace this source URL if it is important.
2026-05-26 06:05:16,Freddie Mac Multifamily,Placeholder,Source URL not yet confirmed,Warning,Review or replace this source URL if it is important.
2026-05-26 06:05:16,Fannie Mae Multifamily,Placeholder,Source URL not yet confirmed,Warning,Review or replace this source URL if it is important.
2026-05-26 06:05:16,MBA Commercial / Multifamily,Placeholder,Source URL not yet confirmed,Warning,Review or replace this source URL if it is important.
2026-05-26 06:05:16,Walker & Dunlop Insights,Failed,RSS parsing issue,Warning,Review or replace this source URL if it is important.
2026-05-26 06:05:16,Berkadia Research,Failed,RSS parsing issue,Warning,Review or replace this source URL if it is important.
2026-05-26 06:05:16,CBRE Multifamily / Living Sector,Placeholder,Source URL not yet confirmed,Warning,Review or replace this source URL if it is important.
2026-05-26 06:05:16,JLL Living / Multifamily,Placeholder,Source URL not yet confirmed,Warning,Review or replace this source URL if it is important.
2026-05-26 06:05:16,Cushman & Wakefield Multifamily,Placeholder,Source URL not yet confirmed,Warning,Review or replace this source URL if it is important.
2026-05-26 06:05:16,Marcus & Millichap Research,Placeholder,Source URL not yet confirmed,Warning,Review or replace this source URL if it is important.
2026-05-26 06:05:16,Greystar Newsroom,Placeholder,Source URL not yet confirmed,Warning,Review or replace this source URL if it is important.
2026-05-26 06:05:16,Kennedy Wilson Newsroom,Placeholder,Source URL not yet confirmed,Warning,Review or replace this source URL if it is important.
2026-05-26 06:05:16,Related Companies Newsroom,Placeholder,Source URL not yet confirmed,Warning,Review or replace this source URL if it is important.
2026-05-26 06:05:16,Related California Newsroom,Placeholder,Source URL not yet confirmed,Warning,Review or replace this source URL if it is important.
2026-05-26 06:05:16,Hines Newsroom,Failed,RSS parsing issue,Warning,Review or replace this source URL if it is important.
2026-05-26 06:05:16,Mill Creek Residential Newsroom,Placeholder,Source URL not yet confirmed,Warning,Review or replace this source URL if it is important.
2026-05-26 06:05:16,Trammell Crow Residential Newsroom,Placeholder,Source URL not yet confirmed,Warning,Review or replace this source URL if it is important.
2026-05-26 06:05:16,Toll Brothers Apartment Living Newsroom,Placeholder,Source URL not yet confirmed,Warning,Review or replace this source URL if it is important.
2026-05-26 06:05:16,Crescent Communities Newsroom,Placeholder,Source URL not yet confirmed,Warning,Review or replace this source URL if it is important.
2026-05-26 06:05:16,AvalonBay Newsroom,Placeholder,Source URL not yet confirmed,Warning,Review or replace this source URL if it is important.
2026-05-26 06:05:16,Essex Property Trust Newsroom,Placeholder,Source URL not yet confirmed,Warning,Review or replace this source URL if it is important.
2026-05-26 06:05:16,Camden Property Trust Newsroom,Placeholder,Source URL not yet confirmed,Warning,Review or replace this source URL if it is important.
2026-05-26 06:05:16,UDR Newsroom,Placeholder,Source URL not yet confirmed,Warning,Review or replace this source URL if it is important.
2026-05-26 06:05:16,MAA Newsroom,Placeholder,Source URL not yet confirmed,Warning,Review or replace this source URL if it is important.
2026-05-26 06:05:16,Equity Residential Newsroom,Placeholder,Source URL not yet confirmed,Warning,Review or replace this source URL if it is important.
2026-05-26 06:05:16,Brookfield Real Estate,Placeholder,Source URL not yet confirmed,Warning,Review or replace this source URL if it is important.
2026-05-26 06:05:16,LA Business Journal,Placeholder,Source URL not yet confirmed,Warning,Review or replace this source URL if it is important.
2026-05-26 06:05:16,Los Angeles City Planning,Placeholder,Source URL not yet confirmed,Warning,Review or replace this source URL if it is important.
2026-05-26 06:05:16,California HCD,Placeholder,Source URL not yet confirmed,Warning,Review or replace this source URL if it is important.
2026-05-26 06:05:16,California YIMBY,Failed,RSS parsing issue,Warning,Review or replace this source URL if it is important.
2026-05-26 06:05:16,Urbanize California,Placeholder,Source URL not yet confirmed,Warning,Review or replace this source URL if it is important.
2026-05-26 06:05:16,CRE Daily,Placeholder,Source URL not yet confirmed,Warning,Review or replace this source URL if it is important.
2026-05-26 06:05:16,Institutional Property Advisors,Placeholder,Source URL not yet confirmed,Warning,Review or replace this source URL if it is important.
2026-05-26 06:05:16,JLL Newsroom,Placeholder,Source URL not yet confirmed,Warning,Review or replace this source URL if it is important.
2026-05-26 06:05:16,CBRE Newsroom,Placeholder,Source URL not yet confirmed,Warning,Review or replace this source URL if it is important.
2026-05-26 06:05:16,Cushman & Wakefield Newsroom,Placeholder,Source URL not yet confirmed,Warning,Review or replace this source URL if it is important.
2026-05-26 06:05:16,Marcus & Millichap Newsroom,Placeholder,Source URL not yet confirmed,Warning,Review or replace this source URL if it is important.
2026-05-26 06:05:16,Dallas Business Journal,Placeholder,Source URL not yet confirmed,Warning,Review or replace this source URL if it is important.
2026-05-26 06:05:16,Austin Business Journal,Placeholder,Source URL not yet confirmed,Warning,Review or replace this source URL if it is important.
2026-05-26 06:05:16,South Florida Business Journal,Placeholder,Source URL not yet confirmed,Warning,Review or replace this source URL if it is important.
2026-05-26 06:05:16,Phoenix Business Journal,Placeholder,Source URL not yet confirmed,Warning,Review or replace this source URL if it is important.
2026-05-26 06:05:16,Atlanta Business Chronicle,Placeholder,Source URL not yet confirmed,Warning,Review or replace this source URL if it is important.
2026-05-26 06:05:16,Charlotte Business Journal,Placeholder,Source URL not yet confirmed,Warning,Review or replace this source URL if it is important.
2026-05-26 06:05:16,Los Angeles Business Journal,Placeholder,Source URL not yet confirmed,Warning,Review or replace this source URL if it is important.
2026-05-26 06:05:16,San Francisco Business Times,Placeholder,Source URL not yet confirmed,Warning,Review or replace this source URL if it is important.
2026-05-26 06:05:16,Orange County Business Journal,Placeholder,Source URL not yet confirmed,Warning,Review or replace this source URL if it is important.
2026-05-26 06:05:16,Denver Business Journal,Placeholder,Source URL not yet confirmed,Warning,Review or replace this source URL if it is important.
2026-05-26 06:05:16,Nashville Business Journal,Placeholder,Source URL not yet confirmed,Warning,Review or replace this source URL if it is important.
2026-05-26 06:05:16,Greystar Source Expansion,Placeholder,Source URL not yet confirmed,Warning,Review or replace this source URL if it is important.
2026-05-26 06:05:16,Mill Creek Residential Source Expansion,Placeholder,Source URL not yet confirmed,Warning,Review or replace this source URL if it is important.
2026-05-26 06:05:16,Trammell Crow Residential Source Expansion,Placeholder,Source URL not yet confirmed,Warning,Review or replace this source URL if it is important.
2026-05-26 06:05:16,Lincoln Property Company Source Expansion,Placeholder,Source URL not yet confirmed,Warning,Review or replace this source URL if it is important.
2026-05-26 06:05:16,Fairfield Residential Source Expansion,Placeholder,Source URL not yet confirmed,Warning,Review or replace this source URL if it is important.
2026-05-26 06:05:16,Alliance Residential Source Expansion,Placeholder,Source URL not yet confirmed,Warning,Review or replace this source URL if it is important.
2026-05-26 06:05:16,Wood Partners Source Expansion,Placeholder,Source URL not yet confirmed,Warning,Review or replace this source URL if it is important.
2026-05-26 06:05:16,Hanover Company Source Expansion,Placeholder,Source URL not yet confirmed,Warning,Review or replace this source URL if it is important.
2026-05-26 06:05:16,Holland Partner Group Source Expansion,Placeholder,Source URL not yet confirmed,Warning,Review or replace this source URL if it is important.
2026-05-26 06:05:16,JPI Source Expansion,Placeholder,Source URL not yet confirmed,Warning,Review or replace this source URL if it is important.
2026-05-26 06:05:16,Kairoi Residential Source Expansion,Placeholder,Source URL not yet confirmed,Warning,Review or replace this source URL if it is important.
2026-05-26 06:05:16,AMLI Residential Source Expansion,Placeholder,Source URL not yet confirmed,Warning,Review or replace this source URL if it is important.
2026-05-26 06:05:16,Quarterra Source Expansion,Placeholder,Source URL not yet confirmed,Warning,Review or replace this source URL if it is important.
2026-05-26 06:05:16,Toll Brothers Apartment Living Source Expansion,Placeholder,Source URL not yet confirmed,Warning,Review or replace this source URL if it is important.
2026-05-26 06:05:16,AvalonBay Source Expansion,Placeholder,Source URL not yet confirmed,Warning,Review or replace this source URL if it is important.
2026-05-26 06:05:16,Camden Property Trust Source Expansion,Placeholder,Source URL not yet confirmed,Warning,Review or replace this source URL if it is important.
2026-05-26 06:05:16,MAA Source Expansion,Placeholder,Source URL not yet confirmed,Warning,Review or replace this source URL if it is important.
2026-05-26 06:05:16,UDR Source Expansion,Placeholder,Source URL not yet confirmed,Warning,Review or replace this source URL if it is important.
2026-05-26 06:05:16,Equity Residential Source Expansion,Placeholder,Source URL not yet confirmed,Warning,Review or replace this source URL if it is important.
2026-05-26 06:05:16,Essex Property Trust Source Expansion,Placeholder,Source URL not yet confirmed,Warning,Review or replace this source URL if it is important.
2026-05-26 06:05:16,Brookfield Real Estate Source Expansion,Placeholder,Source URL not yet confirmed,Warning,Review or replace this source URL if it is important.
2026-05-26 06:05:16,Kennedy Wilson Source Expansion,Placeholder,Source URL not yet confirmed,Warning,Review or replace this source URL if it is important.
2026-05-26 06:05:16,Hines Source Expansion,Failed,RSS parsing issue,Warning,Review or replace this source URL if it is important.
2026-05-26 06:05:16,GID Source Expansion,Placeholder,Source URL not yet confirmed,Warning,Review or replace this source URL if it is important.
2026-05-26 06:05:16,Waterton Source Expansion,Placeholder,Source URL not yet confirmed,Warning,Review or replace this source URL if it is important.
2026-05-26 06:05:16,Carmel Partners Source Expansion,Placeholder,Source URL not yet confirmed,Warning,Review or replace this source URL if it is important.
2026-05-26 06:05:16,CIM Group Source Expansion,Placeholder,Source URL not yet confirmed,Warning,Review or replace this source URL if it is important.
2026-05-26 06:05:16,LivCor Source Expansion,Placeholder,Source URL not yet confirmed,Warning,Review or replace this source URL if it is important.
2026-05-26 06:05:16,BGO Source Expansion,Placeholder,Source URL not yet confirmed,Warning,Review or replace this source URL if it is important.
2026-05-26 06:05:16,Harbor Group International Source Expansion,Placeholder,Source URL not yet confirmed,Warning,Review or replace this source URL if it is important.
2026-05-26 06:05:16,Starwood Capital Source Expansion,Placeholder,Source URL not yet confirmed,Warning,Review or replace this source URL if it is important.
2026-05-26 06:05:16,PGIM Real Estate Source Expansion,Placeholder,Source URL not yet confirmed,Warning,Review or replace this source URL if it is important.
2026-05-26 06:05:16,Nuveen Real Estate Source Expansion,Placeholder,Source URL not yet confirmed,Warning,Review or replace this source URL if it is important.
2026-05-26 06:05:16,KKR Real Estate Source Expansion,Placeholder,Source URL not yet confirmed,Warning,Review or replace this source URL if it is important.
2026-05-26 06:05:16,Carlyle Real Estate Source Expansion,Placeholder,Source URL not yet confirmed,Warning,Review or replace this source URL if it is important.
2026-05-26 06:05:16,Apollo Real Estate Source Expansion,Placeholder,Source URL not yet confirmed,Warning,Review or replace this source URL if it is important.
2026-05-26 06:05:16,Invitation Homes Source Expansion,Placeholder,Source URL not yet confirmed,Warning,Review or replace this source URL if it is important.
2026-05-26 06:05:16,American Homes 4 Rent Source Expansion,Placeholder,Source URL not yet confirmed,Warning,Review or replace this source URL if it is important.
2026-05-26 06:05:16,Progress Residential Source Expansion,Placeholder,Source URL not yet confirmed,Warning,Review or replace this source URL if it is important.
2026-05-26 06:05:16,Tricon Residential Source Expansion,Placeholder,Source URL not yet confirmed,Warning,Review or replace this source URL if it is important.
2026-05-26 06:05:16,Pretium Source Expansion,Placeholder,Source URL not yet confirmed,Warning,Review or replace this source URL if it is important.
2026-05-26 06:05:16,NexMetro Communities Source Expansion,Placeholder,Source URL not yet confirmed,Warning,Review or replace this source URL if it is important.
2026-05-26 06:05:16,Christopher Todd Communities Source Expansion,Placeholder,Source URL not yet confirmed,Warning,Review or replace this source URL if it is important.
2026-05-26 06:05:16,BB Living Source Expansion,Placeholder,Source URL not yet confirmed,Warning,Review or replace this source URL if it is important.
2026-05-26 06:05:16,AHV Communities Source Expansion,Placeholder,Source URL not yet confirmed,Warning,Review or replace this source URL if it is important.
2026-05-26 06:05:16,Quinn Residences Source Expansion,Placeholder,Source URL not yet confirmed,Warning,Review or replace this source URL if it is important.
2026-05-26 06:05:16,Core Spaces Source Expansion,Placeholder,Source URL not yet confirmed,Warning,Review or replace this source URL if it is important.
2026-05-26 06:05:16,Landmark Properties Source Expansion,Placeholder,Source URL not yet confirmed,Warning,Review or replace this source URL if it is important.
2026-05-26 06:05:16,The Dinerstein Companies Source Expansion,Placeholder,Source URL not yet confirmed,Warning,Review or replace this source URL if it is important.
2026-05-26 06:05:16,LV Collective Source Expansion,Placeholder,Source URL not yet confirmed,Warning,Review or replace this source URL if it is important.
2026-05-26 06:05:16,CA Ventures Source Expansion,Placeholder,Source URL not yet confirmed,Warning,Review or replace this source URL if it is important.
2026-05-26 06:05:16,Gilbane Development Source Expansion,Placeholder,Source URL not yet confirmed,Warning,Review or replace this source URL if it is important.
2026-05-26 06:05:16,Harrison Street Source Expansion,Placeholder,Source URL not yet confirmed,Warning,Review or replace this source URL if it is important.
2026-05-26 06:05:16,Scion Group Source Expansion,Placeholder,Source URL not yet confirmed,Warning,Review or replace this source URL if it is important.
2026-05-26 06:05:16,American Campus Communities Source Expansion,Placeholder,Source URL not yet confirmed,Warning,Review or replace this source URL if it is important.
2026-05-26 06:05:16,Welltower Source Expansion,Placeholder,Source URL not yet confirmed,Warning,Review or replace this source URL if it is important.
2026-05-26 06:05:16,Ventas Source Expansion,Placeholder,Source URL not yet confirmed,Warning,Review or replace this source URL if it is important.
2026-05-26 06:05:16,Brookdale Source Expansion,Placeholder,Source URL not yet confirmed,Warning,Review or replace this source URL if it is important.
2026-05-26 06:05:16,Atria Senior Living Source Expansion,Placeholder,Source URL not yet confirmed,Warning,Review or replace this source URL if it is important.
2026-05-26 06:05:16,Sunrise Senior Living Source Expansion,Placeholder,Source URL not yet confirmed,Warning,Review or replace this source URL if it is important.
2026-05-26 06:05:16,Erickson Senior Living Source Expansion,Placeholder,Source URL not yet confirmed,Warning,Review or replace this source URL if it is important.
2026-05-26 06:05:16,Discovery Senior Living Source Expansion,Placeholder,Source URL not yet confirmed,Warning,Review or replace this source URL if it is important.
2026-05-26 06:05:16,Bridge Investment Group Source Expansion,Placeholder,Source URL not yet confirmed,Warning,Review or replace this source URL if it is important.
2026-05-26 06:05:16,Avenue Development Source Expansion,Placeholder,Source URL not yet confirmed,Warning,Review or replace this source URL if it is important.
2026-05-26 06:05:16,Sparrow Partners Source Expansion,Placeholder,Source URL not yet confirmed,Warning,Review or replace this source URL if it is important.
2026-05-26 06:05:16,Greystone Source Expansion,Placeholder,Source URL not yet confirmed,Warning,Review or replace this source URL if it is important.
2026-05-26 06:05:16,Berkadia Source Expansion,Failed,RSS parsing issue,Warning,Review or replace this source URL if it is important.
2026-05-26 06:05:16,Walker & Dunlop Source Expansion,Failed,RSS parsing issue,Warning,Review or replace this source URL if it is important.
2026-05-26 06:05:16,CBRE Capital Markets Source Expansion,Placeholder,Source URL not yet confirmed,Warning,Review or replace this source URL if it is important.
2026-05-26 06:05:16,JLL Capital Markets Source Expansion,Placeholder,Source URL not yet confirmed,Warning,Review or replace this source URL if it is important.
2026-05-26 06:05:16,Cushman & Wakefield Source Expansion,Placeholder,Source URL not yet confirmed,Warning,Review or replace this source URL if it is important.
2026-05-26 06:05:16,Newmark Source Expansion,Placeholder,Source URL not yet confirmed,Warning,Review or replace this source URL if it is important.
2026-05-26 06:05:16,Eastdil Secured Source Expansion,Placeholder,Source URL not yet confirmed,Warning,Review or replace this source URL if it is important.
2026-05-26 06:05:16,Northmarq Source Expansion,Placeholder,Source URL not yet confirmed,Warning,Review or replace this source URL if it is important.
2026-05-26 06:05:16,Marcus & Millichap Capital Corporation Source Expansion,Placeholder,Source URL not yet confirmed,Warning,Review or replace this source URL if it is important.
2026-05-26 06:05:16,Freddie Mac Multifamily Source Expansion,Placeholder,Source URL not yet confirmed,Warning,Review or replace this source URL if it is important.
2026-05-26 06:05:16,Fannie Mae Multifamily Source Expansion,Placeholder,Source URL not yet confirmed,Warning,Review or replace this source URL if it is important.
2026-05-26 08:10:38,Multi-Housing News,Failed,RSS parsing issue,Warning,Review or replace this source URL if it is important.
2026-05-26 08:10:38,GlobeSt,Failed,RSS parsing issue,Warning,Review or replace this source URL if it is important.
2026-05-26 08:10:38,The Real Deal,Failed,RSS parsing issue,Warning,Review or replace this source URL if it is important.
2026-05-26 08:10:38,Urban Land Institute,Failed,RSS parsing issue,Warning,Review or replace this source URL if it is important.
2026-05-26 08:10:38,NMHC News,Failed,RSS parsing issue,Warning,Review or replace this source URL if it is important.
2026-05-26 08:10:38,Walker & Dunlop Insights,Failed,RSS parsing issue,Warning,Review or replace this source URL if it is important.
2026-05-26 08:10:38,Berkadia Research,Failed,RSS parsing issue,Warning,Review or replace this source URL if it is important.
2026-05-26 08:10:38,Hines Newsroom,Failed,RSS parsing issue,Warning,Review or replace this source URL if it is important.
2026-05-26 08:10:38,California YIMBY,Failed,RSS parsing issue,Warning,Review or replace this source URL if it is important.
2026-05-26 08:10:38,Hines Source Expansion,Failed,RSS parsing issue,Warning,Review or replace this source URL if it is important.
2026-05-26 08:10:38,Berkadia Source Expansion,Failed,RSS parsing issue,Warning,Review or replace this source URL if it is important.
2026-05-26 08:10:38,Walker & Dunlop Source Expansion,Failed,RSS parsing issue,Warning,Review or replace this source URL if it is important.
2026-05-26 08:10:38,Commercial Property Executive,Failed,RSS parsing issue,Warning,Review or replace this source URL if it is important.
2026-05-26 23:02:11,Multi-Housing News,Failed,RSS parsing issue,Warning,Review or replace this source URL if it is important.
2026-05-26 23:02:11,GlobeSt,Failed,RSS parsing issue,Warning,Review or replace this source URL if it is important.
2026-05-26 23:02:11,The Real Deal,Failed,RSS parsing issue,Warning,Review or replace this source URL if it is important.
2026-05-26 23:02:11,Urban Land Institute,Failed,RSS parsing issue,Warning,Review or replace this source URL if it is important.
2026-05-26 23:02:11,NMHC News,Failed,RSS parsing issue,Warning,Review or replace this source URL if it is important.
2026-05-26 23:02:11,Walker & Dunlop Insights,Failed,RSS parsing issue,Warning,Review or replace this source URL if it is important.
2026-05-26 23:02:11,Berkadia Research,Failed,RSS parsing issue,Warning,Review or replace this source URL if it is important.
2026-05-26 23:02:11,Hines Newsroom,Failed,RSS parsing issue,Warning,Review or replace this source URL if it is important.
2026-05-26 23:02:11,California YIMBY,Failed,RSS parsing issue,Warning,Review or replace this source URL if it is important.
2026-05-26 23:02:11,Hines Source Expansion,Failed,RSS parsing issue,Warning,Review or replace this source URL if it is important.
2026-05-26 23:02:11,Berkadia Source Expansion,Failed,RSS parsing issue,Warning,Review or replace this source URL if it is important.
2026-05-26 23:02:11,Walker & Dunlop Source Expansion,Failed,RSS parsing issue,Warning,Review or replace this source URL if it is important.
2026-05-26 23:02:11,Commercial Property Executive,Failed,RSS parsing issue,Warning,Review or replace this source URL if it is important.
2026-05-27 01:36:18,Multi-Housing News,Failed,RSS parsing issue,Warning,Review or replace this source URL if it is important.
2026-05-27 01:36:18,GlobeSt,Failed,RSS parsing issue,Warning,Review or replace this source URL if it is important.
2026-05-27 01:36:18,The Real Deal,Failed,RSS parsing issue,Warning,Review or replace this source URL if it is important.
2026-05-27 01:36:18,Urban Land Institute,Failed,RSS parsing issue,Warning,Review or replace this source URL if it is important.
2026-05-27 01:36:18,NMHC News,Failed,RSS parsing issue,Warning,Review or replace this source URL if it is important.
2026-05-27 01:36:18,Walker & Dunlop Insights,Failed,RSS parsing issue,Warning,Review or replace this source URL if it is important.
2026-05-27 01:36:18,Berkadia Research,Failed,RSS parsing issue,Warning,Review or replace this source URL if it is important.
2026-05-27 01:36:18,Hines Newsroom,Failed,RSS parsing issue,Warning,Review or replace this source URL if it is important.
2026-05-27 01:36:18,California YIMBY,Failed,RSS parsing issue,Warning,Review or replace this source URL if it is important.
2026-05-27 01:36:18,Hines Source Expansion,Failed,RSS parsing issue,Warning,Review or replace this source URL if it is important.
2026-05-27 01:36:18,Berkadia Source Expansion,Failed,RSS parsing issue,Warning,Review or replace this source URL if it is important.
2026-05-27 01:36:18,Walker & Dunlop Source Expansion,Failed,RSS parsing issue,Warning,Review or replace this source URL if it is important.
2026-05-27 01:36:18,Commercial Property Executive,Failed,RSS parsing issue,Warning,Review or replace this source URL if it is important.
2026-05-27 23:02:07,Multi-Housing News,Failed,RSS parsing issue,Warning,Review or replace this source URL if it is important.
2026-05-27 23:02:07,GlobeSt,Failed,RSS parsing issue,Warning,Review or replace this source URL if it is important.
2026-05-27 23:02:07,The Real Deal,Failed,RSS parsing issue,Warning,Review or replace this source URL if it is important.
2026-05-27 23:02:07,Urban Land Institute,Failed,RSS parsing issue,Warning,Review or replace this source URL if it is important.
2026-05-27 23:02:07,NMHC News,Failed,RSS parsing issue,Warning,Review or replace this source URL if it is important.
2026-05-27 23:02:07,Walker & Dunlop Insights,Failed,RSS parsing issue,Warning,Review or replace this source URL if it is important.
2026-05-27 23:02:07,Berkadia Research,Failed,RSS parsing issue,Warning,Review or replace this source URL if it is important.
2026-05-27 23:02:07,Hines Newsroom,Failed,RSS parsing issue,Warning,Review or replace this source URL if it is important.
2026-05-27 23:02:07,California YIMBY,Failed,RSS parsing issue,Warning,Review or replace this source URL if it is important.
2026-05-27 23:02:07,Hines Source Expansion,Failed,RSS parsing issue,Warning,Review or replace this source URL if it is important.
2026-05-27 23:02:07,Berkadia Source Expansion,Failed,RSS parsing issue,Warning,Review or replace this source URL if it is important.
2026-05-27 23:02:07,Walker & Dunlop Source Expansion,Failed,RSS parsing issue,Warning,Review or replace this source URL if it is important.
2026-05-27 23:02:07,Commercial Property Executive,Failed,RSS parsing issue,Warning,Review or replace this source URL if it is important.
2026-05-28 23:01:55,Multi-Housing News,Failed,RSS parsing issue,Warning,Review or replace this source URL if it is important.
2026-05-28 23:01:55,GlobeSt,Failed,RSS parsing issue,Warning,Review or replace this source URL if it is important.
2026-05-28 23:01:55,The Real Deal,Failed,RSS parsing issue,Warning,Review or replace this source URL if it is important.
2026-05-28 23:01:55,Urban Land Institute,Failed,RSS parsing issue,Warning,Review or replace this source URL if it is important.
2026-05-28 23:01:55,NMHC News,Failed,RSS parsing issue,Warning,Review or replace this source URL if it is important.
2026-05-28 23:01:55,Walker & Dunlop Insights,Failed,RSS parsing issue,Warning,Review or replace this source URL if it is important.
2026-05-28 23:01:55,Berkadia Research,Failed,RSS parsing issue,Warning,Review or replace this source URL if it is important.
2026-05-28 23:01:55,Hines Newsroom,Failed,RSS parsing issue,Warning,Review or replace this source URL if it is important.
2026-05-28 23:01:55,California YIMBY,Failed,RSS parsing issue,Warning,Review or replace this source URL if it is important.
2026-05-28 23:01:55,Hines Source Expansion,Failed,RSS parsing issue,Warning,Review or replace this source URL if it is important.
2026-05-28 23:01:55,Berkadia Source Expansion,Failed,RSS parsing issue,Warning,Review or replace this source URL if it is important.
2026-05-28 23:01:55,Walker & Dunlop Source Expansion,Failed,RSS parsing issue,Warning,Review or replace this source URL if it is important.
2026-05-28 23:01:55,Commercial Property Executive,Failed,RSS parsing issue,Warning,Review or replace this source URL if it is important.
2026-05-29 23:01:38,Multi-Housing News,Failed,RSS parsing issue,Warning,Review or replace this source URL if it is important.
2026-05-29 23:01:38,GlobeSt,Failed,RSS parsing issue,Warning,Review or replace this source URL if it is important.
2026-05-29 23:01:38,The Real Deal,Failed,RSS parsing issue,Warning,Review or replace this source URL if it is important.
2026-05-29 23:01:38,Urban Land Institute,Failed,RSS parsing issue,Warning,Review or replace this source URL if it is important.
2026-05-29 23:01:38,NMHC News,Failed,RSS parsing issue,Warning,Review or replace this source URL if it is important.
2026-05-29 23:01:38,Walker & Dunlop Insights,Failed,RSS parsing issue,Warning,Review or replace this source URL if it is important.
2026-05-29 23:01:38,Berkadia Research,Failed,RSS parsing issue,Warning,Review or replace this source URL if it is important.
2026-05-29 23:01:38,Hines Newsroom,Failed,RSS parsing issue,Warning,Review or replace this source URL if it is important.
2026-05-29 23:01:38,California YIMBY,Failed,RSS parsing issue,Warning,Review or replace this source URL if it is important.
2026-05-29 23:01:38,Hines Source Expansion,Failed,RSS parsing issue,Warning,Review or replace this source URL if it is important.
2026-05-29 23:01:38,Berkadia Source Expansion,Failed,RSS parsing issue,Warning,Review or replace this source URL if it is important.
2026-05-29 23:01:38,Walker & Dunlop Source Expansion,Failed,RSS parsing issue,Warning,Review or replace this source URL if it is important.
2026-05-29 23:01:38,Commercial Property Executive,Failed,RSS parsing issue,Warning,Review or replace this source URL if it is important.
2026-05-30 23:02:08,Multi-Housing News,Failed,RSS parsing issue,Warning,Review or replace this source URL if it is important.
2026-05-30 23:02:08,GlobeSt,Failed,RSS parsing issue,Warning,Review or replace this source URL if it is important.
2026-05-30 23:02:08,The Real Deal,Failed,RSS parsing issue,Warning,Review or replace this source URL if it is important.
2026-05-30 23:02:08,Urban Land Institute,Failed,RSS parsing issue,Warning,Review or replace this source URL if it is important.
2026-05-30 23:02:08,NMHC News,Failed,RSS parsing issue,Warning,Review or replace this source URL if it is important.
2026-05-30 23:02:08,Walker & Dunlop Insights,Failed,RSS parsing issue,Warning,Review or replace this source URL if it is important.
2026-05-30 23:02:08,Berkadia Research,Failed,RSS parsing issue,Warning,Review or replace this source URL if it is important.
2026-05-30 23:02:08,Hines Newsroom,Failed,RSS parsing issue,Warning,Review or replace this source URL if it is important.
2026-05-30 23:02:08,California YIMBY,Failed,RSS parsing issue,Warning,Review or replace this source URL if it is important.
2026-05-30 23:02:08,Hines Source Expansion,Failed,RSS parsing issue,Warning,Review or replace this source URL if it is important.
2026-05-30 23:02:08,Berkadia Source Expansion,Failed,RSS parsing issue,Warning,Review or replace this source URL if it is important.
2026-05-30 23:02:08,Walker & Dunlop Source Expansion,Failed,RSS parsing issue,Warning,Review or replace this source URL if it is important.
2026-05-30 23:02:08,Commercial Property Executive,Failed,RSS parsing issue,Warning,Review or replace this source URL if it is important.
2026-05-31 23:01:56,Multi-Housing News,Failed,RSS parsing issue,Warning,Review or replace this source URL if it is important.
2026-05-31 23:01:56,GlobeSt,Failed,RSS parsing issue,Warning,Review or replace this source URL if it is important.
2026-05-31 23:01:56,The Real Deal,Failed,RSS parsing issue,Warning,Review or replace this source URL if it is important.
2026-05-31 23:01:56,Urban Land Institute,Failed,RSS parsing issue,Warning,Review or replace this source URL if it is important.
2026-05-31 23:01:56,NMHC News,Failed,RSS parsing issue,Warning,Review or replace this source URL if it is important.
2026-05-31 23:01:56,Walker & Dunlop Insights,Failed,RSS parsing issue,Warning,Review or replace this source URL if it is important.
2026-05-31 23:01:56,Berkadia Research,Failed,RSS parsing issue,Warning,Review or replace this source URL if it is important.
2026-05-31 23:01:56,Hines Newsroom,Failed,RSS parsing issue,Warning,Review or replace this source URL if it is important.
2026-05-31 23:01:56,California YIMBY,Failed,RSS parsing issue,Warning,Review or replace this source URL if it is important.
2026-05-31 23:01:56,Hines Source Expansion,Failed,RSS parsing issue,Warning,Review or replace this source URL if it is important.
2026-05-31 23:01:56,Berkadia Source Expansion,Failed,RSS parsing issue,Warning,Review or replace this source URL if it is important.
2026-05-31 23:01:56,Walker & Dunlop Source Expansion,Failed,RSS parsing issue,Warning,Review or replace this source URL if it is important.
2026-05-31 23:01:56,Commercial Property Executive,Failed,RSS parsing issue,Warning,Review or replace this source URL if it is important.
2026-06-01 00:35:55,Multi-Housing News,Failed,RSS parsing issue: status=403; <unknown>:2:1246: not well-formed (invalid token),Warning,Review or replace this source URL if it is important.
2026-06-01 00:35:55,GlobeSt,Failed,RSS parsing issue: status=404; <unknown>:2:0: syntax error,Warning,Review or replace this source URL if it is important.
2026-06-01 00:35:55,The Real Deal,Failed,RSS parsing issue: status=301; text/html; charset=utf-8 is not an XML media type,Warning,Review or replace this source URL if it is important.
2026-06-01 00:35:55,Urban Land Institute,Failed,RSS parsing issue: status=403; <unknown>:2:1326: not well-formed (invalid token),Warning,Review or replace this source URL if it is important.
2026-06-01 00:35:55,NMHC News,Failed,RSS parsing issue: status=200; <unknown>:21:2: mismatched tag,Warning,Review or replace this source URL if it is important.
2026-06-01 00:35:55,Walker & Dunlop Insights,Failed,RSS parsing issue: status=301; <unknown>:2:2016: not well-formed (invalid token),Warning,Review or replace this source URL if it is important.
2026-06-01 00:35:55,Berkadia Research,Failed,RSS parsing issue: status=301; <unknown>:7:866: not well-formed (invalid token),Warning,Review or replace this source URL if it is important.
2026-06-01 00:35:55,Hines Newsroom,Failed,RSS parsing issue: status=403; <unknown>:2:1326: not well-formed (invalid token),Warning,Review or replace this source URL if it is important.
2026-06-01 00:35:55,California YIMBY,Failed,RSS parsing issue: <urlopen error [Errno -2] Name or service not known>,Warning,Review or replace this source URL if it is important.
2026-06-01 00:35:55,Hines Source Expansion,Failed,RSS parsing issue: status=403; <unknown>:2:1326: not well-formed (invalid token),Warning,Review or replace this source URL if it is important.
2026-06-01 00:35:55,Berkadia Source Expansion,Failed,RSS parsing issue: status=301; <unknown>:7:866: not well-formed (invalid token),Warning,Review or replace this source URL if it is important.
2026-06-01 00:35:55,Walker & Dunlop Source Expansion,Failed,RSS parsing issue: status=301; <unknown>:2:2016: not well-formed (invalid token),Warning,Review or replace this source URL if it is important.
2026-06-01 00:35:55,Commercial Property Executive,Failed,RSS parsing issue: status=403; <unknown>:2:1326: not well-formed (invalid token),Warning,Review or replace this source URL if it is important.
2026-06-01 01:21:39,Multi-Housing News,Failed,RSS parsing issue: status=403; <unknown>:2:1246: not well-formed (invalid token),Warning,Review or replace this source URL if it is important.
2026-06-01 01:21:39,GlobeSt,Failed,RSS parsing issue: status=404; <unknown>:2:0: syntax error,Warning,Review or replace this source URL if it is important.
2026-06-01 01:21:39,The Real Deal,Failed,RSS parsing issue: status=301; text/html; charset=utf-8 is not an XML media type,Warning,Review or replace this source URL if it is important.
2026-06-01 01:21:39,Urban Land Institute,Failed,RSS parsing issue: status=403; <unknown>:2:1326: not well-formed (invalid token),Warning,Review or replace this source URL if it is important.
2026-06-01 01:21:39,NMHC News,Failed,RSS parsing issue: status=200; <unknown>:21:2: mismatched tag,Warning,Review or replace this source URL if it is important.
2026-06-01 01:21:39,Walker & Dunlop Insights,Failed,RSS parsing issue: status=301; <unknown>:2:2016: not well-formed (invalid token),Warning,Review or replace this source URL if it is important.
2026-06-01 01:21:39,Berkadia Research,Failed,RSS parsing issue: status=301; <unknown>:7:866: not well-formed (invalid token),Warning,Review or replace this source URL if it is important.
2026-06-01 01:21:39,Hines Newsroom,Failed,RSS parsing issue: status=403; <unknown>:2:1326: not well-formed (invalid token),Warning,Review or replace this source URL if it is important.
2026-06-01 01:21:39,California YIMBY,Failed,RSS parsing issue: <urlopen error [Errno -2] Name or service not known>,Warning,Review or replace this source URL if it is important.
2026-06-01 01:21:39,Hines Source Expansion,Failed,RSS parsing issue: status=403; <unknown>:2:1326: not well-formed (invalid token),Warning,Review or replace this source URL if it is important.
2026-06-01 01:21:39,Berkadia Source Expansion,Failed,RSS parsing issue: status=301; <unknown>:7:866: not well-formed (invalid token),Warning,Review or replace this source URL if it is important.
2026-06-01 01:21:39,Walker & Dunlop Source Expansion,Failed,RSS parsing issue: status=301; <unknown>:2:2016: not well-formed (invalid token),Warning,Review or replace this source URL if it is important.
2026-06-01 01:21:39,Commercial Property Executive,Failed,RSS parsing issue: status=403; <unknown>:2:1326: not well-formed (invalid token),Warning,Review or replace this source URL if it is important.
2026-06-01 02:03:08,Multi-Housing News,Failed,RSS parsing issue: status=403; <unknown>:2:1246: not well-formed (invalid token),Warning,Review or replace this source URL if it is important.
2026-06-01 02:03:08,GlobeSt,Failed,RSS parsing issue: status=404; <unknown>:2:0: syntax error,Warning,Review or replace this source URL if it is important.
2026-06-01 02:03:08,The Real Deal,Failed,RSS parsing issue: status=301; text/html; charset=utf-8 is not an XML media type,Warning,Review or replace this source URL if it is important.
2026-06-01 02:03:08,Urban Land Institute,Failed,RSS parsing issue: status=403; <unknown>:2:1326: not well-formed (invalid token),Warning,Review or replace this source URL if it is important.
2026-06-01 02:03:08,NMHC News,Failed,RSS parsing issue: status=200; <unknown>:21:2: mismatched tag,Warning,Review or replace this source URL if it is important.
2026-06-01 02:03:08,Walker & Dunlop Insights,Failed,RSS parsing issue: status=301; <unknown>:2:2016: not well-formed (invalid token),Warning,Review or replace this source URL if it is important.
2026-06-01 02:03:08,Berkadia Research,Failed,RSS parsing issue: status=301; <unknown>:7:866: not well-formed (invalid token),Warning,Review or replace this source URL if it is important.
2026-06-01 02:03:08,Hines Newsroom,Failed,RSS parsing issue: status=403; <unknown>:2:1326: not well-formed (invalid token),Warning,Review or replace this source URL if it is important.
2026-06-01 02:03:08,California YIMBY,Failed,RSS parsing issue: <urlopen error [Errno -2] Name or service not known>,Warning,Review or replace this source URL if it is important.
2026-06-01 02:03:08,Hines Source Expansion,Failed,RSS parsing issue: status=403; <unknown>:2:1326: not well-formed (invalid token),Warning,Review or replace this source URL if it is important.
2026-06-01 02:03:08,Berkadia Source Expansion,Failed,RSS parsing issue: status=301; <unknown>:7:866: not well-formed (invalid token),Warning,Review or replace this source URL if it is important.
2026-06-01 02:03:08,Walker & Dunlop Source Expansion,Failed,RSS parsing issue: status=301; <unknown>:2:2016: not well-formed (invalid token),Warning,Review or replace this source URL if it is important.
2026-06-01 02:03:08,Commercial Property Executive,Failed,RSS parsing issue: status=403; <unknown>:2:1326: not well-formed (invalid token),Warning,Review or replace this source URL if it is important.
2026-06-01 02:31:38,Multi-Housing News,Failed,RSS parsing issue: status=403; <unknown>:2:1246: not well-formed (invalid token),Warning,Review or replace this source URL if it is important.
2026-06-01 02:31:38,GlobeSt,Failed,RSS parsing issue: status=404; <unknown>:2:0: syntax error,Warning,Review or replace this source URL if it is important.
2026-06-01 02:31:38,The Real Deal,Failed,RSS parsing issue: status=301; text/html; charset=utf-8 is not an XML media type,Warning,Review or replace this source URL if it is important.
2026-06-01 02:31:38,Urban Land Institute,Failed,RSS parsing issue: status=403; <unknown>:2:1326: not well-formed (invalid token),Warning,Review or replace this source URL if it is important.
2026-06-01 02:31:38,NMHC News,Failed,RSS parsing issue: status=200; <unknown>:21:2: mismatched tag,Warning,Review or replace this source URL if it is important.
2026-06-01 02:31:38,Walker & Dunlop Insights,Failed,RSS parsing issue: status=301; <unknown>:2:2016: not well-formed (invalid token),Warning,Review or replace this source URL if it is important.
2026-06-01 02:31:38,Berkadia Research,Failed,RSS parsing issue: status=301; <unknown>:7:866: not well-formed (invalid token),Warning,Review or replace this source URL if it is important.
2026-06-01 02:31:38,Hines Newsroom,Failed,RSS parsing issue: status=403; <unknown>:2:1326: not well-formed (invalid token),Warning,Review or replace this source URL if it is important.
2026-06-01 02:31:38,California YIMBY,Failed,RSS parsing issue: <urlopen error [Errno -2] Name or service not known>,Warning,Review or replace this source URL if it is important.
2026-06-01 02:31:38,Hines Source Expansion,Failed,RSS parsing issue: status=403; <unknown>:2:1326: not well-formed (invalid token),Warning,Review or replace this source URL if it is important.
2026-06-01 02:31:38,Berkadia Source Expansion,Failed,RSS parsing issue: status=301; <unknown>:7:866: not well-formed (invalid token),Warning,Review or replace this source URL if it is important.
2026-06-01 02:31:38,Walker & Dunlop Source Expansion,Failed,RSS parsing issue: status=301; <unknown>:2:2016: not well-formed (invalid token),Warning,Review or replace this source URL if it is important.
2026-06-01 02:31:38,Commercial Property Executive,Failed,RSS parsing issue: status=403; <unknown>:2:1326: not well-formed (invalid token),Warning,Review or replace this source URL if it is important.
2026-06-01 05:46:34,Multi-Housing News,Failed,RSS parsing issue: status=403; <unknown>:2:1246: not well-formed (invalid token),Warning,Review or replace this source URL if it is important.
2026-06-01 05:46:34,GlobeSt,Failed,RSS parsing issue: status=404; <unknown>:2:0: syntax error,Warning,Review or replace this source URL if it is important.
2026-06-01 05:46:34,The Real Deal,Failed,RSS parsing issue: status=301; text/html; charset=utf-8 is not an XML media type,Warning,Review or replace this source URL if it is important.
2026-06-01 05:46:34,Urban Land Institute,Failed,RSS parsing issue: status=403; <unknown>:2:1326: not well-formed (invalid token),Warning,Review or replace this source URL if it is important.
2026-06-01 05:46:34,NMHC News,Failed,RSS parsing issue: status=200; <unknown>:21:2: mismatched tag,Warning,Review or replace this source URL if it is important.
2026-06-01 05:46:34,Walker & Dunlop Insights,Failed,RSS parsing issue: status=301; <unknown>:2:2016: not well-formed (invalid token),Warning,Review or replace this source URL if it is important.
2026-06-01 05:46:34,Berkadia Research,Failed,RSS parsing issue: status=301; <unknown>:7:866: not well-formed (invalid token),Warning,Review or replace this source URL if it is important.
2026-06-01 05:46:34,Hines Newsroom,Failed,RSS parsing issue: status=403; <unknown>:2:1326: not well-formed (invalid token),Warning,Review or replace this source URL if it is important.
2026-06-01 05:46:34,California YIMBY,Failed,RSS parsing issue: <urlopen error [Errno -2] Name or service not known>,Warning,Review or replace this source URL if it is important.
2026-06-01 05:46:34,Hines Source Expansion,Failed,RSS parsing issue: status=403; <unknown>:2:1326: not well-formed (invalid token),Warning,Review or replace this source URL if it is important.
2026-06-01 05:46:34,Berkadia Source Expansion,Failed,RSS parsing issue: status=301; <unknown>:7:866: not well-formed (invalid token),Warning,Review or replace this source URL if it is important.
2026-06-01 05:46:34,Walker & Dunlop Source Expansion,Failed,RSS parsing issue: status=301; <unknown>:2:2016: not well-formed (invalid token),Warning,Review or replace this source URL if it is important.
2026-06-01 05:46:34,Commercial Property Executive,Failed,RSS parsing issue: status=403; <unknown>:2:1326: not well-formed (invalid token),Warning,Review or replace this source URL if it is important.
2026-06-01 06:48:06,Yield PRO,Failed,RSS parsing issue: status=403; <unknown>:5:32: not well-formed (invalid token),Warning,Review or replace this source URL if it is important.
2026-06-01 06:48:06,Multi-Housing News,Failed,RSS parsing issue: status=403; <unknown>:2:1246: not well-formed (invalid token),Warning,Review or replace this source URL if it is important.
2026-06-01 06:48:06,GlobeSt,Failed,RSS parsing issue: status=404; <unknown>:2:0: syntax error,Warning,Review or replace this source URL if it is important.
2026-06-01 06:48:06,The Real Deal,Failed,RSS parsing issue: status=301; text/html; charset=utf-8 is not an XML media type,Warning,Review or replace this source URL if it is important.
2026-06-01 06:48:06,Urban Land Institute,Failed,RSS parsing issue: status=403; <unknown>:2:1326: not well-formed (invalid token),Warning,Review or replace this source URL if it is important.
2026-06-01 06:48:06,NMHC News,Failed,RSS parsing issue: status=200; <unknown>:21:2: mismatched tag,Warning,Review or replace this source URL if it is important.
2026-06-01 06:48:06,Walker & Dunlop Insights,Failed,RSS parsing issue: status=301; <unknown>:2:2016: not well-formed (invalid token),Warning,Review or replace this source URL if it is important.
2026-06-01 06:48:06,Berkadia Research,Failed,RSS parsing issue: status=301; <unknown>:7:866: not well-formed (invalid token),Warning,Review or replace this source URL if it is important.
2026-06-01 06:48:06,Hines Newsroom,Failed,RSS parsing issue: status=403; <unknown>:2:1326: not well-formed (invalid token),Warning,Review or replace this source URL if it is important.
2026-06-01 06:48:06,California YIMBY,Failed,RSS parsing issue: <urlopen error [Errno -2] Name or service not known>,Warning,Review or replace this source URL if it is important.
2026-06-01 06:48:06,Hines Source Expansion,Failed,RSS parsing issue: status=403; <unknown>:2:1326: not well-formed (invalid token),Warning,Review or replace this source URL if it is important.
2026-06-01 06:48:06,Berkadia Source Expansion,Failed,RSS parsing issue: status=301; <unknown>:7:866: not well-formed (invalid token),Warning,Review or replace this source URL if it is important.
2026-06-01 06:48:06,Walker & Dunlop Source Expansion,Failed,RSS parsing issue: status=301; <unknown>:2:2016: not well-formed (invalid token),Warning,Review or replace this source URL if it is important.
2026-06-01 06:48:06,Commercial Property Executive,Failed,RSS parsing issue: status=403; <unknown>:2:1326: not well-formed (invalid token),Warning,Review or replace this source URL if it is important.
2026-06-01 07:28:33,Multi-Housing News,Failed,RSS parsing issue: status=403; <unknown>:2:1246: not well-formed (invalid token),Warning,Review or replace this source URL if it is important.
2026-06-01 07:28:33,GlobeSt,Failed,RSS parsing issue: status=404; <unknown>:2:0: syntax error,Warning,Review or replace this source URL if it is important.
2026-06-01 07:28:33,The Real Deal,Failed,RSS parsing issue: status=301; text/html; charset=utf-8 is not an XML media type,Warning,Review or replace this source URL if it is important.
2026-06-01 07:28:33,Urban Land Institute,Failed,RSS parsing issue: status=403; <unknown>:2:1326: not well-formed (invalid token),Warning,Review or replace this source URL if it is important.
2026-06-01 07:28:33,NMHC News,Failed,RSS parsing issue: status=200; <unknown>:21:2: mismatched tag,Warning,Review or replace this source URL if it is important.
2026-06-01 07:28:33,Walker & Dunlop Insights,Failed,RSS parsing issue: status=301; <unknown>:2:2016: not well-formed (invalid token),Warning,Review or replace this source URL if it is important.
2026-06-01 07:28:33,Berkadia Research,Failed,RSS parsing issue: status=301; <unknown>:7:866: not well-formed (invalid token),Warning,Review or replace this source URL if it is important.
2026-06-01 07:28:33,Hines Newsroom,Failed,RSS parsing issue: status=403; <unknown>:2:1326: not well-formed (invalid token),Warning,Review or replace this source URL if it is important.
2026-06-01 07:28:33,California YIMBY,Failed,RSS parsing issue: <urlopen error [Errno -2] Name or service not known>,Warning,Review or replace this source URL if it is important.
2026-06-01 07:28:33,Hines Source Expansion,Failed,RSS parsing issue: status=403; <unknown>:2:1326: not well-formed (invalid token),Warning,Review or replace this source URL if it is important.
2026-06-01 07:28:33,Berkadia Source Expansion,Failed,RSS parsing issue: status=301; <unknown>:7:866: not well-formed (invalid token),Warning,Review or replace this source URL if it is important.
2026-06-01 07:28:33,Walker & Dunlop Source Expansion,Failed,RSS parsing issue: status=301; <unknown>:2:2016: not well-formed (invalid token),Warning,Review or replace this source URL if it is important.
2026-06-01 07:28:33,Commercial Property Executive,Failed,RSS parsing issue: status=403; <unknown>:2:1326: not well-formed (invalid token),Warning,Review or replace this source URL if it is important.
2026-06-01 23:01:46,Multi-Housing News,Failed,RSS parsing issue: status=403; <unknown>:2:1246: not well-formed (invalid token),Warning,Review or replace this source URL if it is important.
2026-06-01 23:01:46,GlobeSt,Failed,RSS parsing issue: status=404; <unknown>:2:0: syntax error,Warning,Review or replace this source URL if it is important.
2026-06-01 23:01:46,The Real Deal,Failed,RSS parsing issue: status=301; text/html; charset=utf-8 is not an XML media type,Warning,Review or replace this source URL if it is important.
2026-06-01 23:01:46,Urban Land Institute,Failed,RSS parsing issue: status=403; <unknown>:2:1326: not well-formed (invalid token),Warning,Review or replace this source URL if it is important.
2026-06-01 23:01:46,NMHC News,Failed,RSS parsing issue: status=200; <unknown>:21:2: mismatched tag,Warning,Review or replace this source URL if it is important.
2026-06-01 23:01:46,Walker & Dunlop Insights,Failed,RSS parsing issue: status=301; <unknown>:2:2016: not well-formed (invalid token),Warning,Review or replace this source URL if it is important.
2026-06-01 23:01:46,Berkadia Research,Failed,RSS parsing issue: status=301; <unknown>:7:866: not well-formed (invalid token),Warning,Review or replace this source URL if it is important.
2026-06-01 23:01:46,Hines Newsroom,Failed,RSS parsing issue: status=403; <unknown>:2:1326: not well-formed (invalid token),Warning,Review or replace this source URL if it is important.
2026-06-01 23:01:46,California YIMBY,Failed,RSS parsing issue: <urlopen error [Errno -2] Name or service not known>,Warning,Review or replace this source URL if it is important.
2026-06-01 23:01:46,Hines Source Expansion,Failed,RSS parsing issue: status=403; <unknown>:2:1326: not well-formed (invalid token),Warning,Review or replace this source URL if it is important.
2026-06-01 23:01:46,Berkadia Source Expansion,Failed,RSS parsing issue: status=301; <unknown>:7:866: not well-formed (invalid token),Warning,Review or replace this source URL if it is important.
2026-06-01 23:01:46,Walker & Dunlop Source Expansion,Failed,RSS parsing issue: status=301; <unknown>:2:2016: not well-formed (invalid token),Warning,Review or replace this source URL if it is important.
2026-06-01 23:01:46,Commercial Property Executive,Failed,RSS parsing issue: status=403; <unknown>:2:1326: not well-formed (invalid token),Warning,Review or replace this source URL if it is important.
2026-06-02 01:03:10,Multi-Housing News,Failed,RSS parsing issue: status=403; <unknown>:2:1246: not well-formed (invalid token),Warning,Review or replace this source URL if it is important.
2026-06-02 01:03:10,GlobeSt,Failed,RSS parsing issue: status=404; <unknown>:2:0: syntax error,Warning,Review or replace this source URL if it is important.
2026-06-02 01:03:10,The Real Deal,Failed,RSS parsing issue: status=301; text/html; charset=utf-8 is not an XML media type,Warning,Review or replace this source URL if it is important.
2026-06-02 01:03:10,Urban Land Institute,Failed,RSS parsing issue: status=403; <unknown>:2:1326: not well-formed (invalid token),Warning,Review or replace this source URL if it is important.
2026-06-02 01:03:10,NMHC News,Failed,RSS parsing issue: status=200; <unknown>:21:2: mismatched tag,Warning,Review or replace this source URL if it is important.
2026-06-02 01:03:10,Walker & Dunlop Insights,Failed,RSS parsing issue: status=301; <unknown>:2:2016: not well-formed (invalid token),Warning,Review or replace this source URL if it is important.
2026-06-02 01:03:10,Berkadia Research,Failed,RSS parsing issue: status=301; <unknown>:7:866: not well-formed (invalid token),Warning,Review or replace this source URL if it is important.
2026-06-02 01:03:10,Hines Newsroom,Failed,RSS parsing issue: status=403; <unknown>:2:1326: not well-formed (invalid token),Warning,Review or replace this source URL if it is important.
2026-06-02 01:03:10,California YIMBY,Failed,RSS parsing issue: <urlopen error [Errno -2] Name or service not known>,Warning,Review or replace this source URL if it is important.
2026-06-02 01:03:10,Hines Source Expansion,Failed,RSS parsing issue: status=403; <unknown>:2:1326: not well-formed (invalid token),Warning,Review or replace this source URL if it is important.
2026-06-02 01:03:10,Berkadia Source Expansion,Failed,RSS parsing issue: status=301; <unknown>:7:866: not well-formed (invalid token),Warning,Review or replace this source URL if it is important.
2026-06-02 01:03:10,Walker & Dunlop Source Expansion,Failed,RSS parsing issue: status=301; <unknown>:2:2016: not well-formed (invalid token),Warning,Review or replace this source URL if it is important.
2026-06-02 01:03:10,Commercial Property Executive,Failed,RSS parsing issue: status=403; <unknown>:2:1326: not well-formed (invalid token),Warning,Review or replace this source URL if it is important.
2026-06-02 02:11:12,Multi-Housing News,Failed,RSS parsing issue: status=403; <unknown>:2:1246: not well-formed (invalid token),Warning,Review or replace this source URL if it is important.
2026-06-02 02:11:12,GlobeSt,Failed,RSS parsing issue: status=404; <unknown>:2:0: syntax error,Warning,Review or replace this source URL if it is important.
2026-06-02 02:11:12,The Real Deal,Failed,RSS parsing issue: status=301; text/html; charset=utf-8 is not an XML media type,Warning,Review or replace this source URL if it is important.
2026-06-02 02:11:12,Urban Land Institute,Failed,RSS parsing issue: status=403; <unknown>:2:1326: not well-formed (invalid token),Warning,Review or replace this source URL if it is important.
2026-06-02 02:11:12,NMHC News,Failed,RSS parsing issue: status=200; <unknown>:21:2: mismatched tag,Warning,Review or replace this source URL if it is important.
2026-06-02 02:11:12,Walker & Dunlop Insights,Failed,RSS parsing issue: status=301; <unknown>:2:2016: not well-formed (invalid token),Warning,Review or replace this source URL if it is important.
2026-06-02 02:11:12,Berkadia Research,Failed,RSS parsing issue: status=301; <unknown>:7:866: not well-formed (invalid token),Warning,Review or replace this source URL if it is important.
2026-06-02 02:11:12,Hines Newsroom,Failed,RSS parsing issue: status=403; <unknown>:2:1326: not well-formed (invalid token),Warning,Review or replace this source URL if it is important.
2026-06-02 02:11:12,California YIMBY,Failed,RSS parsing issue: <urlopen error [Errno -2] Name or service not known>,Warning,Review or replace this source URL if it is important.
2026-06-02 02:11:12,Hines Source Expansion,Failed,RSS parsing issue: status=403; <unknown>:2:1326: not well-formed (invalid token),Warning,Review or replace this source URL if it is important.
2026-06-02 02:11:12,Berkadia Source Expansion,Failed,RSS parsing issue: status=301; <unknown>:7:866: not well-formed (invalid token),Warning,Review or replace this source URL if it is important.
2026-06-02 02:11:12,Walker & Dunlop Source Expansion,Failed,RSS parsing issue: status=301; <unknown>:2:2016: not well-formed (invalid token),Warning,Review or replace this source URL if it is important.
2026-06-02 02:11:12,Commercial Property Executive,Failed,RSS parsing issue: status=403; <unknown>:2:1326: not well-formed (invalid token),Warning,Review or replace this source URL if it is important.
2026-06-02 04:03:08,Multi-Housing News,Failed,RSS parsing issue: status=403; <unknown>:2:1246: not well-formed (invalid token),Warning,Review or replace this source URL if it is important.
2026-06-02 04:03:08,GlobeSt,Failed,RSS parsing issue: status=404; <unknown>:2:0: syntax error,Warning,Review or replace this source URL if it is important.
2026-06-02 04:03:08,The Real Deal,Failed,RSS parsing issue: status=301; text/html; charset=utf-8 is not an XML media type,Warning,Review or replace this source URL if it is important.
2026-06-02 04:03:08,Urban Land Institute,Failed,RSS parsing issue: status=403; <unknown>:2:1326: not well-formed (invalid token),Warning,Review or replace this source URL if it is important.
2026-06-02 04:03:08,NMHC News,Failed,RSS parsing issue: status=200; <unknown>:21:2: mismatched tag,Warning,Review or replace this source URL if it is important.
2026-06-02 04:03:08,Walker & Dunlop Insights,Failed,RSS parsing issue: status=301; <unknown>:2:2016: not well-formed (invalid token),Warning,Review or replace this source URL if it is important.
2026-06-02 04:03:08,Berkadia Research,Failed,RSS parsing issue: status=301; <unknown>:7:866: not well-formed (invalid token),Warning,Review or replace this source URL if it is important.
2026-06-02 04:03:08,Hines Newsroom,Failed,RSS parsing issue: status=403; <unknown>:2:1326: not well-formed (invalid token),Warning,Review or replace this source URL if it is important.
2026-06-02 04:03:08,California YIMBY,Failed,RSS parsing issue: <urlopen error [Errno -2] Name or service not known>,Warning,Review or replace this source URL if it is important.
2026-06-02 04:03:08,Hines Source Expansion,Failed,RSS parsing issue: status=403; <unknown>:2:1326: not well-formed (invalid token),Warning,Review or replace this source URL if it is important.
2026-06-02 04:03:08,Berkadia Source Expansion,Failed,RSS parsing issue: status=301; <unknown>:7:866: not well-formed (invalid token),Warning,Review or replace this source URL if it is important.
2026-06-02 04:03:08,Walker & Dunlop Source Expansion,Failed,RSS parsing issue: status=301; <unknown>:2:2016: not well-formed (invalid token),Warning,Review or replace this source URL if it is important.
2026-06-02 04:03:08,Commercial Property Executive,Failed,RSS parsing issue: status=403; <unknown>:2:1326: not well-formed (invalid token),Warning,Review or replace this source URL if it is important.
2026-06-02 04:54:46,Multi-Housing News,Failed,RSS parsing issue: status=403; <unknown>:2:1246: not well-formed (invalid token),Warning,Review or replace this source URL if it is important.
2026-06-02 04:54:46,GlobeSt,Failed,RSS parsing issue: status=404; <unknown>:2:0: syntax error,Warning,Review or replace this source URL if it is important.
2026-06-02 04:54:46,The Real Deal,Failed,RSS parsing issue: status=301; text/html; charset=utf-8 is not an XML media type,Warning,Review or replace this source URL if it is important.
2026-06-02 04:54:46,Urban Land Institute,Failed,RSS parsing issue: status=403; <unknown>:2:1326: not well-formed (invalid token),Warning,Review or replace this source URL if it is important.
2026-06-02 04:54:46,NMHC News,Failed,RSS parsing issue: status=200; <unknown>:21:2: mismatched tag,Warning,Review or replace this source URL if it is important.
2026-06-02 04:54:46,Walker & Dunlop Insights,Failed,RSS parsing issue: status=301; <unknown>:2:2016: not well-formed (invalid token),Warning,Review or replace this source URL if it is important.
2026-06-02 04:54:46,Berkadia Research,Failed,RSS parsing issue: status=301; <unknown>:7:866: not well-formed (invalid token),Warning,Review or replace this source URL if it is important.
2026-06-02 04:54:46,Hines Newsroom,Failed,RSS parsing issue: status=403; <unknown>:2:1326: not well-formed (invalid token),Warning,Review or replace this source URL if it is important.
2026-06-02 04:54:46,California YIMBY,Failed,RSS parsing issue: <urlopen error [Errno -2] Name or service not known>,Warning,Review or replace this source URL if it is important.
2026-06-02 04:54:46,Hines Source Expansion,Failed,RSS parsing issue: status=403; <unknown>:2:1326: not well-formed (invalid token),Warning,Review or replace this source URL if it is important.
2026-06-02 04:54:46,Berkadia Source Expansion,Failed,RSS parsing issue: status=301; <unknown>:7:866: not well-formed (invalid token),Warning,Review or replace this source URL if it is important.
2026-06-02 04:54:46,Walker & Dunlop Source Expansion,Failed,RSS parsing issue: status=301; <unknown>:2:2016: not well-formed (invalid token),Warning,Review or replace this source URL if it is important.
2026-06-02 04:54:46,Commercial Property Executive,Failed,RSS parsing issue: status=403; <unknown>:2:1326: not well-formed (invalid token),Warning,Review or replace this source URL if it is important.
2026-06-04 00:01:36,Multi-Housing News,Failed,RSS parsing issue: status=403; <unknown>:2:1246: not well-formed (invalid token),Warning,Review or replace this source URL if it is important.
2026-06-04 00:01:36,GlobeSt,Failed,RSS parsing issue: status=404; <unknown>:2:0: syntax error,Warning,Review or replace this source URL if it is important.
2026-06-04 00:01:36,The Real Deal,Failed,RSS parsing issue: status=301; text/html; charset=utf-8 is not an XML media type,Warning,Review or replace this source URL if it is important.
2026-06-04 00:01:36,Urban Land Institute,Failed,RSS parsing issue: status=403; <unknown>:2:1326: not well-formed (invalid token),Warning,Review or replace this source URL if it is important.
2026-06-04 00:01:36,NMHC News,Failed,RSS parsing issue: status=200; <unknown>:21:2: mismatched tag,Warning,Review or replace this source URL if it is important.
2026-06-04 00:01:36,Walker & Dunlop Insights,Failed,RSS parsing issue: status=301; <unknown>:2:2016: not well-formed (invalid token),Warning,Review or replace this source URL if it is important.
2026-06-04 00:01:36,Berkadia Research,Failed,RSS parsing issue: status=301; <unknown>:7:866: not well-formed (invalid token),Warning,Review or replace this source URL if it is important.
2026-06-04 00:01:36,Hines Newsroom,Failed,RSS parsing issue: status=403; <unknown>:2:1326: not well-formed (invalid token),Warning,Review or replace this source URL if it is important.
2026-06-04 00:01:36,California YIMBY,Failed,RSS parsing issue: <urlopen error [Errno -2] Name or service not known>,Warning,Review or replace this source URL if it is important.
2026-06-04 00:01:36,Hines Source Expansion,Failed,RSS parsing issue: status=403; <unknown>:2:1326: not well-formed (invalid token),Warning,Review or replace this source URL if it is important.
2026-06-04 00:01:36,Berkadia Source Expansion,Failed,RSS parsing issue: status=301; <unknown>:7:866: not well-formed (invalid token),Warning,Review or replace this source URL if it is important.
2026-06-04 00:01:36,Walker & Dunlop Source Expansion,Failed,RSS parsing issue: status=301; <unknown>:2:2016: not well-formed (invalid token),Warning,Review or replace this source URL if it is important.
2026-06-04 00:01:36,Commercial Property Executive,Failed,RSS parsing issue: status=403; <unknown>:2:1326: not well-formed (invalid token),Warning,Review or replace this source URL if it is important.
2026-06-04 08:14:13,Multi-Housing News,Failed,RSS parsing issue: status=403; <unknown>:2:1246: not well-formed (invalid token),Warning,Review or replace this source URL if it is important.
2026-06-04 08:14:13,GlobeSt,Failed,RSS parsing issue: status=404; <unknown>:2:0: syntax error,Warning,Review or replace this source URL if it is important.
2026-06-04 08:14:13,The Real Deal,Failed,RSS parsing issue: status=301; text/html; charset=utf-8 is not an XML media type,Warning,Review or replace this source URL if it is important.
2026-06-04 08:14:13,Urban Land Institute,Failed,RSS parsing issue: status=403; <unknown>:2:1326: not well-formed (invalid token),Warning,Review or replace this source URL if it is important.
2026-06-04 08:14:13,NMHC News,Failed,RSS parsing issue: status=200; <unknown>:21:2: mismatched tag,Warning,Review or replace this source URL if it is important.
2026-06-04 08:14:13,Walker & Dunlop Insights,Failed,RSS parsing issue: status=301; <unknown>:2:2016: not well-formed (invalid token),Warning,Review or replace this source URL if it is important.
2026-06-04 08:14:13,Berkadia Research,Failed,RSS parsing issue: status=301; <unknown>:7:866: not well-formed (invalid token),Warning,Review or replace this source URL if it is important.
2026-06-04 08:14:13,Hines Newsroom,Failed,RSS parsing issue: status=403; <unknown>:2:1326: not well-formed (invalid token),Warning,Review or replace this source URL if it is important.
2026-06-04 08:14:13,California YIMBY,Failed,RSS parsing issue: <urlopen error [Errno -2] Name or service not known>,Warning,Review or replace this source URL if it is important.
2026-06-04 08:14:13,Hines Source Expansion,Failed,RSS parsing issue: status=403; <unknown>:2:1326: not well-formed (invalid token),Warning,Review or replace this source URL if it is important.
2026-06-04 08:14:13,Berkadia Source Expansion,Failed,RSS parsing issue: status=301; <unknown>:7:866: not well-formed (invalid token),Warning,Review or replace this source URL if it is important.
2026-06-04 08:14:13,Walker & Dunlop Source Expansion,Failed,RSS parsing issue: status=301; <unknown>:2:2016: not well-formed (invalid token),Warning,Review or replace this source URL if it is important.
2026-06-04 08:14:13,Commercial Property Executive,Failed,RSS parsing issue: status=403; <unknown>:2:1326: not well-formed (invalid token),Warning,Review or replace this source URL if it is important.
2026-06-04 23:02:01,Multi-Housing News,Failed,RSS parsing issue: status=403; <unknown>:2:1246: not well-formed (invalid token),Warning,Review or replace this source URL if it is important.
2026-06-04 23:02:01,GlobeSt,Failed,RSS parsing issue: status=404; <unknown>:2:0: syntax error,Warning,Review or replace this source URL if it is important.
2026-06-04 23:02:01,The Real Deal,Failed,RSS parsing issue: status=301; text/html; charset=utf-8 is not an XML media type,Warning,Review or replace this source URL if it is important.
2026-06-04 23:02:01,Urban Land Institute,Failed,RSS parsing issue: status=403; <unknown>:2:1326: not well-formed (invalid token),Warning,Review or replace this source URL if it is important.
2026-06-04 23:02:01,NMHC News,Failed,RSS parsing issue: status=200; <unknown>:21:2: mismatched tag,Warning,Review or replace this source URL if it is important.
2026-06-04 23:02:01,Walker & Dunlop Insights,Failed,RSS parsing issue: status=301; <unknown>:2:2016: not well-formed (invalid token),Warning,Review or replace this source URL if it is important.
2026-06-04 23:02:01,Berkadia Research,Failed,RSS parsing issue: status=301; <unknown>:7:866: not well-formed (invalid token),Warning,Review or replace this source URL if it is important.
2026-06-04 23:02:01,Hines Newsroom,Failed,RSS parsing issue: status=403; <unknown>:2:1326: not well-formed (invalid token),Warning,Review or replace this source URL if it is important.
2026-06-04 23:02:01,California YIMBY,Failed,RSS parsing issue: <urlopen error [Errno -2] Name or service not known>,Warning,Review or replace this source URL if it is important.
2026-06-04 23:02:01,Connect CRE Charlotte,Failed,RSS parsing issue: status=404; <unknown>:22:51: not well-formed (invalid token),Warning,Review or replace this source URL if it is important.
2026-06-04 23:02:01,Hines Source Expansion,Failed,RSS parsing issue: status=403; <unknown>:2:1326: not well-formed (invalid token),Warning,Review or replace this source URL if it is important.
2026-06-04 23:02:01,Berkadia Source Expansion,Failed,RSS parsing issue: status=301; <unknown>:7:866: not well-formed (invalid token),Warning,Review or replace this source URL if it is important.
2026-06-04 23:02:01,Walker & Dunlop Source Expansion,Failed,RSS parsing issue: status=301; <unknown>:2:2016: not well-formed (invalid token),Warning,Review or replace this source URL if it is important.
2026-06-04 23:02:01,Commercial Property Executive,Failed,RSS parsing issue: status=403; <unknown>:2:1326: not well-formed (invalid token),Warning,Review or replace this source URL if it is important.
2026-06-05 11:41:13,Multi-Housing News,Failed,RSS parsing issue: status=403; <unknown>:2:1246: not well-formed (invalid token),Warning,Review or replace this source URL if it is important.
2026-06-05 11:41:13,GlobeSt,Failed,RSS parsing issue: status=404; <unknown>:2:0: syntax error,Warning,Review or replace this source URL if it is important.
2026-06-05 11:41:13,The Real Deal,Failed,RSS parsing issue: status=301; text/html; charset=utf-8 is not an XML media type,Warning,Review or replace this source URL if it is important.
2026-06-05 11:41:13,Urban Land Institute,Failed,RSS parsing issue: status=403; <unknown>:2:1326: not well-formed (invalid token),Warning,Review or replace this source URL if it is important.
2026-06-05 11:41:13,NMHC News,Failed,RSS parsing issue: status=200; <unknown>:21:2: mismatched tag,Warning,Review or replace this source URL if it is important.
2026-06-05 11:41:13,Walker & Dunlop Insights,Failed,RSS parsing issue: status=301; <unknown>:2:2016: not well-formed (invalid token),Warning,Review or replace this source URL if it is important.
2026-06-05 11:41:13,Berkadia Research,Failed,RSS parsing issue: status=301; <unknown>:7:866: not well-formed (invalid token),Warning,Review or replace this source URL if it is important.
2026-06-05 11:41:13,Hines Newsroom,Failed,RSS parsing issue: status=403; <unknown>:2:1326: not well-formed (invalid token),Warning,Review or replace this source URL if it is important.
2026-06-05 11:41:13,California YIMBY,Failed,RSS parsing issue: <urlopen error [Errno -2] Name or service not known>,Warning,Review or replace this source URL if it is important.
2026-06-05 11:41:13,Connect CRE Charlotte,Failed,RSS parsing issue: status=404; <unknown>:22:51: not well-formed (invalid token),Warning,Review or replace this source URL if it is important.
2026-06-05 11:41:13,Hines Source Expansion,Failed,RSS parsing issue: status=403; <unknown>:2:1326: not well-formed (invalid token),Warning,Review or replace this source URL if it is important.
2026-06-05 11:41:13,Berkadia Source Expansion,Failed,RSS parsing issue: status=301; <unknown>:7:866: not well-formed (invalid token),Warning,Review or replace this source URL if it is important.
2026-06-05 11:41:13,Walker & Dunlop Source Expansion,Failed,RSS parsing issue: status=301; <unknown>:2:2016: not well-formed (invalid token),Warning,Review or replace this source URL if it is important.
2026-06-05 11:41:13,Commercial Property Executive,Failed,RSS parsing issue: status=403; <unknown>:2:1326: not well-formed (invalid token),Warning,Review or replace this source URL if it is important.
2026-06-05 23:01:48,Multi-Housing News,Failed,RSS parsing issue: status=403; <unknown>:2:1246: not well-formed (invalid token),Warning,Review or replace this source URL if it is important.
2026-06-05 23:01:48,GlobeSt,Failed,RSS parsing issue: status=404; <unknown>:2:0: syntax error,Warning,Review or replace this source URL if it is important.
2026-06-05 23:01:48,The Real Deal,Failed,RSS parsing issue: status=301; text/html; charset=utf-8 is not an XML media type,Warning,Review or replace this source URL if it is important.
2026-06-05 23:01:48,Urban Land Institute,Failed,RSS parsing issue: status=403; <unknown>:2:1326: not well-formed (invalid token),Warning,Review or replace this source URL if it is important.
2026-06-05 23:01:48,NMHC News,Failed,RSS parsing issue: status=200; <unknown>:21:2: mismatched tag,Warning,Review or replace this source URL if it is important.
2026-06-05 23:01:48,Walker & Dunlop Insights,Failed,RSS parsing issue: status=301; <unknown>:2:2016: not well-formed (invalid token),Warning,Review or replace this source URL if it is important.
2026-06-05 23:01:48,Berkadia Research,Failed,RSS parsing issue: status=301; <unknown>:7:866: not well-formed (invalid token),Warning,Review or replace this source URL if it is important.
2026-06-05 23:01:48,Hines Newsroom,Failed,RSS parsing issue: status=403; <unknown>:2:1326: not well-formed (invalid token),Warning,Review or replace this source URL if it is important.
2026-06-05 23:01:48,California YIMBY,Failed,RSS parsing issue: <urlopen error [Errno -2] Name or service not known>,Warning,Review or replace this source URL if it is important.
2026-06-05 23:01:48,Connect CRE Charlotte,Failed,RSS parsing issue: status=404; <unknown>:22:51: not well-formed (invalid token),Warning,Review or replace this source URL if it is important.
2026-06-05 23:01:48,Hines Source Expansion,Failed,RSS parsing issue: status=403; <unknown>:2:1326: not well-formed (invalid token),Warning,Review or replace this source URL if it is important.
2026-06-05 23:01:48,Berkadia Source Expansion,Failed,RSS parsing issue: status=301; <unknown>:7:866: not well-formed (invalid token),Warning,Review or replace this source URL if it is important.
2026-06-05 23:01:48,Walker & Dunlop Source Expansion,Failed,RSS parsing issue: status=301; <unknown>:2:2016: not well-formed (invalid token),Warning,Review or replace this source URL if it is important.
2026-06-05 23:01:48,Commercial Property Executive,Failed,RSS parsing issue: status=403; <unknown>:2:1326: not well-formed (invalid token),Warning,Review or replace this source URL if it is important.
2026-06-06 08:19:08,Multi-Housing News,Failed,RSS parsing issue: status=403; <unknown>:2:1246: not well-formed (invalid token),Warning,Review or replace this source URL if it is important.
2026-06-06 08:19:08,GlobeSt,Failed,RSS parsing issue: status=404; <unknown>:2:0: syntax error,Warning,Review or replace this source URL if it is important.
2026-06-06 08:19:08,The Real Deal,Failed,RSS parsing issue: status=301; text/html; charset=utf-8 is not an XML media type,Warning,Review or replace this source URL if it is important.
2026-06-06 08:19:08,Urban Land Institute,Failed,RSS parsing issue: status=403; <unknown>:2:1326: not well-formed (invalid token),Warning,Review or replace this source URL if it is important.
2026-06-06 08:19:08,NMHC News,Failed,RSS parsing issue: status=200; <unknown>:21:2: mismatched tag,Warning,Review or replace this source URL if it is important.
2026-06-06 08:19:08,Walker & Dunlop Insights,Failed,RSS parsing issue: status=301; <unknown>:2:2016: not well-formed (invalid token),Warning,Review or replace this source URL if it is important.
2026-06-06 08:19:08,Berkadia Research,Failed,RSS parsing issue: status=301; <unknown>:7:866: not well-formed (invalid token),Warning,Review or replace this source URL if it is important.
2026-06-06 08:19:08,Hines Newsroom,Failed,RSS parsing issue: status=403; <unknown>:2:1326: not well-formed (invalid token),Warning,Review or replace this source URL if it is important.
2026-06-06 08:19:08,California YIMBY,Failed,RSS parsing issue: <urlopen error [Errno -2] Name or service not known>,Warning,Review or replace this source URL if it is important.
2026-06-06 08:19:08,Connect CRE Charlotte,Failed,RSS parsing issue: status=404; <unknown>:22:51: not well-formed (invalid token),Warning,Review or replace this source URL if it is important.
2026-06-06 08:19:08,Hines Source Expansion,Failed,RSS parsing issue: status=403; <unknown>:2:1326: not well-formed (invalid token),Warning,Review or replace this source URL if it is important.
2026-06-06 08:19:08,Berkadia Source Expansion,Failed,RSS parsing issue: status=301; <unknown>:7:866: not well-formed (invalid token),Warning,Review or replace this source URL if it is important.
2026-06-06 08:19:08,Walker & Dunlop Source Expansion,Failed,RSS parsing issue: status=301; <unknown>:2:2016: not well-formed (invalid token),Warning,Review or replace this source URL if it is important.
2026-06-06 08:19:08,Commercial Property Executive,Failed,RSS parsing issue: status=403; <unknown>:2:1326: not well-formed (invalid token),Warning,Review or replace this source URL if it is important.
2026-06-06 23:03:29,Multi-Housing News,Failed,RSS parsing issue: status=403; <unknown>:2:1246: not well-formed (invalid token),Warning,Review or replace this source URL if it is important.
2026-06-06 23:03:29,GlobeSt,Failed,RSS parsing issue: status=404; <unknown>:2:0: syntax error,Warning,Review or replace this source URL if it is important.
2026-06-06 23:03:29,The Real Deal,Failed,RSS parsing issue: status=301; text/html; charset=utf-8 is not an XML media type,Warning,Review or replace this source URL if it is important.
2026-06-06 23:03:29,Urban Land Institute,Failed,RSS parsing issue: status=403; <unknown>:2:1326: not well-formed (invalid token),Warning,Review or replace this source URL if it is important.
2026-06-06 23:03:29,NMHC News,Failed,RSS parsing issue: status=200; <unknown>:21:2: mismatched tag,Warning,Review or replace this source URL if it is important.
2026-06-06 23:03:29,Walker & Dunlop Insights,Failed,RSS parsing issue: status=301; <unknown>:2:2016: not well-formed (invalid token),Warning,Review or replace this source URL if it is important.
2026-06-06 23:03:29,Berkadia Research,Failed,RSS parsing issue: status=301; <unknown>:7:866: not well-formed (invalid token),Warning,Review or replace this source URL if it is important.
2026-06-06 23:03:29,Hines Newsroom,Failed,RSS parsing issue: status=403; <unknown>:2:1326: not well-formed (invalid token),Warning,Review or replace this source URL if it is important.
2026-06-06 23:03:29,California YIMBY,Failed,RSS parsing issue: <urlopen error [Errno -2] Name or service not known>,Warning,Review or replace this source URL if it is important.
2026-06-06 23:03:29,Connect CRE Charlotte,Failed,RSS parsing issue: status=404; <unknown>:22:51: not well-formed (invalid token),Warning,Review or replace this source URL if it is important.
2026-06-06 23:03:29,Hines Source Expansion,Failed,RSS parsing issue: status=403; <unknown>:2:1326: not well-formed (invalid token),Warning,Review or replace this source URL if it is important.
2026-06-06 23:03:29,Berkadia Source Expansion,Failed,RSS parsing issue: status=301; <unknown>:7:866: not well-formed (invalid token),Warning,Review or replace this source URL if it is important.
2026-06-06 23:03:29,Walker & Dunlop Source Expansion,Failed,RSS parsing issue: status=301; <unknown>:2:2016: not well-formed (invalid token),Warning,Review or replace this source URL if it is important.
2026-06-06 23:03:29,Commercial Property Executive,Failed,RSS parsing issue: status=403; <unknown>:2:1326: not well-formed (invalid token),Warning,Review or replace this source URL if it is important.
2026-06-07 10:12:31,Multi-Housing News,Failed,RSS parsing issue: status=403; <unknown>:2:1246: not well-formed (invalid token),Warning,Review or replace this source URL if it is important.
2026-06-07 10:12:31,GlobeSt,Failed,RSS parsing issue: status=404; <unknown>:2:0: syntax error,Warning,Review or replace this source URL if it is important.
2026-06-07 10:12:31,The Real Deal,Failed,RSS parsing issue: status=301; text/html; charset=utf-8 is not an XML media type,Warning,Review or replace this source URL if it is important.
2026-06-07 10:12:31,Urban Land Institute,Failed,RSS parsing issue: status=403; <unknown>:2:1326: not well-formed (invalid token),Warning,Review or replace this source URL if it is important.
2026-06-07 10:12:31,NMHC News,Failed,RSS parsing issue: status=200; <unknown>:21:2: mismatched tag,Warning,Review or replace this source URL if it is important.
2026-06-07 10:12:31,Walker & Dunlop Insights,Failed,RSS parsing issue: status=301; <unknown>:2:2016: not well-formed (invalid token),Warning,Review or replace this source URL if it is important.
2026-06-07 10:12:31,Berkadia Research,Failed,RSS parsing issue: status=301; <unknown>:7:866: not well-formed (invalid token),Warning,Review or replace this source URL if it is important.
2026-06-07 10:12:31,Hines Newsroom,Failed,RSS parsing issue: status=403; <unknown>:2:1326: not well-formed (invalid token),Warning,Review or replace this source URL if it is important.
2026-06-07 10:12:31,California YIMBY,Failed,RSS parsing issue: <urlopen error [Errno -2] Name or service not known>,Warning,Review or replace this source URL if it is important.
2026-06-07 10:12:31,Connect CRE Charlotte,Failed,RSS parsing issue: status=404; <unknown>:22:51: not well-formed (invalid token),Warning,Review or replace this source URL if it is important.
2026-06-07 10:12:31,Hines Source Expansion,Failed,RSS parsing issue: status=403; <unknown>:2:1326: not well-formed (invalid token),Warning,Review or replace this source URL if it is important.
2026-06-07 10:12:31,Berkadia Source Expansion,Failed,RSS parsing issue: status=301; <unknown>:7:866: not well-formed (invalid token),Warning,Review or replace this source URL if it is important.
2026-06-07 10:12:31,Walker & Dunlop Source Expansion,Failed,RSS parsing issue: status=301; <unknown>:2:2016: not well-formed (invalid token),Warning,Review or replace this source URL if it is important.
2026-06-07 10:12:31,Commercial Property Executive,Failed,RSS parsing issue: status=403; <unknown>:2:1326: not well-formed (invalid token),Warning,Review or replace this source URL if it is important.
2026-06-07 23:01:52,Multi-Housing News,Failed,RSS parsing issue: status=403; <unknown>:2:1246: not well-formed (invalid token),Warning,Review or replace this source URL if it is important.
2026-06-07 23:01:52,GlobeSt,Failed,RSS parsing issue: status=404; <unknown>:2:0: syntax error,Warning,Review or replace this source URL if it is important.
2026-06-07 23:01:52,The Real Deal,Failed,RSS parsing issue: status=301; text/html; charset=utf-8 is not an XML media type,Warning,Review or replace this source URL if it is important.
2026-06-07 23:01:52,Urban Land Institute,Failed,RSS parsing issue: status=403; <unknown>:2:1326: not well-formed (invalid token),Warning,Review or replace this source URL if it is important.
2026-06-07 23:01:52,NMHC News,Failed,RSS parsing issue: status=200; <unknown>:21:2: mismatched tag,Warning,Review or replace this source URL if it is important.
2026-06-07 23:01:52,Walker & Dunlop Insights,Failed,RSS parsing issue: status=301; <unknown>:2:2016: not well-formed (invalid token),Warning,Review or replace this source URL if it is important.
2026-06-07 23:01:52,Berkadia Research,Failed,RSS parsing issue: status=301; <unknown>:7:866: not well-formed (invalid token),Warning,Review or replace this source URL if it is important.
2026-06-07 23:01:52,Hines Newsroom,Failed,RSS parsing issue: status=403; <unknown>:2:1326: not well-formed (invalid token),Warning,Review or replace this source URL if it is important.
2026-06-07 23:01:52,California YIMBY,Failed,RSS parsing issue: <urlopen error [Errno -2] Name or service not known>,Warning,Review or replace this source URL if it is important.
2026-06-07 23:01:52,Connect CRE Charlotte,Failed,RSS parsing issue: status=404; <unknown>:22:51: not well-formed (invalid token),Warning,Review or replace this source URL if it is important.
2026-06-07 23:01:52,Hines Source Expansion,Failed,RSS parsing issue: status=403; <unknown>:2:1326: not well-formed (invalid token),Warning,Review or replace this source URL if it is important.
2026-06-07 23:01:52,Berkadia Source Expansion,Failed,RSS parsing issue: status=301; <unknown>:7:866: not well-formed (invalid token),Warning,Review or replace this source URL if it is important.
2026-06-07 23:01:52,Walker & Dunlop Source Expansion,Failed,RSS parsing issue: status=301; <unknown>:2:2016: not well-formed (invalid token),Warning,Review or replace this source URL if it is important.
2026-06-07 23:01:52,Commercial Property Executive,Failed,RSS parsing issue: status=403; <unknown>:2:1326: not well-formed (invalid token),Warning,Review or replace this source URL if it is important.
2026-06-08 14:38:59,Multi-Housing News,Failed,RSS parsing issue: status=403; <unknown>:2:1246: not well-formed (invalid token),Warning,Review or replace this source URL if it is important.
2026-06-08 14:38:59,GlobeSt,Failed,RSS parsing issue: status=404; <unknown>:2:0: syntax error,Warning,Review or replace this source URL if it is important.
2026-06-08 14:38:59,The Real Deal,Failed,RSS parsing issue: status=301; text/html; charset=utf-8 is not an XML media type,Warning,Review or replace this source URL if it is important.
2026-06-08 14:38:59,Urban Land Institute,Failed,RSS parsing issue: status=403; <unknown>:2:1326: not well-formed (invalid token),Warning,Review or replace this source URL if it is important.
2026-06-08 14:38:59,NMHC News,Failed,RSS parsing issue: status=200; <unknown>:21:2: mismatched tag,Warning,Review or replace this source URL if it is important.
2026-06-08 14:38:59,Walker & Dunlop Insights,Failed,RSS parsing issue: status=301; <unknown>:2:2016: not well-formed (invalid token),Warning,Review or replace this source URL if it is important.
2026-06-08 14:38:59,Berkadia Research,Failed,RSS parsing issue: status=301; <unknown>:7:866: not well-formed (invalid token),Warning,Review or replace this source URL if it is important.
2026-06-08 14:38:59,Hines Newsroom,Failed,RSS parsing issue: status=403; <unknown>:2:1326: not well-formed (invalid token),Warning,Review or replace this source URL if it is important.
2026-06-08 14:38:59,California YIMBY,Failed,RSS parsing issue: <urlopen error [Errno -2] Name or service not known>,Warning,Review or replace this source URL if it is important.
2026-06-08 14:38:59,Connect CRE Charlotte,Failed,RSS parsing issue: status=404; <unknown>:22:51: not well-formed (invalid token),Warning,Review or replace this source URL if it is important.
2026-06-08 14:38:59,Hines Source Expansion,Failed,RSS parsing issue: status=403; <unknown>:2:1326: not well-formed (invalid token),Warning,Review or replace this source URL if it is important.
2026-06-08 14:38:59,Berkadia Source Expansion,Failed,RSS parsing issue: status=301; <unknown>:7:866: not well-formed (invalid token),Warning,Review or replace this source URL if it is important.
2026-06-08 14:38:59,Walker & Dunlop Source Expansion,Failed,RSS parsing issue: status=301; <unknown>:2:2016: not well-formed (invalid token),Warning,Review or replace this source URL if it is important.
2026-06-08 14:38:59,Commercial Property Executive,Failed,RSS parsing issue: status=403; <unknown>:2:1326: not well-formed (invalid token),Warning,Review or replace this source URL if it is important.
2026-06-08 23:01:57,Multi-Housing News,Failed,RSS parsing issue: status=403; <unknown>:2:1246: not well-formed (invalid token),Warning,Review or replace this source URL if it is important.
2026-06-08 23:01:57,GlobeSt,Failed,RSS parsing issue: status=404; <unknown>:2:0: syntax error,Warning,Review or replace this source URL if it is important.
2026-06-08 23:01:57,The Real Deal,Failed,RSS parsing issue: status=301; text/html; charset=utf-8 is not an XML media type,Warning,Review or replace this source URL if it is important.
2026-06-08 23:01:57,Urban Land Institute,Failed,RSS parsing issue: status=403; <unknown>:2:1326: not well-formed (invalid token),Warning,Review or replace this source URL if it is important.
2026-06-08 23:01:57,NMHC News,Failed,RSS parsing issue: status=200; <unknown>:21:2: mismatched tag,Warning,Review or replace this source URL if it is important.
2026-06-08 23:01:57,Walker & Dunlop Insights,Failed,RSS parsing issue: status=301; <unknown>:2:2016: not well-formed (invalid token),Warning,Review or replace this source URL if it is important.
2026-06-08 23:01:57,Berkadia Research,Failed,RSS parsing issue: status=301; <unknown>:7:866: not well-formed (invalid token),Warning,Review or replace this source URL if it is important.
2026-06-08 23:01:57,Hines Newsroom,Failed,RSS parsing issue: status=403; <unknown>:2:1326: not well-formed (invalid token),Warning,Review or replace this source URL if it is important.
2026-06-08 23:01:57,California YIMBY,Failed,RSS parsing issue: <urlopen error [Errno -2] Name or service not known>,Warning,Review or replace this source URL if it is important.
2026-06-08 23:01:57,Connect CRE Charlotte,Failed,RSS parsing issue: status=404; <unknown>:22:51: not well-formed (invalid token),Warning,Review or replace this source URL if it is important.
2026-06-08 23:01:57,Hines Source Expansion,Failed,RSS parsing issue: status=403; <unknown>:2:1326: not well-formed (invalid token),Warning,Review or replace this source URL if it is important.
2026-06-08 23:01:57,Berkadia Source Expansion,Failed,RSS parsing issue: status=301; <unknown>:7:866: not well-formed (invalid token),Warning,Review or replace this source URL if it is important.
2026-06-08 23:01:57,Walker & Dunlop Source Expansion,Failed,RSS parsing issue: status=301; <unknown>:2:2016: not well-formed (invalid token),Warning,Review or replace this source URL if it is important.
2026-06-08 23:01:57,Commercial Property Executive,Failed,RSS parsing issue: status=403; <unknown>:2:1326: not well-formed (invalid token),Warning,Review or replace this source URL if it is important.
2026-06-09 10:50:10,Multi-Housing News,Failed,RSS parsing issue: status=403; <unknown>:2:1246: not well-formed (invalid token),Warning,Review or replace this source URL if it is important.
2026-06-09 10:50:10,GlobeSt,Failed,RSS parsing issue: status=404; <unknown>:2:0: syntax error,Warning,Review or replace this source URL if it is important.
2026-06-09 10:50:10,The Real Deal,Failed,RSS parsing issue: status=301; text/html; charset=utf-8 is not an XML media type,Warning,Review or replace this source URL if it is important.
2026-06-09 10:50:10,Urban Land Institute,Failed,RSS parsing issue: status=403; <unknown>:2:1326: not well-formed (invalid token),Warning,Review or replace this source URL if it is important.
2026-06-09 10:50:10,NMHC News,Failed,RSS parsing issue: status=200; <unknown>:21:2: mismatched tag,Warning,Review or replace this source URL if it is important.
2026-06-09 10:50:10,Walker & Dunlop Insights,Failed,RSS parsing issue: status=301; <unknown>:2:2016: not well-formed (invalid token),Warning,Review or replace this source URL if it is important.
2026-06-09 10:50:10,Berkadia Research,Failed,RSS parsing issue: status=301; <unknown>:7:866: not well-formed (invalid token),Warning,Review or replace this source URL if it is important.
2026-06-09 10:50:10,Hines Newsroom,Failed,RSS parsing issue: status=403; <unknown>:2:1326: not well-formed (invalid token),Warning,Review or replace this source URL if it is important.
2026-06-09 10:50:10,California YIMBY,Failed,RSS parsing issue: <urlopen error [Errno -2] Name or service not known>,Warning,Review or replace this source URL if it is important.
2026-06-09 10:50:10,Connect CRE Charlotte,Failed,RSS parsing issue: status=404; <unknown>:22:51: not well-formed (invalid token),Warning,Review or replace this source URL if it is important.
2026-06-09 10:50:10,Hines Source Expansion,Failed,RSS parsing issue: status=403; <unknown>:2:1326: not well-formed (invalid token),Warning,Review or replace this source URL if it is important.
2026-06-09 10:50:10,Berkadia Source Expansion,Failed,RSS parsing issue: status=301; <unknown>:7:866: not well-formed (invalid token),Warning,Review or replace this source URL if it is important.
2026-06-09 10:50:10,Walker & Dunlop Source Expansion,Failed,RSS parsing issue: status=301; <unknown>:2:2016: not well-formed (invalid token),Warning,Review or replace this source URL if it is important.
2026-06-09 10:50:10,Commercial Property Executive,Failed,RSS parsing issue: status=403; <unknown>:2:1326: not well-formed (invalid token),Warning,Review or replace this source URL if it is important.
2026-06-10 11:57:07,Multi-Housing News,Failed,RSS parsing issue: status=403; <unknown>:2:1246: not well-formed (invalid token),Warning,Review or replace this source URL if it is important.
2026-06-10 11:57:07,GlobeSt,Failed,RSS parsing issue: status=404; <unknown>:2:0: syntax error,Warning,Review or replace this source URL if it is important.
2026-06-10 11:57:07,The Real Deal,Failed,RSS parsing issue: status=301; text/html; charset=utf-8 is not an XML media type,Warning,Review or replace this source URL if it is important.
2026-06-10 11:57:07,Urban Land Institute,Failed,RSS parsing issue: status=403; <unknown>:2:1326: not well-formed (invalid token),Warning,Review or replace this source URL if it is important.
2026-06-10 11:57:07,NMHC News,Failed,RSS parsing issue: status=200; <unknown>:21:2: mismatched tag,Warning,Review or replace this source URL if it is important.
2026-06-10 11:57:07,Walker & Dunlop Insights,Failed,RSS parsing issue: status=301; <unknown>:2:2016: not well-formed (invalid token),Warning,Review or replace this source URL if it is important.
2026-06-10 11:57:07,Berkadia Research,Failed,RSS parsing issue: status=301; <unknown>:7:866: not well-formed (invalid token),Warning,Review or replace this source URL if it is important.
2026-06-10 11:57:07,Hines Newsroom,Failed,RSS parsing issue: status=403; <unknown>:2:1326: not well-formed (invalid token),Warning,Review or replace this source URL if it is important.
2026-06-10 11:57:07,California YIMBY,Failed,RSS parsing issue: <urlopen error [Errno -2] Name or service not known>,Warning,Review or replace this source URL if it is important.
2026-06-10 11:57:07,Connect CRE Charlotte,Failed,RSS parsing issue: status=404; <unknown>:22:51: not well-formed (invalid token),Warning,Review or replace this source URL if it is important.
2026-06-10 11:57:07,Hines Source Expansion,Failed,RSS parsing issue: status=403; <unknown>:2:1326: not well-formed (invalid token),Warning,Review or replace this source URL if it is important.
2026-06-10 11:57:07,Berkadia Source Expansion,Failed,RSS parsing issue: status=301; <unknown>:7:866: not well-formed (invalid token),Warning,Review or replace this source URL if it is important.
2026-06-10 11:57:07,Walker & Dunlop Source Expansion,Failed,RSS parsing issue: status=301; <unknown>:2:2016: not well-formed (invalid token),Warning,Review or replace this source URL if it is important.
2026-06-10 11:57:07,Commercial Property Executive,Failed,RSS parsing issue: status=403; <unknown>:2:1326: not well-formed (invalid token),Warning,Review or replace this source URL if it is important.
2026-06-11 00:17:15,Multi-Housing News,Failed,RSS parsing issue: status=403; <unknown>:2:1246: not well-formed (invalid token),Warning,Review or replace this source URL if it is important.
2026-06-11 00:17:15,GlobeSt,Failed,RSS parsing issue: status=404; <unknown>:2:0: syntax error,Warning,Review or replace this source URL if it is important.
2026-06-11 00:17:15,The Real Deal,Failed,RSS parsing issue: status=301; text/html; charset=utf-8 is not an XML media type,Warning,Review or replace this source URL if it is important.
2026-06-11 00:17:15,Urban Land Institute,Failed,RSS parsing issue: status=403; <unknown>:2:1326: not well-formed (invalid token),Warning,Review or replace this source URL if it is important.
2026-06-11 00:17:15,NMHC News,Failed,RSS parsing issue: status=200; <unknown>:21:2: mismatched tag,Warning,Review or replace this source URL if it is important.
2026-06-11 00:17:15,Walker & Dunlop Insights,Failed,RSS parsing issue: status=301; <unknown>:2:2016: not well-formed (invalid token),Warning,Review or replace this source URL if it is important.
2026-06-11 00:17:15,Berkadia Research,Failed,RSS parsing issue: status=301; <unknown>:7:866: not well-formed (invalid token),Warning,Review or replace this source URL if it is important.
2026-06-11 00:17:15,Hines Newsroom,Failed,RSS parsing issue: status=403; <unknown>:2:1326: not well-formed (invalid token),Warning,Review or replace this source URL if it is important.
2026-06-11 00:17:15,California YIMBY,Failed,RSS parsing issue: <urlopen error [Errno -2] Name or service not known>,Warning,Review or replace this source URL if it is important.
2026-06-11 00:17:15,Connect CRE Charlotte,Failed,RSS parsing issue: status=404; <unknown>:22:51: not well-formed (invalid token),Warning,Review or replace this source URL if it is important.
2026-06-11 00:17:15,Hines Source Expansion,Failed,RSS parsing issue: status=403; <unknown>:2:1326: not well-formed (invalid token),Warning,Review or replace this source URL if it is important.
2026-06-11 00:17:15,Berkadia Source Expansion,Failed,RSS parsing issue: status=301; <unknown>:7:866: not well-formed (invalid token),Warning,Review or replace this source URL if it is important.
2026-06-11 00:17:15,Walker & Dunlop Source Expansion,Failed,RSS parsing issue: status=301; <unknown>:2:2016: not well-formed (invalid token),Warning,Review or replace this source URL if it is important.
2026-06-11 00:17:15,Commercial Property Executive,Failed,RSS parsing issue: status=403; <unknown>:2:1326: not well-formed (invalid token),Warning,Review or replace this source URL if it is important.
2026-06-12 00:20:41,Multi-Housing News,Failed,RSS parsing issue: status=403; <unknown>:2:1246: not well-formed (invalid token),Warning,Review or replace this source URL if it is important.
2026-06-12 00:20:41,GlobeSt,Failed,RSS parsing issue: status=404; <unknown>:2:0: syntax error,Warning,Review or replace this source URL if it is important.
2026-06-12 00:20:41,The Real Deal,Failed,RSS parsing issue: status=301; text/html; charset=utf-8 is not an XML media type,Warning,Review or replace this source URL if it is important.
2026-06-12 00:20:41,Urban Land Institute,Failed,RSS parsing issue: status=403; <unknown>:2:1326: not well-formed (invalid token),Warning,Review or replace this source URL if it is important.
2026-06-12 00:20:41,NMHC News,Failed,RSS parsing issue: status=200; <unknown>:21:2: mismatched tag,Warning,Review or replace this source URL if it is important.
2026-06-12 00:20:41,Walker & Dunlop Insights,Failed,RSS parsing issue: status=301; <unknown>:2:2016: not well-formed (invalid token),Warning,Review or replace this source URL if it is important.
2026-06-12 00:20:41,Berkadia Research,Failed,RSS parsing issue: status=301; <unknown>:7:866: not well-formed (invalid token),Warning,Review or replace this source URL if it is important.
2026-06-12 00:20:41,Hines Newsroom,Failed,RSS parsing issue: status=403; <unknown>:2:1326: not well-formed (invalid token),Warning,Review or replace this source URL if it is important.
2026-06-12 00:20:41,California YIMBY,Failed,RSS parsing issue: <urlopen error [Errno -2] Name or service not known>,Warning,Review or replace this source URL if it is important.
2026-06-12 00:20:41,Connect CRE Charlotte,Failed,RSS parsing issue: status=404; <unknown>:22:51: not well-formed (invalid token),Warning,Review or replace this source URL if it is important.
2026-06-12 00:20:41,Hines Source Expansion,Failed,RSS parsing issue: status=403; <unknown>:2:1326: not well-formed (invalid token),Warning,Review or replace this source URL if it is important.
2026-06-12 00:20:41,Berkadia Source Expansion,Failed,RSS parsing issue: status=301; <unknown>:7:866: not well-formed (invalid token),Warning,Review or replace this source URL if it is important.
2026-06-12 00:20:41,Walker & Dunlop Source Expansion,Failed,RSS parsing issue: status=301; <unknown>:2:2016: not well-formed (invalid token),Warning,Review or replace this source URL if it is important.
2026-06-12 00:20:41,Commercial Property Executive,Failed,RSS parsing issue: status=403; <unknown>:2:1326: not well-formed (invalid token),Warning,Review or replace this source URL if it is important.
2026-06-13 00:21:46,Multi-Housing News,Failed,RSS parsing issue: status=403; <unknown>:2:1246: not well-formed (invalid token),Warning,Review or replace this source URL if it is important.
2026-06-13 00:21:46,GlobeSt,Failed,RSS parsing issue: status=404; <unknown>:2:0: syntax error,Warning,Review or replace this source URL if it is important.
2026-06-13 00:21:46,The Real Deal,Failed,RSS parsing issue: status=301; text/html; charset=utf-8 is not an XML media type,Warning,Review or replace this source URL if it is important.
2026-06-13 00:21:46,Urban Land Institute,Failed,RSS parsing issue: status=403; <unknown>:2:1326: not well-formed (invalid token),Warning,Review or replace this source URL if it is important.
2026-06-13 00:21:46,NMHC News,Failed,RSS parsing issue: status=200; <unknown>:21:2: mismatched tag,Warning,Review or replace this source URL if it is important.
2026-06-13 00:21:46,Walker & Dunlop Insights,Failed,RSS parsing issue: status=301; <unknown>:2:2016: not well-formed (invalid token),Warning,Review or replace this source URL if it is important.
2026-06-13 00:21:46,Berkadia Research,Failed,RSS parsing issue: status=301; <unknown>:7:866: not well-formed (invalid token),Warning,Review or replace this source URL if it is important.
2026-06-13 00:21:46,Hines Newsroom,Failed,RSS parsing issue: status=403; <unknown>:2:1326: not well-formed (invalid token),Warning,Review or replace this source URL if it is important.
2026-06-13 00:21:46,California YIMBY,Failed,RSS parsing issue: <urlopen error [Errno -2] Name or service not known>,Warning,Review or replace this source URL if it is important.
2026-06-13 00:21:46,Connect CRE Charlotte,Failed,RSS parsing issue: status=404; <unknown>:22:51: not well-formed (invalid token),Warning,Review or replace this source URL if it is important.
2026-06-13 00:21:46,Hines Source Expansion,Failed,RSS parsing issue: status=403; <unknown>:2:1326: not well-formed (invalid token),Warning,Review or replace this source URL if it is important.
2026-06-13 00:21:46,Berkadia Source Expansion,Failed,RSS parsing issue: status=301; <unknown>:7:866: not well-formed (invalid token),Warning,Review or replace this source URL if it is important.
2026-06-13 00:21:46,Walker & Dunlop Source Expansion,Failed,RSS parsing issue: status=301; <unknown>:2:2016: not well-formed (invalid token),Warning,Review or replace this source URL if it is important.
2026-06-13 00:21:46,Commercial Property Executive,Failed,RSS parsing issue: status=403; <unknown>:2:1326: not well-formed (invalid token),Warning,Review or replace this source URL if it is important.
2026-06-14 00:09:04,Multi-Housing News,Failed,RSS parsing issue: status=403; <unknown>:2:1246: not well-formed (invalid token),Warning,Review or replace this source URL if it is important.
2026-06-14 00:09:04,GlobeSt,Failed,RSS parsing issue: status=404; <unknown>:2:0: syntax error,Warning,Review or replace this source URL if it is important.
2026-06-14 00:09:04,The Real Deal,Failed,RSS parsing issue: status=301; text/html; charset=utf-8 is not an XML media type,Warning,Review or replace this source URL if it is important.
2026-06-14 00:09:04,Urban Land Institute,Failed,RSS parsing issue: status=403; <unknown>:2:1326: not well-formed (invalid token),Warning,Review or replace this source URL if it is important.
2026-06-14 00:09:04,NMHC News,Failed,RSS parsing issue: status=200; <unknown>:21:2: mismatched tag,Warning,Review or replace this source URL if it is important.
2026-06-14 00:09:04,Walker & Dunlop Insights,Failed,RSS parsing issue: status=301; <unknown>:2:2016: not well-formed (invalid token),Warning,Review or replace this source URL if it is important.
2026-06-14 00:09:04,Berkadia Research,Failed,RSS parsing issue: status=301; <unknown>:7:866: not well-formed (invalid token),Warning,Review or replace this source URL if it is important.
2026-06-14 00:09:04,Hines Newsroom,Failed,RSS parsing issue: status=403; <unknown>:2:1326: not well-formed (invalid token),Warning,Review or replace this source URL if it is important.
2026-06-14 00:09:04,California YIMBY,Failed,RSS parsing issue: <urlopen error [Errno -2] Name or service not known>,Warning,Review or replace this source URL if it is important.
2026-06-14 00:09:04,Connect CRE Charlotte,Failed,RSS parsing issue: status=404; <unknown>:22:51: not well-formed (invalid token),Warning,Review or replace this source URL if it is important.
2026-06-14 00:09:04,Hines Source Expansion,Failed,RSS parsing issue: status=403; <unknown>:2:1326: not well-formed (invalid token),Warning,Review or replace this source URL if it is important.
2026-06-14 00:09:04,Berkadia Source Expansion,Failed,RSS parsing issue: status=301; <unknown>:7:866: not well-formed (invalid token),Warning,Review or replace this source URL if it is important.
2026-06-14 00:09:04,Walker & Dunlop Source Expansion,Failed,RSS parsing issue: status=301; <unknown>:2:2016: not well-formed (invalid token),Warning,Review or replace this source URL if it is important.
2026-06-14 00:09:04,Commercial Property Executive,Failed,RSS parsing issue: status=403; <unknown>:2:1326: not well-formed (invalid token),Warning,Review or replace this source URL if it is important.
2026-06-15 00:10:53,Multi-Housing News,Failed,RSS parsing issue: status=403; <unknown>:2:1246: not well-formed (invalid token),Warning,Review or replace this source URL if it is important.
2026-06-15 00:10:53,GlobeSt,Failed,RSS parsing issue: status=404; <unknown>:2:0: syntax error,Warning,Review or replace this source URL if it is important.
2026-06-15 00:10:53,The Real Deal,Failed,RSS parsing issue: status=301; text/html; charset=utf-8 is not an XML media type,Warning,Review or replace this source URL if it is important.
2026-06-15 00:10:53,Urban Land Institute,Failed,RSS parsing issue: status=403; <unknown>:2:1326: not well-formed (invalid token),Warning,Review or replace this source URL if it is important.
2026-06-15 00:10:53,NMHC News,Failed,RSS parsing issue: status=200; <unknown>:21:2: mismatched tag,Warning,Review or replace this source URL if it is important.
2026-06-15 00:10:53,Walker & Dunlop Insights,Failed,RSS parsing issue: status=301; <unknown>:2:2016: not well-formed (invalid token),Warning,Review or replace this source URL if it is important.
2026-06-15 00:10:53,Berkadia Research,Failed,RSS parsing issue: status=301; <unknown>:7:866: not well-formed (invalid token),Warning,Review or replace this source URL if it is important.
2026-06-15 00:10:53,Hines Newsroom,Failed,RSS parsing issue: status=403; <unknown>:2:1326: not well-formed (invalid token),Warning,Review or replace this source URL if it is important.
2026-06-15 00:10:53,California YIMBY,Failed,RSS parsing issue: <urlopen error [Errno -2] Name or service not known>,Warning,Review or replace this source URL if it is important.
2026-06-15 00:10:53,Connect CRE Charlotte,Failed,RSS parsing issue: status=404; <unknown>:22:51: not well-formed (invalid token),Warning,Review or replace this source URL if it is important.
2026-06-15 00:10:53,Hines Source Expansion,Failed,RSS parsing issue: status=403; <unknown>:2:1326: not well-formed (invalid token),Warning,Review or replace this source URL if it is important.
2026-06-15 00:10:53,Berkadia Source Expansion,Failed,RSS parsing issue: status=301; <unknown>:7:866: not well-formed (invalid token),Warning,Review or replace this source URL if it is important.
2026-06-15 00:10:53,Walker & Dunlop Source Expansion,Failed,RSS parsing issue: status=301; <unknown>:2:2016: not well-formed (invalid token),Warning,Review or replace this source URL if it is important.
2026-06-15 00:10:53,Commercial Property Executive,Failed,RSS parsing issue: status=403; <unknown>:2:1326: not well-formed (invalid token),Warning,Review or replace this source URL if it is important.
2026-06-16 01:43:20,Multi-Housing News,Failed,RSS parsing issue: status=403; <unknown>:2:1246: not well-formed (invalid token),Warning,Review or replace this source URL if it is important.
2026-06-16 01:43:20,GlobeSt,Failed,RSS parsing issue: status=404; <unknown>:2:0: syntax error,Warning,Review or replace this source URL if it is important.
2026-06-16 01:43:20,The Real Deal,Failed,RSS parsing issue: status=301; text/html; charset=utf-8 is not an XML media type,Warning,Review or replace this source URL if it is important.
2026-06-16 01:43:20,Urban Land Institute,Failed,RSS parsing issue: status=403; <unknown>:2:1326: not well-formed (invalid token),Warning,Review or replace this source URL if it is important.
2026-06-16 01:43:20,NMHC News,Failed,RSS parsing issue: status=200; <unknown>:21:2: mismatched tag,Warning,Review or replace this source URL if it is important.
2026-06-16 01:43:20,Walker & Dunlop Insights,Failed,RSS parsing issue: status=301; <unknown>:2:2016: not well-formed (invalid token),Warning,Review or replace this source URL if it is important.
2026-06-16 01:43:20,Berkadia Research,Failed,RSS parsing issue: status=301; <unknown>:7:866: not well-formed (invalid token),Warning,Review or replace this source URL if it is important.
2026-06-16 01:43:20,Hines Newsroom,Failed,RSS parsing issue: status=403; <unknown>:2:1326: not well-formed (invalid token),Warning,Review or replace this source URL if it is important.
2026-06-16 01:43:20,California YIMBY,Failed,RSS parsing issue: <urlopen error [Errno -2] Name or service not known>,Warning,Review or replace this source URL if it is important.
2026-06-16 01:43:20,Connect CRE Charlotte,Failed,RSS parsing issue: status=404; <unknown>:22:51: not well-formed (invalid token),Warning,Review or replace this source URL if it is important.
2026-06-16 01:43:20,Hines Source Expansion,Failed,RSS parsing issue: status=403; <unknown>:2:1326: not well-formed (invalid token),Warning,Review or replace this source URL if it is important.
2026-06-16 01:43:20,Berkadia Source Expansion,Failed,RSS parsing issue: status=301; <unknown>:7:866: not well-formed (invalid token),Warning,Review or replace this source URL if it is important.
2026-06-16 01:43:20,Walker & Dunlop Source Expansion,Failed,RSS parsing issue: status=301; <unknown>:2:2016: not well-formed (invalid token),Warning,Review or replace this source URL if it is important.
2026-06-16 01:43:20,Commercial Property Executive,Failed,RSS parsing issue: status=403; <unknown>:2:1326: not well-formed (invalid token),Warning,Review or replace this source URL if it is important.
2026-06-17 00:18:13,Yield PRO,Failed,RSS parsing issue: status=403; <unknown>:5:32: not well-formed (invalid token),Warning,Review or replace this source URL if it is important.
2026-06-17 00:18:13,Multi-Housing News,Failed,RSS parsing issue: status=403; <unknown>:2:1246: not well-formed (invalid token),Warning,Review or replace this source URL if it is important.
2026-06-17 00:18:13,GlobeSt,Failed,RSS parsing issue: status=404; <unknown>:2:0: syntax error,Warning,Review or replace this source URL if it is important.
2026-06-17 00:18:13,The Real Deal,Failed,RSS parsing issue: status=301; text/html; charset=utf-8 is not an XML media type,Warning,Review or replace this source URL if it is important.
2026-06-17 00:18:13,Urban Land Institute,Failed,RSS parsing issue: status=403; <unknown>:2:1326: not well-formed (invalid token),Warning,Review or replace this source URL if it is important.
2026-06-17 00:18:13,NMHC News,Failed,RSS parsing issue: status=200; <unknown>:21:2: mismatched tag,Warning,Review or replace this source URL if it is important.
2026-06-17 00:18:13,Walker & Dunlop Insights,Failed,RSS parsing issue: status=301; <unknown>:2:2016: not well-formed (invalid token),Warning,Review or replace this source URL if it is important.
2026-06-17 00:18:13,Berkadia Research,Failed,RSS parsing issue: status=301; <unknown>:7:866: not well-formed (invalid token),Warning,Review or replace this source URL if it is important.
2026-06-17 00:18:13,Hines Newsroom,Failed,RSS parsing issue: status=403; <unknown>:2:1326: not well-formed (invalid token),Warning,Review or replace this source URL if it is important.
2026-06-17 00:18:13,California YIMBY,Failed,RSS parsing issue: <urlopen error [Errno -2] Name or service not known>,Warning,Review or replace this source URL if it is important.
2026-06-17 00:18:13,Connect CRE Charlotte,Failed,RSS parsing issue: status=404; <unknown>:22:51: not well-formed (invalid token),Warning,Review or replace this source URL if it is important.
2026-06-17 00:18:13,Hines Source Expansion,Failed,RSS parsing issue: status=403; <unknown>:2:1326: not well-formed (invalid token),Warning,Review or replace this source URL if it is important.
2026-06-17 00:18:13,Berkadia Source Expansion,Failed,RSS parsing issue: status=301; <unknown>:7:866: not well-formed (invalid token),Warning,Review or replace this source URL if it is important.
2026-06-17 00:18:13,Walker & Dunlop Source Expansion,Failed,RSS parsing issue: status=301; <unknown>:2:2016: not well-formed (invalid token),Warning,Review or replace this source URL if it is important.
2026-06-17 00:18:13,Commercial Property Executive,Failed,RSS parsing issue: status=403; <unknown>:2:1326: not well-formed (invalid token),Warning,Review or replace this source URL if it is important.
2026-06-18 00:17:25,Multi-Housing News,Failed,RSS parsing issue: status=403; <unknown>:2:1246: not well-formed (invalid token),Warning,Review or replace this source URL if it is important.
2026-06-18 00:17:25,GlobeSt,Failed,RSS parsing issue: status=404; <unknown>:2:0: syntax error,Warning,Review or replace this source URL if it is important.
2026-06-18 00:17:25,The Real Deal,Failed,RSS parsing issue: status=301; text/html; charset=utf-8 is not an XML media type,Warning,Review or replace this source URL if it is important.
2026-06-18 00:17:25,Urban Land Institute,Failed,RSS parsing issue: status=403; <unknown>:2:1326: not well-formed (invalid token),Warning,Review or replace this source URL if it is important.
2026-06-18 00:17:25,NMHC News,Failed,RSS parsing issue: status=200; <unknown>:21:2: mismatched tag,Warning,Review or replace this source URL if it is important.
2026-06-18 00:17:25,Walker & Dunlop Insights,Failed,RSS parsing issue: status=301; <unknown>:2:2016: not well-formed (invalid token),Warning,Review or replace this source URL if it is important.
2026-06-18 00:17:25,Berkadia Research,Failed,RSS parsing issue: status=301; <unknown>:7:866: not well-formed (invalid token),Warning,Review or replace this source URL if it is important.
2026-06-18 00:17:25,Hines Newsroom,Failed,RSS parsing issue: status=403; <unknown>:2:1326: not well-formed (invalid token),Warning,Review or replace this source URL if it is important.
2026-06-18 00:17:25,California YIMBY,Failed,RSS parsing issue: <urlopen error [Errno -2] Name or service not known>,Warning,Review or replace this source URL if it is important.
2026-06-18 00:17:25,Connect CRE Charlotte,Failed,RSS parsing issue: status=404; <unknown>:22:51: not well-formed (invalid token),Warning,Review or replace this source URL if it is important.
2026-06-18 00:17:25,Hines Source Expansion,Failed,RSS parsing issue: status=403; <unknown>:2:1326: not well-formed (invalid token),Warning,Review or replace this source URL if it is important.
2026-06-18 00:17:25,Berkadia Source Expansion,Failed,RSS parsing issue: status=301; <unknown>:7:866: not well-formed (invalid token),Warning,Review or replace this source URL if it is important.
2026-06-18 00:17:25,Walker & Dunlop Source Expansion,Failed,RSS parsing issue: status=301; <unknown>:2:2016: not well-formed (invalid token),Warning,Review or replace this source URL if it is important.
2026-06-18 00:17:25,Commercial Property Executive,Failed,RSS parsing issue: status=403; <unknown>:2:1326: not well-formed (invalid token),Warning,Review or replace this source URL if it is important.
2026-06-19 00:28:03,Multi-Housing News,Failed,RSS parsing issue: status=403; <unknown>:2:1246: not well-formed (invalid token),Warning,Review or replace this source URL if it is important.
2026-06-19 00:28:03,GlobeSt,Failed,RSS parsing issue: status=404; <unknown>:2:0: syntax error,Warning,Review or replace this source URL if it is important.
2026-06-19 00:28:03,The Real Deal,Failed,RSS parsing issue: status=301; text/html; charset=utf-8 is not an XML media type,Warning,Review or replace this source URL if it is important.
2026-06-19 00:28:03,Urban Land Institute,Failed,RSS parsing issue: status=403; <unknown>:2:1326: not well-formed (invalid token),Warning,Review or replace this source URL if it is important.
2026-06-19 00:28:03,NMHC News,Failed,RSS parsing issue: status=200; <unknown>:21:2: mismatched tag,Warning,Review or replace this source URL if it is important.
2026-06-19 00:28:03,Walker & Dunlop Insights,Failed,RSS parsing issue: status=301; <unknown>:2:2016: not well-formed (invalid token),Warning,Review or replace this source URL if it is important.
2026-06-19 00:28:03,Berkadia Research,Failed,RSS parsing issue: status=301; <unknown>:7:866: not well-formed (invalid token),Warning,Review or replace this source URL if it is important.
2026-06-19 00:28:03,Hines Newsroom,Failed,RSS parsing issue: status=403; <unknown>:2:1326: not well-formed (invalid token),Warning,Review or replace this source URL if it is important.
2026-06-19 00:28:03,California YIMBY,Failed,RSS parsing issue: <urlopen error [Errno -2] Name or service not known>,Warning,Review or replace this source URL if it is important.
2026-06-19 00:28:03,Connect CRE Charlotte,Failed,RSS parsing issue: status=404; <unknown>:22:51: not well-formed (invalid token),Warning,Review or replace this source URL if it is important.
2026-06-19 00:28:03,Hines Source Expansion,Failed,RSS parsing issue: status=403; <unknown>:2:1326: not well-formed (invalid token),Warning,Review or replace this source URL if it is important.
2026-06-19 00:28:03,Berkadia Source Expansion,Failed,RSS parsing issue: status=301; <unknown>:7:866: not well-formed (invalid token),Warning,Review or replace this source URL if it is important.
2026-06-19 00:28:03,Walker & Dunlop Source Expansion,Failed,RSS parsing issue: status=301; <unknown>:2:2016: not well-formed (invalid token),Warning,Review or replace this source URL if it is important.
2026-06-19 00:28:03,Commercial Property Executive,Failed,RSS parsing issue: status=403; <unknown>:2:1326: not well-formed (invalid token),Warning,Review or replace this source URL if it is important.
2026-06-20 00:10:47,Multi-Housing News,Failed,RSS parsing issue: status=403; <unknown>:2:1246: not well-formed (invalid token),Warning,Review or replace this source URL if it is important.
2026-06-20 00:10:47,GlobeSt,Failed,RSS parsing issue: status=404; <unknown>:2:0: syntax error,Warning,Review or replace this source URL if it is important.
2026-06-20 00:10:47,The Real Deal,Failed,RSS parsing issue: status=301; text/html; charset=utf-8 is not an XML media type,Warning,Review or replace this source URL if it is important.
2026-06-20 00:10:47,Urban Land Institute,Failed,RSS parsing issue: status=403; <unknown>:2:1326: not well-formed (invalid token),Warning,Review or replace this source URL if it is important.
2026-06-20 00:10:47,NMHC News,Failed,RSS parsing issue: status=200; <unknown>:21:2: mismatched tag,Warning,Review or replace this source URL if it is important.
2026-06-20 00:10:47,Walker & Dunlop Insights,Failed,RSS parsing issue: status=301; <unknown>:2:2016: not well-formed (invalid token),Warning,Review or replace this source URL if it is important.
2026-06-20 00:10:47,Berkadia Research,Failed,RSS parsing issue: status=301; <unknown>:7:866: not well-formed (invalid token),Warning,Review or replace this source URL if it is important.
2026-06-20 00:10:47,Hines Newsroom,Failed,RSS parsing issue: status=403; <unknown>:2:1326: not well-formed (invalid token),Warning,Review or replace this source URL if it is important.
2026-06-20 00:10:47,California YIMBY,Failed,RSS parsing issue: <urlopen error [Errno -2] Name or service not known>,Warning,Review or replace this source URL if it is important.
2026-06-20 00:10:47,Connect CRE Charlotte,Failed,RSS parsing issue: status=404; <unknown>:22:51: not well-formed (invalid token),Warning,Review or replace this source URL if it is important.
2026-06-20 00:10:47,Hines Source Expansion,Failed,RSS parsing issue: status=403; <unknown>:2:1326: not well-formed (invalid token),Warning,Review or replace this source URL if it is important.
2026-06-20 00:10:47,Berkadia Source Expansion,Failed,RSS parsing issue: status=301; <unknown>:7:866: not well-formed (invalid token),Warning,Review or replace this source URL if it is important.
2026-06-20 00:10:47,Walker & Dunlop Source Expansion,Failed,RSS parsing issue: status=301; <unknown>:2:2016: not well-formed (invalid token),Warning,Review or replace this source URL if it is important.
2026-06-20 00:10:47,Commercial Property Executive,Failed,RSS parsing issue: status=403; <unknown>:2:1326: not well-formed (invalid token),Warning,Review or replace this source URL if it is important.
2026-06-21 00:07:47,Multi-Housing News,Failed,RSS parsing issue: status=403; <unknown>:2:1246: not well-formed (invalid token),Warning,Review or replace this source URL if it is important.
2026-06-21 00:07:47,GlobeSt,Failed,RSS parsing issue: status=404; <unknown>:2:0: syntax error,Warning,Review or replace this source URL if it is important.
2026-06-21 00:07:47,The Real Deal,Failed,RSS parsing issue: status=301; text/html; charset=utf-8 is not an XML media type,Warning,Review or replace this source URL if it is important.
2026-06-21 00:07:47,Urban Land Institute,Failed,RSS parsing issue: status=403; <unknown>:2:1326: not well-formed (invalid token),Warning,Review or replace this source URL if it is important.
2026-06-21 00:07:47,NMHC News,Failed,RSS parsing issue: status=200; <unknown>:21:2: mismatched tag,Warning,Review or replace this source URL if it is important.
2026-06-21 00:07:47,Walker & Dunlop Insights,Failed,RSS parsing issue: status=301; <unknown>:2:2016: not well-formed (invalid token),Warning,Review or replace this source URL if it is important.
2026-06-21 00:07:47,Berkadia Research,Failed,RSS parsing issue: status=301; <unknown>:7:866: not well-formed (invalid token),Warning,Review or replace this source URL if it is important.
2026-06-21 00:07:47,Hines Newsroom,Failed,RSS parsing issue: status=403; <unknown>:2:1326: not well-formed (invalid token),Warning,Review or replace this source URL if it is important.
2026-06-21 00:07:47,California YIMBY,Failed,RSS parsing issue: <urlopen error [Errno -2] Name or service not known>,Warning,Review or replace this source URL if it is important.
2026-06-21 00:07:47,Connect CRE Charlotte,Failed,RSS parsing issue: status=404; <unknown>:22:51: not well-formed (invalid token),Warning,Review or replace this source URL if it is important.
2026-06-21 00:07:47,Hines Source Expansion,Failed,RSS parsing issue: status=403; <unknown>:2:1326: not well-formed (invalid token),Warning,Review or replace this source URL if it is important.
2026-06-21 00:07:47,Berkadia Source Expansion,Failed,RSS parsing issue: status=301; <unknown>:7:866: not well-formed (invalid token),Warning,Review or replace this source URL if it is important.
2026-06-21 00:07:47,Walker & Dunlop Source Expansion,Failed,RSS parsing issue: status=301; <unknown>:2:2016: not well-formed (invalid token),Warning,Review or replace this source URL if it is important.
2026-06-21 00:07:47,Commercial Property Executive,Failed,RSS parsing issue: status=403; <unknown>:2:1326: not well-formed (invalid token),Warning,Review or replace this source URL if it is important.
2026-06-22 00:13:13,Multi-Housing News,Failed,RSS parsing issue: status=403; <unknown>:2:1246: not well-formed (invalid token),Warning,Review or replace this source URL if it is important.
2026-06-22 00:13:13,GlobeSt,Failed,RSS parsing issue: status=404; <unknown>:2:0: syntax error,Warning,Review or replace this source URL if it is important.
2026-06-22 00:13:13,The Real Deal,Failed,RSS parsing issue: status=301; text/html; charset=utf-8 is not an XML media type,Warning,Review or replace this source URL if it is important.
2026-06-22 00:13:13,Urban Land Institute,Failed,RSS parsing issue: status=403; <unknown>:2:1326: not well-formed (invalid token),Warning,Review or replace this source URL if it is important.
2026-06-22 00:13:13,NMHC News,Failed,RSS parsing issue: status=200; <unknown>:21:2: mismatched tag,Warning,Review or replace this source URL if it is important.
2026-06-22 00:13:13,Walker & Dunlop Insights,Failed,RSS parsing issue: status=301; <unknown>:2:2016: not well-formed (invalid token),Warning,Review or replace this source URL if it is important.
2026-06-22 00:13:13,Berkadia Research,Failed,RSS parsing issue: status=301; <unknown>:7:866: not well-formed (invalid token),Warning,Review or replace this source URL if it is important.
2026-06-22 00:13:13,Hines Newsroom,Failed,RSS parsing issue: status=403; <unknown>:2:1326: not well-formed (invalid token),Warning,Review or replace this source URL if it is important.
2026-06-22 00:13:13,California YIMBY,Failed,RSS parsing issue: <urlopen error [Errno -2] Name or service not known>,Warning,Review or replace this source URL if it is important.
2026-06-22 00:13:13,Connect CRE Charlotte,Failed,RSS parsing issue: status=404; <unknown>:22:51: not well-formed (invalid token),Warning,Review or replace this source URL if it is important.
2026-06-22 00:13:13,Hines Source Expansion,Failed,RSS parsing issue: status=403; <unknown>:2:1326: not well-formed (invalid token),Warning,Review or replace this source URL if it is important.
2026-06-22 00:13:13,Berkadia Source Expansion,Failed,RSS parsing issue: status=301; <unknown>:7:866: not well-formed (invalid token),Warning,Review or replace this source URL if it is important.
2026-06-22 00:13:13,Walker & Dunlop Source Expansion,Failed,RSS parsing issue: status=301; <unknown>:2:2016: not well-formed (invalid token),Warning,Review or replace this source URL if it is important.
2026-06-22 00:13:13,Commercial Property Executive,Failed,RSS parsing issue: status=403; <unknown>:2:1326: not well-formed (invalid token),Warning,Review or replace this source URL if it is important.
2026-06-23 00:07:52,Multi-Housing News,Failed,RSS parsing issue: status=403; <unknown>:2:1246: not well-formed (invalid token),Warning,Review or replace this source URL if it is important.
2026-06-23 00:07:52,GlobeSt,Failed,RSS parsing issue: status=404; <unknown>:2:0: syntax error,Warning,Review or replace this source URL if it is important.
2026-06-23 00:07:52,The Real Deal,Failed,RSS parsing issue: status=301; text/html; charset=utf-8 is not an XML media type,Warning,Review or replace this source URL if it is important.
2026-06-23 00:07:52,Urban Land Institute,Failed,RSS parsing issue: status=403; <unknown>:2:1326: not well-formed (invalid token),Warning,Review or replace this source URL if it is important.
2026-06-23 00:07:52,NMHC News,Failed,RSS parsing issue: status=200; <unknown>:21:2: mismatched tag,Warning,Review or replace this source URL if it is important.
2026-06-23 00:07:52,Walker & Dunlop Insights,Failed,RSS parsing issue: status=301; <unknown>:2:2016: not well-formed (invalid token),Warning,Review or replace this source URL if it is important.
2026-06-23 00:07:52,Berkadia Research,Failed,RSS parsing issue: status=301; <unknown>:7:866: not well-formed (invalid token),Warning,Review or replace this source URL if it is important.
2026-06-23 00:07:52,Hines Newsroom,Failed,RSS parsing issue: status=403; <unknown>:2:1326: not well-formed (invalid token),Warning,Review or replace this source URL if it is important.
2026-06-23 00:07:52,California YIMBY,Failed,RSS parsing issue: <urlopen error [Errno -2] Name or service not known>,Warning,Review or replace this source URL if it is important.
2026-06-23 00:07:52,Connect CRE Charlotte,Failed,RSS parsing issue: status=404; <unknown>:22:51: not well-formed (invalid token),Warning,Review or replace this source URL if it is important.
2026-06-23 00:07:52,Hines Source Expansion,Failed,RSS parsing issue: status=403; <unknown>:2:1326: not well-formed (invalid token),Warning,Review or replace this source URL if it is important.
2026-06-23 00:07:52,Berkadia Source Expansion,Failed,RSS parsing issue: status=301; <unknown>:7:866: not well-formed (invalid token),Warning,Review or replace this source URL if it is important.
2026-06-23 00:07:52,Walker & Dunlop Source Expansion,Failed,RSS parsing issue: status=301; <unknown>:2:2016: not well-formed (invalid token),Warning,Review or replace this source URL if it is important.
2026-06-23 00:07:52,Commercial Property Executive,Failed,RSS parsing issue: status=403; <unknown>:2:1326: not well-formed (invalid token),Warning,Review or replace this source URL if it is important.
2026-06-23 23:58:39,Multi-Housing News,Failed,RSS parsing issue: status=403; <unknown>:2:1246: not well-formed (invalid token),Warning,Review or replace this source URL if it is important.
2026-06-23 23:58:39,GlobeSt,Failed,RSS parsing issue: status=404; <unknown>:2:0: syntax error,Warning,Review or replace this source URL if it is important.
2026-06-23 23:58:39,The Real Deal,Failed,RSS parsing issue: status=301; text/html; charset=utf-8 is not an XML media type,Warning,Review or replace this source URL if it is important.
2026-06-23 23:58:39,Urban Land Institute,Failed,RSS parsing issue: status=403; <unknown>:2:1326: not well-formed (invalid token),Warning,Review or replace this source URL if it is important.
2026-06-23 23:58:39,NMHC News,Failed,RSS parsing issue: status=200; <unknown>:21:2: mismatched tag,Warning,Review or replace this source URL if it is important.
2026-06-23 23:58:39,Walker & Dunlop Insights,Failed,RSS parsing issue: status=301; <unknown>:2:2016: not well-formed (invalid token),Warning,Review or replace this source URL if it is important.
2026-06-23 23:58:39,Berkadia Research,Failed,RSS parsing issue: status=301; <unknown>:7:866: not well-formed (invalid token),Warning,Review or replace this source URL if it is important.
2026-06-23 23:58:39,Hines Newsroom,Failed,RSS parsing issue: status=403; <unknown>:2:1326: not well-formed (invalid token),Warning,Review or replace this source URL if it is important.
2026-06-23 23:58:39,California YIMBY,Failed,RSS parsing issue: <urlopen error [Errno -2] Name or service not known>,Warning,Review or replace this source URL if it is important.
2026-06-23 23:58:39,Connect CRE Charlotte,Failed,RSS parsing issue: status=404; <unknown>:22:51: not well-formed (invalid token),Warning,Review or replace this source URL if it is important.
2026-06-23 23:58:39,Hines Source Expansion,Failed,RSS parsing issue: status=403; <unknown>:2:1326: not well-formed (invalid token),Warning,Review or replace this source URL if it is important.
2026-06-23 23:58:39,Berkadia Source Expansion,Failed,RSS parsing issue: status=301; <unknown>:7:866: not well-formed (invalid token),Warning,Review or replace this source URL if it is important.
2026-06-23 23:58:39,Walker & Dunlop Source Expansion,Failed,RSS parsing issue: status=301; <unknown>:2:2016: not well-formed (invalid token),Warning,Review or replace this source URL if it is important.
2026-06-23 23:58:39,Commercial Property Executive,Failed,RSS parsing issue: status=403; <unknown>:2:1326: not well-formed (invalid token),Warning,Review or replace this source URL if it is important.
2026-06-25 00:14:47,Multi-Housing News,Failed,RSS parsing issue: status=403; <unknown>:2:1246: not well-formed (invalid token),Warning,Review or replace this source URL if it is important.
2026-06-25 00:14:47,GlobeSt,Failed,RSS parsing issue: status=404; <unknown>:2:0: syntax error,Warning,Review or replace this source URL if it is important.
2026-06-25 00:14:47,The Real Deal,Failed,RSS parsing issue: status=301; text/html; charset=utf-8 is not an XML media type,Warning,Review or replace this source URL if it is important.
2026-06-25 00:14:47,Urban Land Institute,Failed,RSS parsing issue: status=403; <unknown>:2:1326: not well-formed (invalid token),Warning,Review or replace this source URL if it is important.
2026-06-25 00:14:47,NMHC News,Failed,RSS parsing issue: status=200; <unknown>:21:2: mismatched tag,Warning,Review or replace this source URL if it is important.
2026-06-25 00:14:47,Walker & Dunlop Insights,Failed,RSS parsing issue: status=301; <unknown>:2:2016: not well-formed (invalid token),Warning,Review or replace this source URL if it is important.
2026-06-25 00:14:47,Berkadia Research,Failed,RSS parsing issue: status=301; <unknown>:7:866: not well-formed (invalid token),Warning,Review or replace this source URL if it is important.
2026-06-25 00:14:47,Hines Newsroom,Failed,RSS parsing issue: status=403; <unknown>:2:1326: not well-formed (invalid token),Warning,Review or replace this source URL if it is important.
2026-06-25 00:14:47,California YIMBY,Failed,RSS parsing issue: <urlopen error [Errno -2] Name or service not known>,Warning,Review or replace this source URL if it is important.
2026-06-25 00:14:47,Connect CRE Charlotte,Failed,RSS parsing issue: status=404; <unknown>:22:51: not well-formed (invalid token),Warning,Review or replace this source URL if it is important.
2026-06-25 00:14:47,Hines Source Expansion,Failed,RSS parsing issue: status=403; <unknown>:2:1326: not well-formed (invalid token),Warning,Review or replace this source URL if it is important.
2026-06-25 00:14:47,Berkadia Source Expansion,Failed,RSS parsing issue: status=301; <unknown>:7:866: not well-formed (invalid token),Warning,Review or replace this source URL if it is important.
2026-06-25 00:14:47,Walker & Dunlop Source Expansion,Failed,RSS parsing issue: status=301; <unknown>:2:2016: not well-formed (invalid token),Warning,Review or replace this source URL if it is important.
2026-06-25 00:14:47,Commercial Property Executive,Failed,RSS parsing issue: status=403; <unknown>:2:1326: not well-formed (invalid token),Warning,Review or replace this source URL if it is important.
2026-06-26 00:11:02,Multi-Housing News,Failed,RSS parsing issue: status=403; <unknown>:2:1246: not well-formed (invalid token),Warning,Review or replace this source URL if it is important.
2026-06-26 00:11:02,GlobeSt,Failed,RSS parsing issue: status=404; <unknown>:2:0: syntax error,Warning,Review or replace this source URL if it is important.
2026-06-26 00:11:02,The Real Deal,Failed,RSS parsing issue: status=301; text/html; charset=utf-8 is not an XML media type,Warning,Review or replace this source URL if it is important.
2026-06-26 00:11:02,Urban Land Institute,Failed,RSS parsing issue: status=403; <unknown>:2:1326: not well-formed (invalid token),Warning,Review or replace this source URL if it is important.
2026-06-26 00:11:02,NMHC News,Failed,RSS parsing issue: status=200; <unknown>:21:2: mismatched tag,Warning,Review or replace this source URL if it is important.
2026-06-26 00:11:02,Walker & Dunlop Insights,Failed,RSS parsing issue: status=301; <unknown>:2:2016: not well-formed (invalid token),Warning,Review or replace this source URL if it is important.
2026-06-26 00:11:02,Berkadia Research,Failed,RSS parsing issue: status=301; <unknown>:7:866: not well-formed (invalid token),Warning,Review or replace this source URL if it is important.
2026-06-26 00:11:02,Hines Newsroom,Failed,RSS parsing issue: status=403; <unknown>:2:1326: not well-formed (invalid token),Warning,Review or replace this source URL if it is important.
2026-06-26 00:11:02,California YIMBY,Failed,RSS parsing issue: <urlopen error [Errno -2] Name or service not known>,Warning,Review or replace this source URL if it is important.
2026-06-26 00:11:02,Connect CRE Charlotte,Failed,RSS parsing issue: status=404; <unknown>:22:51: not well-formed (invalid token),Warning,Review or replace this source URL if it is important.
2026-06-26 00:11:02,Hines Source Expansion,Failed,RSS parsing issue: status=403; <unknown>:2:1326: not well-formed (invalid token),Warning,Review or replace this source URL if it is important.
2026-06-26 00:11:02,Berkadia Source Expansion,Failed,RSS parsing issue: status=301; <unknown>:7:866: not well-formed (invalid token),Warning,Review or replace this source URL if it is important.
2026-06-26 00:11:02,Walker & Dunlop Source Expansion,Failed,RSS parsing issue: status=301; <unknown>:2:2016: not well-formed (invalid token),Warning,Review or replace this source URL if it is important.
2026-06-26 00:11:02,Commercial Property Executive,Failed,RSS parsing issue: status=403; <unknown>:2:1326: not well-formed (invalid token),Warning,Review or replace this source URL if it is important.
2026-06-27 00:08:44,Yield PRO,Failed,RSS parsing issue: status=403; <unknown>:5:32: not well-formed (invalid token),Warning,Review or replace this source URL if it is important.
2026-06-27 00:08:44,Multi-Housing News,Failed,RSS parsing issue: status=403; <unknown>:2:1246: not well-formed (invalid token),Warning,Review or replace this source URL if it is important.
2026-06-27 00:08:44,GlobeSt,Failed,RSS parsing issue: status=404; <unknown>:2:0: syntax error,Warning,Review or replace this source URL if it is important.
2026-06-27 00:08:44,The Real Deal,Failed,RSS parsing issue: status=301; text/html; charset=utf-8 is not an XML media type,Warning,Review or replace this source URL if it is important.
2026-06-27 00:08:44,Urban Land Institute,Failed,RSS parsing issue: status=403; <unknown>:2:1326: not well-formed (invalid token),Warning,Review or replace this source URL if it is important.
2026-06-27 00:08:44,NMHC News,Failed,RSS parsing issue: status=200; <unknown>:21:2: mismatched tag,Warning,Review or replace this source URL if it is important.
2026-06-27 00:08:44,Walker & Dunlop Insights,Failed,RSS parsing issue: status=301; <unknown>:2:2016: not well-formed (invalid token),Warning,Review or replace this source URL if it is important.
2026-06-27 00:08:44,Berkadia Research,Failed,RSS parsing issue: status=301; <unknown>:7:866: not well-formed (invalid token),Warning,Review or replace this source URL if it is important.
2026-06-27 00:08:44,Hines Newsroom,Failed,RSS parsing issue: status=403; <unknown>:2:1326: not well-formed (invalid token),Warning,Review or replace this source URL if it is important.
2026-06-27 00:08:44,California YIMBY,Failed,RSS parsing issue: <urlopen error [Errno -2] Name or service not known>,Warning,Review or replace this source URL if it is important.
2026-06-27 00:08:44,Connect CRE Charlotte,Failed,RSS parsing issue: status=404; <unknown>:22:51: not well-formed (invalid token),Warning,Review or replace this source URL if it is important.
2026-06-27 00:08:44,Hines Source Expansion,Failed,RSS parsing issue: status=403; <unknown>:2:1326: not well-formed (invalid token),Warning,Review or replace this source URL if it is important.
2026-06-27 00:08:44,Berkadia Source Expansion,Failed,RSS parsing issue: status=301; <unknown>:7:866: not well-formed (invalid token),Warning,Review or replace this source URL if it is important.
2026-06-27 00:08:44,Walker & Dunlop Source Expansion,Failed,RSS parsing issue: status=301; <unknown>:2:2016: not well-formed (invalid token),Warning,Review or replace this source URL if it is important.
2026-06-27 00:08:44,Commercial Property Executive,Failed,RSS parsing issue: status=403; <unknown>:2:1326: not well-formed (invalid token),Warning,Review or replace this source URL if it is important.
2026-06-28 00:03:36,Multi-Housing News,Failed,RSS parsing issue: status=403; <unknown>:2:1246: not well-formed (invalid token),Warning,Review or replace this source URL if it is important.
2026-06-28 00:03:36,GlobeSt,Failed,RSS parsing issue: status=404; <unknown>:2:0: syntax error,Warning,Review or replace this source URL if it is important.
2026-06-28 00:03:36,The Real Deal,Failed,RSS parsing issue: status=301; text/html; charset=utf-8 is not an XML media type,Warning,Review or replace this source URL if it is important.
2026-06-28 00:03:36,Urban Land Institute,Failed,RSS parsing issue: status=403; <unknown>:2:1326: not well-formed (invalid token),Warning,Review or replace this source URL if it is important.
2026-06-28 00:03:36,NMHC News,Failed,RSS parsing issue: status=200; <unknown>:21:2: mismatched tag,Warning,Review or replace this source URL if it is important.
2026-06-28 00:03:36,Walker & Dunlop Insights,Failed,RSS parsing issue: status=301; <unknown>:2:2016: not well-formed (invalid token),Warning,Review or replace this source URL if it is important.
2026-06-28 00:03:36,Berkadia Research,Failed,RSS parsing issue: status=301; <unknown>:7:866: not well-formed (invalid token),Warning,Review or replace this source URL if it is important.
2026-06-28 00:03:36,Hines Newsroom,Failed,RSS parsing issue: status=403; <unknown>:2:1326: not well-formed (invalid token),Warning,Review or replace this source URL if it is important.
2026-06-28 00:03:36,California YIMBY,Failed,RSS parsing issue: <urlopen error [Errno -2] Name or service not known>,Warning,Review or replace this source URL if it is important.
2026-06-28 00:03:36,Connect CRE Charlotte,Failed,RSS parsing issue: status=404; <unknown>:22:51: not well-formed (invalid token),Warning,Review or replace this source URL if it is important.
2026-06-28 00:03:36,Hines Source Expansion,Failed,RSS parsing issue: status=403; <unknown>:2:1326: not well-formed (invalid token),Warning,Review or replace this source URL if it is important.
2026-06-28 00:03:36,Berkadia Source Expansion,Failed,RSS parsing issue: status=301; <unknown>:7:866: not well-formed (invalid token),Warning,Review or replace this source URL if it is important.
2026-06-28 00:03:36,Walker & Dunlop Source Expansion,Failed,RSS parsing issue: status=301; <unknown>:2:2016: not well-formed (invalid token),Warning,Review or replace this source URL if it is important.
2026-06-28 00:03:36,Commercial Property Executive,Failed,RSS parsing issue: status=403; <unknown>:2:1326: not well-formed (invalid token),Warning,Review or replace this source URL if it is important.
2026-06-29 00:11:04,Multi-Housing News,Failed,RSS parsing issue: status=403; <unknown>:2:1246: not well-formed (invalid token),Warning,Review or replace this source URL if it is important.
2026-06-29 00:11:04,GlobeSt,Failed,RSS parsing issue: status=404; <unknown>:2:0: syntax error,Warning,Review or replace this source URL if it is important.
2026-06-29 00:11:04,The Real Deal,Failed,RSS parsing issue: status=301; text/html; charset=utf-8 is not an XML media type,Warning,Review or replace this source URL if it is important.
2026-06-29 00:11:04,Urban Land Institute,Failed,RSS parsing issue: status=403; <unknown>:2:1326: not well-formed (invalid token),Warning,Review or replace this source URL if it is important.
2026-06-29 00:11:04,NMHC News,Failed,RSS parsing issue: status=200; <unknown>:21:2: mismatched tag,Warning,Review or replace this source URL if it is important.
2026-06-29 00:11:04,Walker & Dunlop Insights,Failed,RSS parsing issue: status=301; <unknown>:2:2016: not well-formed (invalid token),Warning,Review or replace this source URL if it is important.
2026-06-29 00:11:04,Berkadia Research,Failed,RSS parsing issue: status=301; <unknown>:7:866: not well-formed (invalid token),Warning,Review or replace this source URL if it is important.
2026-06-29 00:11:04,Hines Newsroom,Failed,RSS parsing issue: status=403; <unknown>:2:1326: not well-formed (invalid token),Warning,Review or replace this source URL if it is important.
2026-06-29 00:11:04,California YIMBY,Failed,RSS parsing issue: <urlopen error [Errno -2] Name or service not known>,Warning,Review or replace this source URL if it is important.
2026-06-29 00:11:04,Connect CRE Charlotte,Failed,RSS parsing issue: status=404; <unknown>:22:51: not well-formed (invalid token),Warning,Review or replace this source URL if it is important.
2026-06-29 00:11:04,Hines Source Expansion,Failed,RSS parsing issue: status=403; <unknown>:2:1326: not well-formed (invalid token),Warning,Review or replace this source URL if it is important.
2026-06-29 00:11:04,Berkadia Source Expansion,Failed,RSS parsing issue: status=301; <unknown>:7:866: not well-formed (invalid token),Warning,Review or replace this source URL if it is important.
2026-06-29 00:11:04,Walker & Dunlop Source Expansion,Failed,RSS parsing issue: status=301; <unknown>:2:2016: not well-formed (invalid token),Warning,Review or replace this source URL if it is important.
2026-06-29 00:11:04,Commercial Property Executive,Failed,RSS parsing issue: status=403; <unknown>:2:1326: not well-formed (invalid token),Warning,Review or replace this source URL if it is important.
2026-06-30 00:05:28,Multi-Housing News,Failed,RSS parsing issue: status=403; <unknown>:2:1246: not well-formed (invalid token),Warning,Review or replace this source URL if it is important.
2026-06-30 00:05:28,GlobeSt,Failed,RSS parsing issue: status=404; <unknown>:2:0: syntax error,Warning,Review or replace this source URL if it is important.
2026-06-30 00:05:28,The Real Deal,Failed,RSS parsing issue: status=301; text/html; charset=utf-8 is not an XML media type,Warning,Review or replace this source URL if it is important.
2026-06-30 00:05:28,Urban Land Institute,Failed,RSS parsing issue: status=403; <unknown>:2:1326: not well-formed (invalid token),Warning,Review or replace this source URL if it is important.
2026-06-30 00:05:28,NMHC News,Failed,RSS parsing issue: status=200; <unknown>:21:2: mismatched tag,Warning,Review or replace this source URL if it is important.
2026-06-30 00:05:28,Walker & Dunlop Insights,Failed,RSS parsing issue: status=301; <unknown>:2:2016: not well-formed (invalid token),Warning,Review or replace this source URL if it is important.
2026-06-30 00:05:28,Berkadia Research,Failed,RSS parsing issue: status=301; <unknown>:7:866: not well-formed (invalid token),Warning,Review or replace this source URL if it is important.
2026-06-30 00:05:28,Hines Newsroom,Failed,RSS parsing issue: status=403; <unknown>:2:1326: not well-formed (invalid token),Warning,Review or replace this source URL if it is important.
2026-06-30 00:05:28,California YIMBY,Failed,RSS parsing issue: <urlopen error [Errno -2] Name or service not known>,Warning,Review or replace this source URL if it is important.
2026-06-30 00:05:28,Connect CRE Charlotte,Failed,RSS parsing issue: status=404; <unknown>:22:51: not well-formed (invalid token),Warning,Review or replace this source URL if it is important.
2026-06-30 00:05:28,Hines Source Expansion,Failed,RSS parsing issue: status=403; <unknown>:2:1326: not well-formed (invalid token),Warning,Review or replace this source URL if it is important.
2026-06-30 00:05:28,Berkadia Source Expansion,Failed,RSS parsing issue: status=301; <unknown>:7:866: not well-formed (invalid token),Warning,Review or replace this source URL if it is important.
2026-06-30 00:05:28,Walker & Dunlop Source Expansion,Failed,RSS parsing issue: status=301; <unknown>:2:2016: not well-formed (invalid token),Warning,Review or replace this source URL if it is important.
2026-06-30 00:05:28,Commercial Property Executive,Failed,RSS parsing issue: status=403; <unknown>:2:1326: not well-formed (invalid token),Warning,Review or replace this source URL if it is important.
2026-07-01 00:07:01,Multi-Housing News,Failed,RSS parsing issue: status=403; <unknown>:2:1246: not well-formed (invalid token),Warning,Review or replace this source URL if it is important.
2026-07-01 00:07:01,GlobeSt,Failed,RSS parsing issue: status=404; <unknown>:2:0: syntax error,Warning,Review or replace this source URL if it is important.
2026-07-01 00:07:01,The Real Deal,Failed,RSS parsing issue: status=301; text/html; charset=utf-8 is not an XML media type,Warning,Review or replace this source URL if it is important.
2026-07-01 00:07:01,Urban Land Institute,Failed,RSS parsing issue: status=403; <unknown>:2:1326: not well-formed (invalid token),Warning,Review or replace this source URL if it is important.
2026-07-01 00:07:01,NMHC News,Failed,RSS parsing issue: status=200; <unknown>:21:2: mismatched tag,Warning,Review or replace this source URL if it is important.
2026-07-01 00:07:01,Walker & Dunlop Insights,Failed,RSS parsing issue: status=301; <unknown>:2:2016: not well-formed (invalid token),Warning,Review or replace this source URL if it is important.
2026-07-01 00:07:01,Berkadia Research,Failed,RSS parsing issue: status=301; <unknown>:7:866: not well-formed (invalid token),Warning,Review or replace this source URL if it is important.
2026-07-01 00:07:01,Hines Newsroom,Failed,RSS parsing issue: status=403; <unknown>:2:1326: not well-formed (invalid token),Warning,Review or replace this source URL if it is important.
2026-07-01 00:07:01,California YIMBY,Failed,RSS parsing issue: <urlopen error [Errno -2] Name or service not known>,Warning,Review or replace this source URL if it is important.
2026-07-01 00:07:01,Connect CRE Charlotte,Failed,RSS parsing issue: status=404; <unknown>:22:51: not well-formed (invalid token),Warning,Review or replace this source URL if it is important.
2026-07-01 00:07:01,Hines Source Expansion,Failed,RSS parsing issue: status=403; <unknown>:2:1326: not well-formed (invalid token),Warning,Review or replace this source URL if it is important.
2026-07-01 00:07:01,Berkadia Source Expansion,Failed,RSS parsing issue: status=301; <unknown>:7:866: not well-formed (invalid token),Warning,Review or replace this source URL if it is important.
2026-07-01 00:07:01,Walker & Dunlop Source Expansion,Failed,RSS parsing issue: status=301; <unknown>:2:2016: not well-formed (invalid token),Warning,Review or replace this source URL if it is important.
2026-07-01 00:07:01,Commercial Property Executive,Failed,RSS parsing issue: status=403; <unknown>:2:1326: not well-formed (invalid token),Warning,Review or replace this source URL if it is important.
2026-07-02 00:08:20,Multi-Housing News,Failed,RSS parsing issue: status=403; <unknown>:2:1246: not well-formed (invalid token),Warning,Review or replace this source URL if it is important.
2026-07-02 00:08:20,GlobeSt,Failed,RSS parsing issue: status=404; <unknown>:2:0: syntax error,Warning,Review or replace this source URL if it is important.
2026-07-02 00:08:20,The Real Deal,Failed,RSS parsing issue: status=301; text/html; charset=utf-8 is not an XML media type,Warning,Review or replace this source URL if it is important.
2026-07-02 00:08:20,Urban Land Institute,Failed,RSS parsing issue: status=403; <unknown>:2:1326: not well-formed (invalid token),Warning,Review or replace this source URL if it is important.
2026-07-02 00:08:20,NMHC News,Failed,RSS parsing issue: status=200; <unknown>:21:2: mismatched tag,Warning,Review or replace this source URL if it is important.
2026-07-02 00:08:20,Walker & Dunlop Insights,Failed,RSS parsing issue: status=301; <unknown>:2:2016: not well-formed (invalid token),Warning,Review or replace this source URL if it is important.
2026-07-02 00:08:20,Berkadia Research,Failed,RSS parsing issue: status=301; <unknown>:7:866: not well-formed (invalid token),Warning,Review or replace this source URL if it is important.
2026-07-02 00:08:20,Hines Newsroom,Failed,RSS parsing issue: status=403; <unknown>:2:1326: not well-formed (invalid token),Warning,Review or replace this source URL if it is important.
2026-07-02 00:08:20,California YIMBY,Failed,RSS parsing issue: <urlopen error [Errno -2] Name or service not known>,Warning,Review or replace this source URL if it is important.
2026-07-02 00:08:20,Connect CRE Charlotte,Failed,RSS parsing issue: status=404; <unknown>:22:51: not well-formed (invalid token),Warning,Review or replace this source URL if it is important.
2026-07-02 00:08:20,Hines Source Expansion,Failed,RSS parsing issue: status=403; <unknown>:2:1326: not well-formed (invalid token),Warning,Review or replace this source URL if it is important.
2026-07-02 00:08:20,Berkadia Source Expansion,Failed,RSS parsing issue: status=301; <unknown>:7:866: not well-formed (invalid token),Warning,Review or replace this source URL if it is important.
2026-07-02 00:08:20,Walker & Dunlop Source Expansion,Failed,RSS parsing issue: status=301; <unknown>:2:2016: not well-formed (invalid token),Warning,Review or replace this source URL if it is important.
2026-07-02 00:08:20,Commercial Property Executive,Failed,RSS parsing issue: status=403; <unknown>:2:1326: not well-formed (invalid token),Warning,Review or replace this source URL if it is important.
2026-07-03 00:06:40,Multi-Housing News,Failed,RSS parsing issue: status=403; <unknown>:2:1246: not well-formed (invalid token),Warning,Review or replace this source URL if it is important.
2026-07-03 00:06:40,GlobeSt,Failed,RSS parsing issue: status=404; <unknown>:2:0: syntax error,Warning,Review or replace this source URL if it is important.
2026-07-03 00:06:40,The Real Deal,Failed,RSS parsing issue: status=301; text/html; charset=utf-8 is not an XML media type,Warning,Review or replace this source URL if it is important.
2026-07-03 00:06:40,Urban Land Institute,Failed,RSS parsing issue: status=403; <unknown>:2:1326: not well-formed (invalid token),Warning,Review or replace this source URL if it is important.
2026-07-03 00:06:40,NMHC News,Failed,RSS parsing issue: status=200; <unknown>:21:2: mismatched tag,Warning,Review or replace this source URL if it is important.
2026-07-03 00:06:40,Walker & Dunlop Insights,Failed,RSS parsing issue: status=301; <unknown>:2:2016: not well-formed (invalid token),Warning,Review or replace this source URL if it is important.
2026-07-03 00:06:40,Berkadia Research,Failed,RSS parsing issue: status=301; <unknown>:7:866: not well-formed (invalid token),Warning,Review or replace this source URL if it is important.
2026-07-03 00:06:40,Hines Newsroom,Failed,RSS parsing issue: status=403; <unknown>:2:1326: not well-formed (invalid token),Warning,Review or replace this source URL if it is important.
2026-07-03 00:06:40,California YIMBY,Failed,RSS parsing issue: <urlopen error [Errno -2] Name or service not known>,Warning,Review or replace this source URL if it is important.
2026-07-03 00:06:40,Connect CRE Charlotte,Failed,RSS parsing issue: status=404; <unknown>:22:51: not well-formed (invalid token),Warning,Review or replace this source URL if it is important.
2026-07-03 00:06:40,Hines Source Expansion,Failed,RSS parsing issue: status=403; <unknown>:2:1326: not well-formed (invalid token),Warning,Review or replace this source URL if it is important.
2026-07-03 00:06:40,Berkadia Source Expansion,Failed,RSS parsing issue: status=301; <unknown>:7:866: not well-formed (invalid token),Warning,Review or replace this source URL if it is important.
2026-07-03 00:06:40,Walker & Dunlop Source Expansion,Failed,RSS parsing issue: status=301; <unknown>:2:2016: not well-formed (invalid token),Warning,Review or replace this source URL if it is important.
2026-07-03 00:06:40,Commercial Property Executive,Failed,RSS parsing issue: status=403; <unknown>:2:1326: not well-formed (invalid token),Warning,Review or replace this source URL if it is important.
2026-07-04 00:05:26,Multi-Housing News,Failed,RSS parsing issue: status=403; <unknown>:2:1246: not well-formed (invalid token),Warning,Review or replace this source URL if it is important.
2026-07-04 00:05:26,GlobeSt,Failed,RSS parsing issue: status=404; <unknown>:2:0: syntax error,Warning,Review or replace this source URL if it is important.
2026-07-04 00:05:26,The Real Deal,Failed,RSS parsing issue: status=301; text/html; charset=utf-8 is not an XML media type,Warning,Review or replace this source URL if it is important.
2026-07-04 00:05:26,Urban Land Institute,Failed,RSS parsing issue: status=403; <unknown>:2:1326: not well-formed (invalid token),Warning,Review or replace this source URL if it is important.
2026-07-04 00:05:26,NMHC News,Failed,RSS parsing issue: status=200; <unknown>:21:2: mismatched tag,Warning,Review or replace this source URL if it is important.
2026-07-04 00:05:26,Walker & Dunlop Insights,Failed,RSS parsing issue: status=301; <unknown>:2:2016: not well-formed (invalid token),Warning,Review or replace this source URL if it is important.
2026-07-04 00:05:26,Berkadia Research,Failed,RSS parsing issue: status=301; <unknown>:7:866: not well-formed (invalid token),Warning,Review or replace this source URL if it is important.
2026-07-04 00:05:26,Hines Newsroom,Failed,RSS parsing issue: status=403; <unknown>:2:1326: not well-formed (invalid token),Warning,Review or replace this source URL if it is important.
2026-07-04 00:05:26,California YIMBY,Failed,RSS parsing issue: <urlopen error [Errno -2] Name or service not known>,Warning,Review or replace this source URL if it is important.
2026-07-04 00:05:26,Connect CRE Charlotte,Failed,RSS parsing issue: status=404; <unknown>:22:51: not well-formed (invalid token),Warning,Review or replace this source URL if it is important.
2026-07-04 00:05:26,Hines Source Expansion,Failed,RSS parsing issue: status=403; <unknown>:2:1326: not well-formed (invalid token),Warning,Review or replace this source URL if it is important.
2026-07-04 00:05:26,Berkadia Source Expansion,Failed,RSS parsing issue: status=301; <unknown>:7:866: not well-formed (invalid token),Warning,Review or replace this source URL if it is important.
2026-07-04 00:05:26,Walker & Dunlop Source Expansion,Failed,RSS parsing issue: status=301; <unknown>:2:2016: not well-formed (invalid token),Warning,Review or replace this source URL if it is important.
2026-07-04 00:05:26,Commercial Property Executive,Failed,RSS parsing issue: status=403; <unknown>:2:1326: not well-formed (invalid token),Warning,Review or replace this source URL if it is important.
2026-07-05 00:02:52,Multi-Housing News,Failed,RSS parsing issue: status=403; <unknown>:2:1246: not well-formed (invalid token),Warning,Review or replace this source URL if it is important.
2026-07-05 00:02:52,GlobeSt,Failed,RSS parsing issue: status=404; <unknown>:2:0: syntax error,Warning,Review or replace this source URL if it is important.
2026-07-05 00:02:52,The Real Deal,Failed,RSS parsing issue: status=301; text/html; charset=utf-8 is not an XML media type,Warning,Review or replace this source URL if it is important.
2026-07-05 00:02:52,Urban Land Institute,Failed,RSS parsing issue: status=403; <unknown>:2:1326: not well-formed (invalid token),Warning,Review or replace this source URL if it is important.
2026-07-05 00:02:52,NMHC News,Failed,RSS parsing issue: status=200; <unknown>:21:2: mismatched tag,Warning,Review or replace this source URL if it is important.
2026-07-05 00:02:52,Walker & Dunlop Insights,Failed,RSS parsing issue: status=301; <unknown>:2:2016: not well-formed (invalid token),Warning,Review or replace this source URL if it is important.
2026-07-05 00:02:52,Berkadia Research,Failed,RSS parsing issue: status=301; <unknown>:7:866: not well-formed (invalid token),Warning,Review or replace this source URL if it is important.
2026-07-05 00:02:52,Hines Newsroom,Failed,RSS parsing issue: status=403; <unknown>:2:1326: not well-formed (invalid token),Warning,Review or replace this source URL if it is important.
2026-07-05 00:02:52,California YIMBY,Failed,RSS parsing issue: <urlopen error [Errno -2] Name or service not known>,Warning,Review or replace this source URL if it is important.
2026-07-05 00:02:52,Connect CRE Charlotte,Failed,RSS parsing issue: status=404; <unknown>:22:51: not well-formed (invalid token),Warning,Review or replace this source URL if it is important.
2026-07-05 00:02:52,Hines Source Expansion,Failed,RSS parsing issue: status=403; <unknown>:2:1326: not well-formed (invalid token),Warning,Review or replace this source URL if it is important.
2026-07-05 00:02:52,Berkadia Source Expansion,Failed,RSS parsing issue: status=301; <unknown>:7:866: not well-formed (invalid token),Warning,Review or replace this source URL if it is important.
2026-07-05 00:02:52,Walker & Dunlop Source Expansion,Failed,RSS parsing issue: status=301; <unknown>:2:2016: not well-formed (invalid token),Warning,Review or replace this source URL if it is important.
2026-07-05 00:02:52,Commercial Property Executive,Failed,RSS parsing issue: status=403; <unknown>:2:1326: not well-formed (invalid token),Warning,Review or replace this source URL if it is important.
2026-07-06 00:06:44,Multi-Housing News,Failed,RSS parsing issue: status=403; <unknown>:2:1246: not well-formed (invalid token),Warning,Review or replace this source URL if it is important.
2026-07-06 00:06:44,GlobeSt,Failed,RSS parsing issue: status=404; <unknown>:2:0: syntax error,Warning,Review or replace this source URL if it is important.
2026-07-06 00:06:44,The Real Deal,Failed,RSS parsing issue: status=301; text/html; charset=utf-8 is not an XML media type,Warning,Review or replace this source URL if it is important.
2026-07-06 00:06:44,Urban Land Institute,Failed,RSS parsing issue: status=403; <unknown>:2:1326: not well-formed (invalid token),Warning,Review or replace this source URL if it is important.
2026-07-06 00:06:44,NMHC News,Failed,RSS parsing issue: status=200; <unknown>:21:2: mismatched tag,Warning,Review or replace this source URL if it is important.
2026-07-06 00:06:44,Walker & Dunlop Insights,Failed,RSS parsing issue: status=301; <unknown>:2:2016: not well-formed (invalid token),Warning,Review or replace this source URL if it is important.
2026-07-06 00:06:44,Berkadia Research,Failed,RSS parsing issue: status=301; <unknown>:7:866: not well-formed (invalid token),Warning,Review or replace this source URL if it is important.
2026-07-06 00:06:44,Hines Newsroom,Failed,RSS parsing issue: status=403; <unknown>:2:1326: not well-formed (invalid token),Warning,Review or replace this source URL if it is important.
2026-07-06 00:06:44,California YIMBY,Failed,RSS parsing issue: <urlopen error [Errno -2] Name or service not known>,Warning,Review or replace this source URL if it is important.
2026-07-06 00:06:44,Connect CRE Charlotte,Failed,RSS parsing issue: status=404; <unknown>:22:51: not well-formed (invalid token),Warning,Review or replace this source URL if it is important.
2026-07-06 00:06:44,Hines Source Expansion,Failed,RSS parsing issue: status=403; <unknown>:2:1326: not well-formed (invalid token),Warning,Review or replace this source URL if it is important.
2026-07-06 00:06:44,Berkadia Source Expansion,Failed,RSS parsing issue: status=301; <unknown>:7:866: not well-formed (invalid token),Warning,Review or replace this source URL if it is important.
2026-07-06 00:06:44,Walker & Dunlop Source Expansion,Failed,RSS parsing issue: status=301; <unknown>:2:2016: not well-formed (invalid token),Warning,Review or replace this source URL if it is important.
2026-07-06 00:06:44,Commercial Property Executive,Failed,RSS parsing issue: status=403; <unknown>:2:1326: not well-formed (invalid token),Warning,Review or replace this source URL if it is important.
2026-07-07 00:09:48,Multi-Housing News,Failed,RSS parsing issue: status=403; <unknown>:2:1246: not well-formed (invalid token),Warning,Review or replace this source URL if it is important.
2026-07-07 00:09:48,GlobeSt,Failed,RSS parsing issue: status=404; <unknown>:2:0: syntax error,Warning,Review or replace this source URL if it is important.
2026-07-07 00:09:48,The Real Deal,Failed,RSS parsing issue: status=301; text/html; charset=utf-8 is not an XML media type,Warning,Review or replace this source URL if it is important.
2026-07-07 00:09:48,Urban Land Institute,Failed,RSS parsing issue: status=403; <unknown>:2:1326: not well-formed (invalid token),Warning,Review or replace this source URL if it is important.
2026-07-07 00:09:48,NMHC News,Failed,RSS parsing issue: status=200; <unknown>:21:2: mismatched tag,Warning,Review or replace this source URL if it is important.
2026-07-07 00:09:48,Walker & Dunlop Insights,Failed,RSS parsing issue: status=301; <unknown>:2:2016: not well-formed (invalid token),Warning,Review or replace this source URL if it is important.
2026-07-07 00:09:48,Berkadia Research,Failed,RSS parsing issue: status=301; <unknown>:7:866: not well-formed (invalid token),Warning,Review or replace this source URL if it is important.
2026-07-07 00:09:48,Hines Newsroom,Failed,RSS parsing issue: status=403; <unknown>:2:1326: not well-formed (invalid token),Warning,Review or replace this source URL if it is important.
2026-07-07 00:09:48,California YIMBY,Failed,RSS parsing issue: <urlopen error [Errno -2] Name or service not known>,Warning,Review or replace this source URL if it is important.
2026-07-07 00:09:48,Connect CRE Charlotte,Failed,RSS parsing issue: status=404; <unknown>:22:51: not well-formed (invalid token),Warning,Review or replace this source URL if it is important.
2026-07-07 00:09:48,Hines Source Expansion,Failed,RSS parsing issue: status=403; <unknown>:2:1326: not well-formed (invalid token),Warning,Review or replace this source URL if it is important.
2026-07-07 00:09:48,Berkadia Source Expansion,Failed,RSS parsing issue: status=301; <unknown>:7:866: not well-formed (invalid token),Warning,Review or replace this source URL if it is important.
2026-07-07 00:09:48,Walker & Dunlop Source Expansion,Failed,RSS parsing issue: status=301; <unknown>:2:2016: not well-formed (invalid token),Warning,Review or replace this source URL if it is important.
2026-07-07 00:09:48,Commercial Property Executive,Failed,RSS parsing issue: status=403; <unknown>:2:1326: not well-formed (invalid token),Warning,Review or replace this source URL if it is important.
2026-07-07 23:59:00,Multi-Housing News,Failed,RSS parsing issue: status=403; <unknown>:2:1246: not well-formed (invalid token),Warning,Review or replace this source URL if it is important.
2026-07-07 23:59:00,GlobeSt,Failed,RSS parsing issue: status=404; <unknown>:2:0: syntax error,Warning,Review or replace this source URL if it is important.
2026-07-07 23:59:00,The Real Deal,Failed,RSS parsing issue: status=301; text/html; charset=utf-8 is not an XML media type,Warning,Review or replace this source URL if it is important.
2026-07-07 23:59:00,Urban Land Institute,Failed,RSS parsing issue: status=403; <unknown>:2:1326: not well-formed (invalid token),Warning,Review or replace this source URL if it is important.
2026-07-07 23:59:00,NMHC News,Failed,RSS parsing issue: status=200; <unknown>:21:2: mismatched tag,Warning,Review or replace this source URL if it is important.
2026-07-07 23:59:00,Walker & Dunlop Insights,Failed,RSS parsing issue: status=301; <unknown>:2:2016: not well-formed (invalid token),Warning,Review or replace this source URL if it is important.
2026-07-07 23:59:00,Berkadia Research,Failed,RSS parsing issue: status=301; <unknown>:7:866: not well-formed (invalid token),Warning,Review or replace this source URL if it is important.
2026-07-07 23:59:00,Hines Newsroom,Failed,RSS parsing issue: status=403; <unknown>:2:1326: not well-formed (invalid token),Warning,Review or replace this source URL if it is important.
2026-07-07 23:59:00,California YIMBY,Failed,RSS parsing issue: <urlopen error [Errno -2] Name or service not known>,Warning,Review or replace this source URL if it is important.
2026-07-07 23:59:00,Connect CRE Charlotte,Failed,RSS parsing issue: status=404; <unknown>:22:51: not well-formed (invalid token),Warning,Review or replace this source URL if it is important.
2026-07-07 23:59:00,Hines Source Expansion,Failed,RSS parsing issue: status=403; <unknown>:2:1326: not well-formed (invalid token),Warning,Review or replace this source URL if it is important.
2026-07-07 23:59:00,Berkadia Source Expansion,Failed,RSS parsing issue: status=301; <unknown>:7:866: not well-formed (invalid token),Warning,Review or replace this source URL if it is important.
2026-07-07 23:59:00,Walker & Dunlop Source Expansion,Failed,RSS parsing issue: status=301; <unknown>:2:2016: not well-formed (invalid token),Warning,Review or replace this source URL if it is important.
2026-07-07 23:59:00,Commercial Property Executive,Failed,RSS parsing issue: status=403; <unknown>:2:1326: not well-formed (invalid token),Warning,Review or replace this source URL if it is important.
2026-07-09 00:10:33,Multi-Housing News,Failed,RSS parsing issue: status=403; <unknown>:2:1326: not well-formed (invalid token),Warning,Review or replace this source URL if it is important.
2026-07-09 00:10:33,GlobeSt,Failed,RSS parsing issue: status=404; <unknown>:2:0: syntax error,Warning,Review or replace this source URL if it is important.
2026-07-09 00:10:33,The Real Deal,Failed,RSS parsing issue: status=301; text/html; charset=utf-8 is not an XML media type,Warning,Review or replace this source URL if it is important.
2026-07-09 00:10:33,Urban Land Institute,Failed,RSS parsing issue: status=403; <unknown>:2:1326: not well-formed (invalid token),Warning,Review or replace this source URL if it is important.
2026-07-09 00:10:33,NMHC News,Failed,RSS parsing issue: status=200; <unknown>:21:2: mismatched tag,Warning,Review or replace this source URL if it is important.
2026-07-09 00:10:33,Walker & Dunlop Insights,Failed,RSS parsing issue: status=301; <unknown>:2:2016: not well-formed (invalid token),Warning,Review or replace this source URL if it is important.
2026-07-09 00:10:33,Berkadia Research,Failed,RSS parsing issue: status=301; <unknown>:7:866: not well-formed (invalid token),Warning,Review or replace this source URL if it is important.
2026-07-09 00:10:33,Hines Newsroom,Failed,RSS parsing issue: status=403; <unknown>:2:1326: not well-formed (invalid token),Warning,Review or replace this source URL if it is important.
2026-07-09 00:10:33,California YIMBY,Failed,RSS parsing issue: <urlopen error [Errno -2] Name or service not known>,Warning,Review or replace this source URL if it is important.
2026-07-09 00:10:33,Connect CRE Charlotte,Failed,RSS parsing issue: status=404; <unknown>:22:51: not well-formed (invalid token),Warning,Review or replace this source URL if it is important.
2026-07-09 00:10:33,Hines Source Expansion,Failed,RSS parsing issue: status=403; <unknown>:2:1326: not well-formed (invalid token),Warning,Review or replace this source URL if it is important.
2026-07-09 00:10:33,Berkadia Source Expansion,Failed,RSS parsing issue: status=301; <unknown>:7:866: not well-formed (invalid token),Warning,Review or replace this source URL if it is important.
2026-07-09 00:10:33,Walker & Dunlop Source Expansion,Failed,RSS parsing issue: status=301; <unknown>:2:2016: not well-formed (invalid token),Warning,Review or replace this source URL if it is important.
2026-07-09 00:10:33,Commercial Property Executive,Failed,RSS parsing issue: status=403; <unknown>:2:1326: not well-formed (invalid token),Warning,Review or replace this source URL if it is important.
2026-07-10 00:06:50,Multi-Housing News,Failed,RSS parsing issue: status=403; <unknown>:2:1246: not well-formed (invalid token),Warning,Review or replace this source URL if it is important.
2026-07-10 00:06:50,GlobeSt,Failed,RSS parsing issue: status=404; <unknown>:2:0: syntax error,Warning,Review or replace this source URL if it is important.
2026-07-10 00:06:50,The Real Deal,Failed,RSS parsing issue: status=301; text/html; charset=utf-8 is not an XML media type,Warning,Review or replace this source URL if it is important.
2026-07-10 00:06:50,Urban Land Institute,Failed,RSS parsing issue: status=403; <unknown>:2:1326: not well-formed (invalid token),Warning,Review or replace this source URL if it is important.
2026-07-10 00:06:50,NMHC News,Failed,RSS parsing issue: status=200; <unknown>:21:2: mismatched tag,Warning,Review or replace this source URL if it is important.
2026-07-10 00:06:50,Walker & Dunlop Insights,Failed,RSS parsing issue: status=301; <unknown>:2:2016: not well-formed (invalid token),Warning,Review or replace this source URL if it is important.
2026-07-10 00:06:50,Berkadia Research,Failed,RSS parsing issue: status=301; <unknown>:7:866: not well-formed (invalid token),Warning,Review or replace this source URL if it is important.
2026-07-10 00:06:50,Hines Newsroom,Failed,RSS parsing issue: status=403; <unknown>:2:1326: not well-formed (invalid token),Warning,Review or replace this source URL if it is important.
2026-07-10 00:06:50,California YIMBY,Failed,RSS parsing issue: <urlopen error [Errno -2] Name or service not known>,Warning,Review or replace this source URL if it is important.
2026-07-10 00:06:50,Connect CRE Charlotte,Failed,RSS parsing issue: status=404; <unknown>:22:51: not well-formed (invalid token),Warning,Review or replace this source URL if it is important.
2026-07-10 00:06:50,Hines Source Expansion,Failed,RSS parsing issue: status=403; <unknown>:2:1326: not well-formed (invalid token),Warning,Review or replace this source URL if it is important.
2026-07-10 00:06:50,Berkadia Source Expansion,Failed,RSS parsing issue: status=301; <unknown>:7:866: not well-formed (invalid token),Warning,Review or replace this source URL if it is important.
2026-07-10 00:06:50,Walker & Dunlop Source Expansion,Failed,RSS parsing issue: status=301; <unknown>:2:2016: not well-formed (invalid token),Warning,Review or replace this source URL if it is important.
2026-07-10 00:06:50,Commercial Property Executive,Failed,RSS parsing issue: status=403; <unknown>:2:1326: not well-formed (invalid token),Warning,Review or replace this source URL if it is important.
2026-07-10 23:59:37,Multi-Housing News,Failed,RSS parsing issue: status=403; <unknown>:2:1246: not well-formed (invalid token),Warning,Review or replace this source URL if it is important.
2026-07-10 23:59:37,GlobeSt,Failed,RSS parsing issue: status=404; <unknown>:2:0: syntax error,Warning,Review or replace this source URL if it is important.
2026-07-10 23:59:37,The Real Deal,Failed,RSS parsing issue: status=301; text/html; charset=utf-8 is not an XML media type,Warning,Review or replace this source URL if it is important.
2026-07-10 23:59:37,Urban Land Institute,Failed,RSS parsing issue: status=403; <unknown>:2:1326: not well-formed (invalid token),Warning,Review or replace this source URL if it is important.
2026-07-10 23:59:37,NMHC News,Failed,RSS parsing issue: status=200; <unknown>:21:2: mismatched tag,Warning,Review or replace this source URL if it is important.
2026-07-10 23:59:37,Walker & Dunlop Insights,Failed,RSS parsing issue: status=301; <unknown>:2:2016: not well-formed (invalid token),Warning,Review or replace this source URL if it is important.
2026-07-10 23:59:37,Berkadia Research,Failed,RSS parsing issue: status=301; <unknown>:7:866: not well-formed (invalid token),Warning,Review or replace this source URL if it is important.
2026-07-10 23:59:37,Hines Newsroom,Failed,RSS parsing issue: status=403; <unknown>:2:1326: not well-formed (invalid token),Warning,Review or replace this source URL if it is important.
2026-07-10 23:59:37,California YIMBY,Failed,RSS parsing issue: <urlopen error [Errno -2] Name or service not known>,Warning,Review or replace this source URL if it is important.
2026-07-10 23:59:37,Connect CRE Charlotte,Failed,RSS parsing issue: status=404; <unknown>:22:51: not well-formed (invalid token),Warning,Review or replace this source URL if it is important.
2026-07-10 23:59:37,Hines Source Expansion,Failed,RSS parsing issue: status=403; <unknown>:2:1326: not well-formed (invalid token),Warning,Review or replace this source URL if it is important.
2026-07-10 23:59:37,Berkadia Source Expansion,Failed,RSS parsing issue: status=301; <unknown>:7:866: not well-formed (invalid token),Warning,Review or replace this source URL if it is important.
2026-07-10 23:59:37,Walker & Dunlop Source Expansion,Failed,RSS parsing issue: status=301; <unknown>:2:2016: not well-formed (invalid token),Warning,Review or replace this source URL if it is important.
2026-07-10 23:59:37,Commercial Property Executive,Failed,RSS parsing issue: status=403; <unknown>:2:1326: not well-formed (invalid token),Warning,Review or replace this source URL if it is important.
2026-07-11 23:55:45,Multi-Housing News,Failed,RSS parsing issue: status=403; <unknown>:2:1246: not well-formed (invalid token),Warning,Review or replace this source URL if it is important.
2026-07-11 23:55:45,GlobeSt,Failed,RSS parsing issue: status=404; <unknown>:2:0: syntax error,Warning,Review or replace this source URL if it is important.
2026-07-11 23:55:45,The Real Deal,Failed,RSS parsing issue: status=301; text/html; charset=utf-8 is not an XML media type,Warning,Review or replace this source URL if it is important.
2026-07-11 23:55:45,Urban Land Institute,Failed,RSS parsing issue: status=403; <unknown>:2:1326: not well-formed (invalid token),Warning,Review or replace this source URL if it is important.
2026-07-11 23:55:45,NMHC News,Failed,RSS parsing issue: status=200; <unknown>:21:2: mismatched tag,Warning,Review or replace this source URL if it is important.
2026-07-11 23:55:45,Walker & Dunlop Insights,Failed,RSS parsing issue: status=301; <unknown>:2:2016: not well-formed (invalid token),Warning,Review or replace this source URL if it is important.
2026-07-11 23:55:45,Berkadia Research,Failed,RSS parsing issue: status=301; <unknown>:7:866: not well-formed (invalid token),Warning,Review or replace this source URL if it is important.
2026-07-11 23:55:45,Hines Newsroom,Failed,RSS parsing issue: status=403; <unknown>:2:1326: not well-formed (invalid token),Warning,Review or replace this source URL if it is important.
2026-07-11 23:55:45,California YIMBY,Failed,RSS parsing issue: <urlopen error [Errno -2] Name or service not known>,Warning,Review or replace this source URL if it is important.
2026-07-11 23:55:45,Connect CRE Charlotte,Failed,RSS parsing issue: status=404; <unknown>:22:51: not well-formed (invalid token),Warning,Review or replace this source URL if it is important.
2026-07-11 23:55:45,Hines Source Expansion,Failed,RSS parsing issue: status=403; <unknown>:2:1326: not well-formed (invalid token),Warning,Review or replace this source URL if it is important.
2026-07-11 23:55:45,Berkadia Source Expansion,Failed,RSS parsing issue: status=301; <unknown>:7:866: not well-formed (invalid token),Warning,Review or replace this source URL if it is important.
2026-07-11 23:55:45,Walker & Dunlop Source Expansion,Failed,RSS parsing issue: status=301; <unknown>:2:2016: not well-formed (invalid token),Warning,Review or replace this source URL if it is important.
2026-07-11 23:55:45,Commercial Property Executive,Failed,RSS parsing issue: status=403; <unknown>:2:1326: not well-formed (invalid token),Warning,Review or replace this source URL if it is important.
2026-07-12 23:55:18,Multi-Housing News,Failed,RSS parsing issue: status=403; <unknown>:2:1246: not well-formed (invalid token),Warning,Review or replace this source URL if it is important.
2026-07-12 23:55:18,GlobeSt,Failed,RSS parsing issue: status=404; <unknown>:2:0: syntax error,Warning,Review or replace this source URL if it is important.
2026-07-12 23:55:18,The Real Deal,Failed,RSS parsing issue: status=301; text/html; charset=utf-8 is not an XML media type,Warning,Review or replace this source URL if it is important.
2026-07-12 23:55:18,Urban Land Institute,Failed,RSS parsing issue: status=403; <unknown>:2:1326: not well-formed (invalid token),Warning,Review or replace this source URL if it is important.
2026-07-12 23:55:18,NMHC News,Failed,RSS parsing issue: status=200; <unknown>:21:2: mismatched tag,Warning,Review or replace this source URL if it is important.
2026-07-12 23:55:18,Walker & Dunlop Insights,Failed,RSS parsing issue: status=301; <unknown>:2:2016: not well-formed (invalid token),Warning,Review or replace this source URL if it is important.
2026-07-12 23:55:18,Berkadia Research,Failed,RSS parsing issue: status=301; <unknown>:7:866: not well-formed (invalid token),Warning,Review or replace this source URL if it is important.
2026-07-12 23:55:18,Hines Newsroom,Failed,RSS parsing issue: status=403; <unknown>:2:1326: not well-formed (invalid token),Warning,Review or replace this source URL if it is important.
2026-07-12 23:55:18,California YIMBY,Failed,RSS parsing issue: <urlopen error [Errno -2] Name or service not known>,Warning,Review or replace this source URL if it is important.
2026-07-12 23:55:18,Connect CRE Charlotte,Failed,RSS parsing issue: status=404; <unknown>:22:51: not well-formed (invalid token),Warning,Review or replace this source URL if it is important.
2026-07-12 23:55:18,Hines Source Expansion,Failed,RSS parsing issue: status=403; <unknown>:2:1326: not well-formed (invalid token),Warning,Review or replace this source URL if it is important.
2026-07-12 23:55:18,Berkadia Source Expansion,Failed,RSS parsing issue: status=301; <unknown>:7:866: not well-formed (invalid token),Warning,Review or replace this source URL if it is important.
2026-07-12 23:55:18,Walker & Dunlop Source Expansion,Failed,RSS parsing issue: status=301; <unknown>:2:2016: not well-formed (invalid token),Warning,Review or replace this source URL if it is important.
2026-07-12 23:55:18,Commercial Property Executive,Failed,RSS parsing issue: status=403; <unknown>:2:1326: not well-formed (invalid token),Warning,Review or replace this source URL if it is important.
2026-07-13 23:55:20,Multi-Housing News,Failed,RSS parsing issue: status=403; <unknown>:2:1246: not well-formed (invalid token),Warning,Review or replace this source URL if it is important.
2026-07-13 23:55:20,GlobeSt,Failed,RSS parsing issue: status=404; <unknown>:2:0: syntax error,Warning,Review or replace this source URL if it is important.
2026-07-13 23:55:20,The Real Deal,Failed,RSS parsing issue: status=301; text/html; charset=utf-8 is not an XML media type,Warning,Review or replace this source URL if it is important.
2026-07-13 23:55:20,Urban Land Institute,Failed,RSS parsing issue: status=403; <unknown>:2:1326: not well-formed (invalid token),Warning,Review or replace this source URL if it is important.
2026-07-13 23:55:20,NMHC News,Failed,RSS parsing issue: status=200; <unknown>:21:2: mismatched tag,Warning,Review or replace this source URL if it is important.
2026-07-13 23:55:20,Walker & Dunlop Insights,Failed,RSS parsing issue: status=301; <unknown>:2:2016: not well-formed (invalid token),Warning,Review or replace this source URL if it is important.
2026-07-13 23:55:20,Berkadia Research,Failed,RSS parsing issue: status=301; <unknown>:7:866: not well-formed (invalid token),Warning,Review or replace this source URL if it is important.
2026-07-13 23:55:20,Hines Newsroom,Failed,RSS parsing issue: status=403; <unknown>:2:1326: not well-formed (invalid token),Warning,Review or replace this source URL if it is important.
2026-07-13 23:55:20,California YIMBY,Failed,RSS parsing issue: <urlopen error [Errno -2] Name or service not known>,Warning,Review or replace this source URL if it is important.
2026-07-13 23:55:20,Connect CRE Charlotte,Failed,RSS parsing issue: status=404; <unknown>:22:51: not well-formed (invalid token),Warning,Review or replace this source URL if it is important.
2026-07-13 23:55:20,Hines Source Expansion,Failed,RSS parsing issue: status=403; <unknown>:2:1326: not well-formed (invalid token),Warning,Review or replace this source URL if it is important.
2026-07-13 23:55:20,Berkadia Source Expansion,Failed,RSS parsing issue: status=301; <unknown>:7:866: not well-formed (invalid token),Warning,Review or replace this source URL if it is important.
2026-07-13 23:55:20,Walker & Dunlop Source Expansion,Failed,RSS parsing issue: status=301; <unknown>:2:2016: not well-formed (invalid token),Warning,Review or replace this source URL if it is important.
2026-07-13 23:55:20,Commercial Property Executive,Failed,RSS parsing issue: status=403; <unknown>:2:1326: not well-formed (invalid token),Warning,Review or replace this source URL if it is important.
2026-07-14 23:54:20,Multi-Housing News,Failed,RSS parsing issue: status=403; <unknown>:2:1326: not well-formed (invalid token),Warning,Review or replace this source URL if it is important.
2026-07-14 23:54:20,GlobeSt,Failed,RSS parsing issue: status=404; <unknown>:2:0: syntax error,Warning,Review or replace this source URL if it is important.
2026-07-14 23:54:20,The Real Deal,Failed,RSS parsing issue: status=301; text/html; charset=utf-8 is not an XML media type,Warning,Review or replace this source URL if it is important.
2026-07-14 23:54:20,Urban Land Institute,Failed,RSS parsing issue: status=403; <unknown>:2:1326: not well-formed (invalid token),Warning,Review or replace this source URL if it is important.
2026-07-14 23:54:20,NMHC News,Failed,RSS parsing issue: status=200; <unknown>:21:2: mismatched tag,Warning,Review or replace this source URL if it is important.
2026-07-14 23:54:20,Walker & Dunlop Insights,Failed,RSS parsing issue: status=301; <unknown>:2:2016: not well-formed (invalid token),Warning,Review or replace this source URL if it is important.
2026-07-14 23:54:20,Berkadia Research,Failed,RSS parsing issue: status=301; <unknown>:7:866: not well-formed (invalid token),Warning,Review or replace this source URL if it is important.
2026-07-14 23:54:20,Hines Newsroom,Failed,RSS parsing issue: status=403; <unknown>:2:1326: not well-formed (invalid token),Warning,Review or replace this source URL if it is important.
2026-07-14 23:54:20,California YIMBY,Failed,RSS parsing issue: <urlopen error [Errno -2] Name or service not known>,Warning,Review or replace this source URL if it is important.
2026-07-14 23:54:20,Connect CRE Charlotte,Failed,RSS parsing issue: status=404; <unknown>:22:51: not well-formed (invalid token),Warning,Review or replace this source URL if it is important.
2026-07-14 23:54:20,Hines Source Expansion,Failed,RSS parsing issue: status=403; <unknown>:2:1326: not well-formed (invalid token),Warning,Review or replace this source URL if it is important.
2026-07-14 23:54:20,Berkadia Source Expansion,Failed,RSS parsing issue: status=301; <unknown>:7:866: not well-formed (invalid token),Warning,Review or replace this source URL if it is important.
2026-07-14 23:54:20,Walker & Dunlop Source Expansion,Failed,RSS parsing issue: status=301; <unknown>:2:2016: not well-formed (invalid token),Warning,Review or replace this source URL if it is important.
2026-07-14 23:54:20,Commercial Property Executive,Failed,RSS parsing issue: status=403; <unknown>:2:1326: not well-formed (invalid token),Warning,Review or replace this source URL if it is important.
2026-07-15 23:59:36,Multi-Housing News,Failed,RSS parsing issue: status=403; <unknown>:2:1246: not well-formed (invalid token),Warning,Review or replace this source URL if it is important.
2026-07-15 23:59:36,GlobeSt,Failed,RSS parsing issue: status=404; <unknown>:2:0: syntax error,Warning,Review or replace this source URL if it is important.
2026-07-15 23:59:36,The Real Deal,Failed,RSS parsing issue: status=301; text/html; charset=utf-8 is not an XML media type,Warning,Review or replace this source URL if it is important.
2026-07-15 23:59:36,Urban Land Institute,Failed,RSS parsing issue: status=403; <unknown>:2:1326: not well-formed (invalid token),Warning,Review or replace this source URL if it is important.
2026-07-15 23:59:36,NMHC News,Failed,RSS parsing issue: status=200; <unknown>:21:2: mismatched tag,Warning,Review or replace this source URL if it is important.
2026-07-15 23:59:36,Walker & Dunlop Insights,Failed,RSS parsing issue: status=301; <unknown>:2:2016: not well-formed (invalid token),Warning,Review or replace this source URL if it is important.
2026-07-15 23:59:36,Berkadia Research,Failed,RSS parsing issue: status=301; <unknown>:7:866: not well-formed (invalid token),Warning,Review or replace this source URL if it is important.
2026-07-15 23:59:36,Hines Newsroom,Failed,RSS parsing issue: status=403; <unknown>:2:1326: not well-formed (invalid token),Warning,Review or replace this source URL if it is important.
2026-07-15 23:59:36,Blackstone Real Estate,Failed,RSS parsing issue: status=403; <unknown>:2:1326: not well-formed (invalid token),Warning,Review or replace this source URL if it is important.
2026-07-15 23:59:36,California YIMBY,Failed,RSS parsing issue: <urlopen error [Errno -2] Name or service not known>,Warning,Review or replace this source URL if it is important.
2026-07-15 23:59:36,Connect CRE Charlotte,Failed,RSS parsing issue: status=404; <unknown>:22:51: not well-formed (invalid token),Warning,Review or replace this source URL if it is important.
2026-07-15 23:59:36,Blackstone Real Estate Source Expansion,Failed,RSS parsing issue: status=403; <unknown>:2:1326: not well-formed (invalid token),Warning,Review or replace this source URL if it is important.
2026-07-15 23:59:36,Hines Source Expansion,Failed,RSS parsing issue: status=403; <unknown>:2:1326: not well-formed (invalid token),Warning,Review or replace this source URL if it is important.
2026-07-15 23:59:36,Berkadia Source Expansion,Failed,RSS parsing issue: status=301; <unknown>:7:866: not well-formed (invalid token),Warning,Review or replace this source URL if it is important.
2026-07-15 23:59:36,Walker & Dunlop Source Expansion,Failed,RSS parsing issue: status=301; <unknown>:2:2016: not well-formed (invalid token),Warning,Review or replace this source URL if it is important.
2026-07-15 23:59:36,Commercial Property Executive,Failed,RSS parsing issue: status=403; <unknown>:2:1326: not well-formed (invalid token),Warning,Review or replace this source URL if it is important.
2026-07-17 00:00:48,Multi-Housing News,Failed,RSS parsing issue: status=403; <unknown>:2:1326: not well-formed (invalid token),Warning,Review or replace this source URL if it is important.
2026-07-17 00:00:48,GlobeSt,Failed,RSS parsing issue: status=404; <unknown>:2:0: syntax error,Warning,Review or replace this source URL if it is important.
2026-07-17 00:00:48,The Real Deal,Failed,RSS parsing issue: status=301; text/html; charset=utf-8 is not an XML media type,Warning,Review or replace this source URL if it is important.
2026-07-17 00:00:48,Urban Land Institute,Failed,RSS parsing issue: status=403; <unknown>:2:1326: not well-formed (invalid token),Warning,Review or replace this source URL if it is important.
2026-07-17 00:00:48,NMHC News,Failed,RSS parsing issue: status=200; <unknown>:21:2: mismatched tag,Warning,Review or replace this source URL if it is important.
2026-07-17 00:00:48,Walker & Dunlop Insights,Failed,RSS parsing issue: status=301; <unknown>:2:2016: not well-formed (invalid token),Warning,Review or replace this source URL if it is important.
2026-07-17 00:00:48,Berkadia Research,Failed,RSS parsing issue: status=301; <unknown>:7:866: not well-formed (invalid token),Warning,Review or replace this source URL if it is important.
2026-07-17 00:00:48,Hines Newsroom,Failed,RSS parsing issue: status=403; <unknown>:2:1326: not well-formed (invalid token),Warning,Review or replace this source URL if it is important.
2026-07-17 00:00:48,Blackstone Real Estate,Failed,RSS parsing issue: status=403; <unknown>:2:1326: not well-formed (invalid token),Warning,Review or replace this source URL if it is important.
2026-07-17 00:00:48,California YIMBY,Failed,RSS parsing issue: <urlopen error [Errno -2] Name or service not known>,Warning,Review or replace this source URL if it is important.
2026-07-17 00:00:48,Connect CRE Charlotte,Failed,RSS parsing issue: status=404; <unknown>:22:51: not well-formed (invalid token),Warning,Review or replace this source URL if it is important.
2026-07-17 00:00:48,Blackstone Real Estate Source Expansion,Failed,RSS parsing issue: status=403; <unknown>:2:1326: not well-formed (invalid token),Warning,Review or replace this source URL if it is important.
2026-07-17 00:00:48,Hines Source Expansion,Failed,RSS parsing issue: status=403; <unknown>:2:1326: not well-formed (invalid token),Warning,Review or replace this source URL if it is important.
2026-07-17 00:00:48,Berkadia Source Expansion,Failed,RSS parsing issue: status=301; <unknown>:7:866: not well-formed (invalid token),Warning,Review or replace this source URL if it is important.
2026-07-17 00:00:48,Walker & Dunlop Source Expansion,Failed,RSS parsing issue: status=301; <unknown>:2:2016: not well-formed (invalid token),Warning,Review or replace this source URL if it is important.
2026-07-17 00:00:48,Commercial Property Executive,Failed,RSS parsing issue: status=403; <unknown>:2:1326: not well-formed (invalid token),Warning,Review or replace this source URL if it is important.
2026-07-17 23:54:45,Multi-Housing News,Failed,RSS parsing issue: status=403; <unknown>:2:1326: not well-formed (invalid token),Warning,Review or replace this source URL if it is important.
2026-07-17 23:54:45,GlobeSt,Failed,RSS parsing issue: status=404; <unknown>:2:0: syntax error,Warning,Review or replace this source URL if it is important.
2026-07-17 23:54:45,The Real Deal,Failed,RSS parsing issue: status=301; text/html; charset=utf-8 is not an XML media type,Warning,Review or replace this source URL if it is important.
2026-07-17 23:54:45,Urban Land Institute,Failed,RSS parsing issue: status=403; <unknown>:2:1326: not well-formed (invalid token),Warning,Review or replace this source URL if it is important.
2026-07-17 23:54:45,NMHC News,Failed,RSS parsing issue: status=200; <unknown>:21:2: mismatched tag,Warning,Review or replace this source URL if it is important.
2026-07-17 23:54:45,Walker & Dunlop Insights,Failed,RSS parsing issue: status=301; <unknown>:2:2016: not well-formed (invalid token),Warning,Review or replace this source URL if it is important.
2026-07-17 23:54:45,Berkadia Research,Failed,RSS parsing issue: status=301; <unknown>:7:866: not well-formed (invalid token),Warning,Review or replace this source URL if it is important.
2026-07-17 23:54:45,Hines Newsroom,Failed,RSS parsing issue: status=403; <unknown>:2:1326: not well-formed (invalid token),Warning,Review or replace this source URL if it is important.
2026-07-17 23:54:45,Blackstone Real Estate,Failed,RSS parsing issue: status=403; <unknown>:2:1326: not well-formed (invalid token),Warning,Review or replace this source URL if it is important.
2026-07-17 23:54:45,California YIMBY,Failed,RSS parsing issue: <urlopen error [Errno -2] Name or service not known>,Warning,Review or replace this source URL if it is important.
2026-07-17 23:54:45,Connect CRE Charlotte,Failed,RSS parsing issue: status=404; <unknown>:22:51: not well-formed (invalid token),Warning,Review or replace this source URL if it is important.
2026-07-17 23:54:45,Blackstone Real Estate Source Expansion,Failed,RSS parsing issue: status=403; <unknown>:2:1326: not well-formed (invalid token),Warning,Review or replace this source URL if it is important.
2026-07-17 23:54:45,Hines Source Expansion,Failed,RSS parsing issue: status=403; <unknown>:2:1326: not well-formed (invalid token),Warning,Review or replace this source URL if it is important.
2026-07-17 23:54:45,Berkadia Source Expansion,Failed,RSS parsing issue: status=301; <unknown>:7:866: not well-formed (invalid token),Warning,Review or replace this source URL if it is important.
2026-07-17 23:54:45,Walker & Dunlop Source Expansion,Failed,RSS parsing issue: status=301; <unknown>:2:2016: not well-formed (invalid token),Warning,Review or replace this source URL if it is important.
2026-07-17 23:54:45,Commercial Property Executive,Failed,RSS parsing issue: status=403; <unknown>:2:1326: not well-formed (invalid token),Warning,Review or replace this source URL if it is important.
2026-07-18 23:55:59,Multi-Housing News,Failed,RSS parsing issue: status=403; <unknown>:2:1326: not well-formed (invalid token),Warning,Review or replace this source URL if it is important.
2026-07-18 23:55:59,GlobeSt,Failed,RSS parsing issue: status=404; <unknown>:2:0: syntax error,Warning,Review or replace this source URL if it is important.
2026-07-18 23:55:59,The Real Deal,Failed,RSS parsing issue: status=301; text/html; charset=utf-8 is not an XML media type,Warning,Review or replace this source URL if it is important.
2026-07-18 23:55:59,Urban Land Institute,Failed,RSS parsing issue: status=403; <unknown>:2:1326: not well-formed (invalid token),Warning,Review or replace this source URL if it is important.
2026-07-18 23:55:59,NMHC News,Failed,RSS parsing issue: status=200; <unknown>:21:2: mismatched tag,Warning,Review or replace this source URL if it is important.
2026-07-18 23:55:59,Walker & Dunlop Insights,Failed,RSS parsing issue: status=301; <unknown>:2:2016: not well-formed (invalid token),Warning,Review or replace this source URL if it is important.
2026-07-18 23:55:59,Berkadia Research,Failed,RSS parsing issue: status=301; <unknown>:7:866: not well-formed (invalid token),Warning,Review or replace this source URL if it is important.
2026-07-18 23:55:59,Hines Newsroom,Failed,RSS parsing issue: status=403; <unknown>:2:1326: not well-formed (invalid token),Warning,Review or replace this source URL if it is important.
2026-07-18 23:55:59,Blackstone Real Estate,Failed,RSS parsing issue: status=403; <unknown>:2:1326: not well-formed (invalid token),Warning,Review or replace this source URL if it is important.
2026-07-18 23:55:59,California YIMBY,Failed,RSS parsing issue: <urlopen error [Errno -2] Name or service not known>,Warning,Review or replace this source URL if it is important.
2026-07-18 23:55:59,Connect CRE Charlotte,Failed,RSS parsing issue: status=404; <unknown>:22:51: not well-formed (invalid token),Warning,Review or replace this source URL if it is important.
2026-07-18 23:55:59,Blackstone Real Estate Source Expansion,Failed,RSS parsing issue: status=403; <unknown>:2:1326: not well-formed (invalid token),Warning,Review or replace this source URL if it is important.
2026-07-18 23:55:59,Hines Source Expansion,Failed,RSS parsing issue: status=403; <unknown>:2:1326: not well-formed (invalid token),Warning,Review or replace this source URL if it is important.
2026-07-18 23:55:59,Berkadia Source Expansion,Failed,RSS parsing issue: status=301; <unknown>:7:866: not well-formed (invalid token),Warning,Review or replace this source URL if it is important.
2026-07-18 23:55:59,Walker & Dunlop Source Expansion,Failed,RSS parsing issue: status=301; <unknown>:2:2016: not well-formed (invalid token),Warning,Review or replace this source URL if it is important.
2026-07-18 23:55:59,Commercial Property Executive,Failed,RSS parsing issue: status=403; <unknown>:2:1326: not well-formed (invalid token),Warning,Review or replace this source URL if it is important.
2026-07-19 23:59:29,Multi-Housing News,Failed,RSS parsing issue: status=403; <unknown>:2:1326: not well-formed (invalid token),Warning,Review or replace this source URL if it is important.
2026-07-19 23:59:29,GlobeSt,Failed,RSS parsing issue: status=404; <unknown>:2:0: syntax error,Warning,Review or replace this source URL if it is important.
2026-07-19 23:59:29,The Real Deal,Failed,RSS parsing issue: status=301; text/html; charset=utf-8 is not an XML media type,Warning,Review or replace this source URL if it is important.
2026-07-19 23:59:29,Urban Land Institute,Failed,RSS parsing issue: status=403; <unknown>:2:1326: not well-formed (invalid token),Warning,Review or replace this source URL if it is important.
2026-07-19 23:59:29,NMHC News,Failed,RSS parsing issue: status=200; <unknown>:21:2: mismatched tag,Warning,Review or replace this source URL if it is important.
2026-07-19 23:59:29,Walker & Dunlop Insights,Failed,RSS parsing issue: status=301; <unknown>:2:2016: not well-formed (invalid token),Warning,Review or replace this source URL if it is important.
2026-07-19 23:59:29,Berkadia Research,Failed,RSS parsing issue: status=301; <unknown>:7:866: not well-formed (invalid token),Warning,Review or replace this source URL if it is important.
2026-07-19 23:59:29,Hines Newsroom,Failed,RSS parsing issue: status=403; <unknown>:2:1326: not well-formed (invalid token),Warning,Review or replace this source URL if it is important.
2026-07-19 23:59:29,Blackstone Real Estate,Failed,RSS parsing issue: status=403; <unknown>:2:1326: not well-formed (invalid token),Warning,Review or replace this source URL if it is important.
2026-07-19 23:59:29,California YIMBY,Failed,RSS parsing issue: <urlopen error [Errno -2] Name or service not known>,Warning,Review or replace this source URL if it is important.
2026-07-19 23:59:29,Connect CRE Charlotte,Failed,RSS parsing issue: status=404; <unknown>:22:51: not well-formed (invalid token),Warning,Review or replace this source URL if it is important.
2026-07-19 23:59:29,Blackstone Real Estate Source Expansion,Failed,RSS parsing issue: status=403; <unknown>:2:1326: not well-formed (invalid token),Warning,Review or replace this source URL if it is important.
2026-07-19 23:59:29,Hines Source Expansion,Failed,RSS parsing issue: status=403; <unknown>:2:1326: not well-formed (invalid token),Warning,Review or replace this source URL if it is important.
2026-07-19 23:59:29,Berkadia Source Expansion,Failed,RSS parsing issue: status=301; <unknown>:7:866: not well-formed (invalid token),Warning,Review or replace this source URL if it is important.
2026-07-19 23:59:29,Walker & Dunlop Source Expansion,Failed,RSS parsing issue: status=301; <unknown>:2:2016: not well-formed (invalid token),Warning,Review or replace this source URL if it is important.
2026-07-19 23:59:29,Commercial Property Executive,Failed,RSS parsing issue: status=403; <unknown>:2:1326: not well-formed (invalid token),Warning,Review or replace this source URL if it is important.
2026-07-20 23:58:27,Multi-Housing News,Failed,RSS parsing issue: status=403; <unknown>:2:1326: not well-formed (invalid token),Warning,Review or replace this source URL if it is important.
2026-07-20 23:58:27,GlobeSt,Failed,RSS parsing issue: status=403; <unknown>:2:1326: not well-formed (invalid token),Warning,Review or replace this source URL if it is important.
2026-07-20 23:58:27,The Real Deal,Failed,RSS parsing issue: status=301; text/html; charset=utf-8 is not an XML media type,Warning,Review or replace this source URL if it is important.
2026-07-20 23:58:27,Urban Land Institute,Failed,RSS parsing issue: status=403; <unknown>:2:1326: not well-formed (invalid token),Warning,Review or replace this source URL if it is important.
2026-07-20 23:58:27,NMHC News,Failed,RSS parsing issue: status=200; <unknown>:21:2: mismatched tag,Warning,Review or replace this source URL if it is important.
2026-07-20 23:58:27,Walker & Dunlop Insights,Failed,RSS parsing issue: status=301; <unknown>:2:2016: not well-formed (invalid token),Warning,Review or replace this source URL if it is important.
2026-07-20 23:58:27,Berkadia Research,Failed,RSS parsing issue: status=301; <unknown>:7:866: not well-formed (invalid token),Warning,Review or replace this source URL if it is important.
2026-07-20 23:58:27,Hines Newsroom,Failed,RSS parsing issue: status=403; <unknown>:2:1326: not well-formed (invalid token),Warning,Review or replace this source URL if it is important.
2026-07-20 23:58:27,Blackstone Real Estate,Failed,RSS parsing issue: status=301; <unknown>:2:1326: not well-formed (invalid token),Warning,Review or replace this source URL if it is important.
2026-07-20 23:58:27,California YIMBY,Failed,RSS parsing issue: <urlopen error [Errno -2] Name or service not known>,Warning,Review or replace this source URL if it is important.
2026-07-20 23:58:27,Connect CRE Charlotte,Failed,RSS parsing issue: status=404; <unknown>:22:51: not well-formed (invalid token),Warning,Review or replace this source URL if it is important.
2026-07-20 23:58:27,Blackstone Real Estate Source Expansion,Failed,RSS parsing issue: status=403; <unknown>:2:1326: not well-formed (invalid token),Warning,Review or replace this source URL if it is important.
2026-07-20 23:58:27,Hines Source Expansion,Failed,RSS parsing issue: status=403; <unknown>:2:1326: not well-formed (invalid token),Warning,Review or replace this source URL if it is important.
2026-07-20 23:58:27,Berkadia Source Expansion,Failed,RSS parsing issue: status=301; <unknown>:7:866: not well-formed (invalid token),Warning,Review or replace this source URL if it is important.
2026-07-20 23:58:27,Walker & Dunlop Source Expansion,Failed,RSS parsing issue: status=301; <unknown>:2:2016: not well-formed (invalid token),Warning,Review or replace this source URL if it is important.
2026-07-20 23:58:27,Commercial Property Executive,Failed,RSS parsing issue: status=403; <unknown>:2:1326: not well-formed (invalid token),Warning,Review or replace this source URL if it is important.
2026-07-21 23:58:12,Multi-Housing News,Failed,RSS parsing issue: status=403; <unknown>:2:1326: not well-formed (invalid token),Warning,Review or replace this source URL if it is important.
2026-07-21 23:58:12,GlobeSt,Failed,RSS parsing issue: status=403; <unknown>:2:1326: not well-formed (invalid token),Warning,Review or replace this source URL if it is important.
2026-07-21 23:58:12,The Real Deal,Failed,RSS parsing issue: status=301; text/html; charset=utf-8 is not an XML media type,Warning,Review or replace this source URL if it is important.
2026-07-21 23:58:12,Urban Land Institute,Failed,RSS parsing issue: status=403; <unknown>:2:1326: not well-formed (invalid token),Warning,Review or replace this source URL if it is important.
2026-07-21 23:58:12,NMHC News,Failed,RSS parsing issue: status=200; <unknown>:21:2: mismatched tag,Warning,Review or replace this source URL if it is important.
2026-07-21 23:58:12,Walker & Dunlop Insights,Failed,RSS parsing issue: status=301; <unknown>:2:2016: not well-formed (invalid token),Warning,Review or replace this source URL if it is important.
2026-07-21 23:58:12,Berkadia Research,Failed,RSS parsing issue: status=301; <unknown>:7:866: not well-formed (invalid token),Warning,Review or replace this source URL if it is important.
2026-07-21 23:58:12,Hines Newsroom,Failed,RSS parsing issue: status=403; <unknown>:2:1326: not well-formed (invalid token),Warning,Review or replace this source URL if it is important.
2026-07-21 23:58:12,Blackstone Real Estate,Failed,RSS parsing issue: status=403; <unknown>:2:1326: not well-formed (invalid token),Warning,Review or replace this source URL if it is important.
2026-07-21 23:58:12,California YIMBY,Failed,RSS parsing issue: <urlopen error [Errno -2] Name or service not known>,Warning,Review or replace this source URL if it is important.
2026-07-21 23:58:12,Connect CRE Charlotte,Failed,RSS parsing issue: status=404; <unknown>:22:51: not well-formed (invalid token),Warning,Review or replace this source URL if it is important.
2026-07-21 23:58:12,Blackstone Real Estate Source Expansion,Failed,RSS parsing issue: status=301; <unknown>:2:1326: not well-formed (invalid token),Warning,Review or replace this source URL if it is important.
2026-07-21 23:58:12,Hines Source Expansion,Failed,RSS parsing issue: status=403; <unknown>:2:1326: not well-formed (invalid token),Warning,Review or replace this source URL if it is important.
2026-07-21 23:58:12,Berkadia Source Expansion,Failed,RSS parsing issue: status=301; <unknown>:7:866: not well-formed (invalid token),Warning,Review or replace this source URL if it is important.
2026-07-21 23:58:12,Walker & Dunlop Source Expansion,Failed,RSS parsing issue: status=301; <unknown>:2:2016: not well-formed (invalid token),Warning,Review or replace this source URL if it is important.
2026-07-21 23:58:12,Commercial Property Executive,Failed,RSS parsing issue: status=403; <unknown>:2:1326: not well-formed (invalid token),Warning,Review or replace this source URL if it is important.
2026-07-23 00:02:39,Multi-Housing News,Failed,RSS parsing issue: status=403; <unknown>:2:1326: not well-formed (invalid token),Warning,Review or replace this source URL if it is important.
2026-07-23 00:02:39,GlobeSt,Failed,RSS parsing issue: status=403; <unknown>:2:1326: not well-formed (invalid token),Warning,Review or replace this source URL if it is important.
2026-07-23 00:02:39,The Real Deal,Failed,RSS parsing issue: status=301; text/html; charset=utf-8 is not an XML media type,Warning,Review or replace this source URL if it is important.
2026-07-23 00:02:39,Urban Land Institute,Failed,RSS parsing issue: status=403; <unknown>:2:1326: not well-formed (invalid token),Warning,Review or replace this source URL if it is important.
2026-07-23 00:02:39,NMHC News,Failed,RSS parsing issue: status=200; <unknown>:21:2: mismatched tag,Warning,Review or replace this source URL if it is important.
2026-07-23 00:02:39,Walker & Dunlop Insights,Failed,RSS parsing issue: status=301; <unknown>:2:2016: not well-formed (invalid token),Warning,Review or replace this source URL if it is important.
2026-07-23 00:02:39,Berkadia Research,Failed,RSS parsing issue: status=301; <unknown>:7:866: not well-formed (invalid token),Warning,Review or replace this source URL if it is important.
2026-07-23 00:02:39,Hines Newsroom,Failed,RSS parsing issue: status=403; <unknown>:2:1326: not well-formed (invalid token),Warning,Review or replace this source URL if it is important.
2026-07-23 00:02:39,Blackstone Real Estate,Failed,RSS parsing issue: status=403; <unknown>:2:1326: not well-formed (invalid token),Warning,Review or replace this source URL if it is important.
2026-07-23 00:02:39,California YIMBY,Failed,RSS parsing issue: <urlopen error [Errno -2] Name or service not known>,Warning,Review or replace this source URL if it is important.
2026-07-23 00:02:39,Connect CRE Charlotte,Failed,RSS parsing issue: status=404; <unknown>:22:51: not well-formed (invalid token),Warning,Review or replace this source URL if it is important.
2026-07-23 00:02:39,Blackstone Real Estate Source Expansion,Failed,RSS parsing issue: status=403; <unknown>:2:1326: not well-formed (invalid token),Warning,Review or replace this source URL if it is important.
2026-07-23 00:02:39,Hines Source Expansion,Failed,RSS parsing issue: status=403; <unknown>:2:1326: not well-formed (invalid token),Warning,Review or replace this source URL if it is important.
2026-07-23 00:02:39,Berkadia Source Expansion,Failed,RSS parsing issue: status=301; <unknown>:7:866: not well-formed (invalid token),Warning,Review or replace this source URL if it is important.
2026-07-23 00:02:39,Walker & Dunlop Source Expansion,Failed,RSS parsing issue: status=301; <unknown>:2:2016: not well-formed (invalid token),Warning,Review or replace this source URL if it is important.
2026-07-23 00:02:39,Commercial Property Executive,Failed,RSS parsing issue: status=403; <unknown>:2:1326: not well-formed (invalid token),Warning,Review or replace this source URL if it is important.
2026-07-24 00:02:18,Multi-Housing News,Failed,RSS parsing issue: status=403; <unknown>:2:1326: not well-formed (invalid token),Warning,Review or replace this source URL if it is important.
2026-07-24 00:02:18,GlobeSt,Failed,RSS parsing issue: status=403; <unknown>:2:1326: not well-formed (invalid token),Warning,Review or replace this source URL if it is important.
2026-07-24 00:02:18,The Real Deal,Failed,RSS parsing issue: status=301; text/html; charset=utf-8 is not an XML media type,Warning,Review or replace this source URL if it is important.
2026-07-24 00:02:18,Urban Land Institute,Failed,RSS parsing issue: status=403; <unknown>:2:1326: not well-formed (invalid token),Warning,Review or replace this source URL if it is important.
2026-07-24 00:02:18,NMHC News,Failed,RSS parsing issue: status=200; <unknown>:21:2: mismatched tag,Warning,Review or replace this source URL if it is important.
2026-07-24 00:02:18,Walker & Dunlop Insights,Failed,RSS parsing issue: status=301; <unknown>:2:2016: not well-formed (invalid token),Warning,Review or replace this source URL if it is important.
2026-07-24 00:02:18,Berkadia Research,Failed,RSS parsing issue: status=301; <unknown>:7:866: not well-formed (invalid token),Warning,Review or replace this source URL if it is important.
2026-07-24 00:02:18,Hines Newsroom,Failed,RSS parsing issue: status=403; <unknown>:2:1326: not well-formed (invalid token),Warning,Review or replace this source URL if it is important.
2026-07-24 00:02:18,Blackstone Real Estate,Failed,RSS parsing issue: status=403; <unknown>:2:1326: not well-formed (invalid token),Warning,Review or replace this source URL if it is important.
2026-07-24 00:02:18,California YIMBY,Failed,RSS parsing issue: <urlopen error [Errno -2] Name or service not known>,Warning,Review or replace this source URL if it is important.
2026-07-24 00:02:18,Connect CRE Charlotte,Failed,RSS parsing issue: status=404; <unknown>:22:51: not well-formed (invalid token),Warning,Review or replace this source URL if it is important.
2026-07-24 00:02:18,Blackstone Real Estate Source Expansion,Failed,RSS parsing issue: status=403; <unknown>:2:1326: not well-formed (invalid token),Warning,Review or replace this source URL if it is important.
2026-07-24 00:02:18,Hines Source Expansion,Failed,RSS parsing issue: status=403; <unknown>:2:1326: not well-formed (invalid token),Warning,Review or replace this source URL if it is important.
2026-07-24 00:02:18,Berkadia Source Expansion,Failed,RSS parsing issue: status=301; <unknown>:7:866: not well-formed (invalid token),Warning,Review or replace this source URL if it is important.
2026-07-24 00:02:18,Walker & Dunlop Source Expansion,Failed,RSS parsing issue: status=301; <unknown>:2:2016: not well-formed (invalid token),Warning,Review or replace this source URL if it is important.
2026-07-24 00:02:18,Commercial Property Executive,Failed,RSS parsing issue: status=403; <unknown>:2:1326: not well-formed (invalid token),Warning,Review or replace this source URL if it is important.
2026-07-25 00:04:56,Multi-Housing News,Failed,RSS parsing issue: status=403; <unknown>:2:1326: not well-formed (invalid token),Warning,Review or replace this source URL if it is important.
2026-07-25 00:04:56,GlobeSt,Failed,RSS parsing issue: status=403; <unknown>:2:1326: not well-formed (invalid token),Warning,Review or replace this source URL if it is important.
2026-07-25 00:04:56,The Real Deal,Failed,RSS parsing issue: status=403; <unknown>:20:37: not well-formed (invalid token),Warning,Review or replace this source URL if it is important.
2026-07-25 00:04:56,Urban Land Institute,Failed,RSS parsing issue: status=403; <unknown>:2:1326: not well-formed (invalid token),Warning,Review or replace this source URL if it is important.
2026-07-25 00:04:56,NMHC News,Failed,RSS parsing issue: status=200; <unknown>:21:2: mismatched tag,Warning,Review or replace this source URL if it is important.
2026-07-25 00:04:56,Walker & Dunlop Insights,Failed,RSS parsing issue: status=301; <unknown>:2:2016: not well-formed (invalid token),Warning,Review or replace this source URL if it is important.
2026-07-25 00:04:56,Berkadia Research,Failed,RSS parsing issue: status=301; <unknown>:7:75: not well-formed (invalid token),Warning,Review or replace this source URL if it is important.
2026-07-25 00:04:56,Hines Newsroom,Failed,RSS parsing issue: status=403; <unknown>:2:1326: not well-formed (invalid token),Warning,Review or replace this source URL if it is important.
2026-07-25 00:04:56,Blackstone Real Estate,Failed,RSS parsing issue: status=403; <unknown>:2:1326: not well-formed (invalid token),Warning,Review or replace this source URL if it is important.
2026-07-25 00:04:56,California YIMBY,Failed,RSS parsing issue: <urlopen error [Errno -2] Name or service not known>,Warning,Review or replace this source URL if it is important.
2026-07-25 00:04:56,Connect CRE Charlotte,Failed,RSS parsing issue: status=404; <unknown>:22:51: not well-formed (invalid token),Warning,Review or replace this source URL if it is important.
2026-07-25 00:04:56,Blackstone Real Estate Source Expansion,Failed,RSS parsing issue: status=403; <unknown>:2:1326: not well-formed (invalid token),Warning,Review or replace this source URL if it is important.
2026-07-25 00:04:56,Hines Source Expansion,Failed,RSS parsing issue: status=403; <unknown>:2:1326: not well-formed (invalid token),Warning,Review or replace this source URL if it is important.
2026-07-25 00:04:56,Berkadia Source Expansion,Failed,RSS parsing issue: status=301; <unknown>:7:75: not well-formed (invalid token),Warning,Review or replace this source URL if it is important.
2026-07-25 00:04:56,Walker & Dunlop Source Expansion,Failed,RSS parsing issue: status=301; <unknown>:2:2016: not well-formed (invalid token),Warning,Review or replace this source URL if it is important.
2026-07-25 00:04:56,Commercial Property Executive,Failed,RSS parsing issue: status=403; <unknown>:2:1326: not well-formed (invalid token),Warning,Review or replace this source URL if it is important.
2026-07-26 00:03:55,Multi-Housing News,Failed,RSS parsing issue: status=403; <unknown>:2:1326: not well-formed (invalid token),Warning,Review or replace this source URL if it is important.
2026-07-26 00:03:55,GlobeSt,Failed,RSS parsing issue: status=403; <unknown>:2:1326: not well-formed (invalid token),Warning,Review or replace this source URL if it is important.
2026-07-26 00:03:55,The Real Deal,Failed,RSS parsing issue: status=403; <unknown>:20:37: not well-formed (invalid token),Warning,Review or replace this source URL if it is important.
2026-07-26 00:03:55,Urban Land Institute,Failed,RSS parsing issue: status=403; <unknown>:2:1326: not well-formed (invalid token),Warning,Review or replace this source URL if it is important.
2026-07-26 00:03:55,NMHC News,Failed,RSS parsing issue: status=200; <unknown>:21:2: mismatched tag,Warning,Review or replace this source URL if it is important.
2026-07-26 00:03:55,Walker & Dunlop Insights,Failed,RSS parsing issue: status=301; <unknown>:2:2016: not well-formed (invalid token),Warning,Review or replace this source URL if it is important.
2026-07-26 00:03:55,Berkadia Research,Failed,RSS parsing issue: status=301; <unknown>:7:75: not well-formed (invalid token),Warning,Review or replace this source URL if it is important.
2026-07-26 00:03:55,Hines Newsroom,Failed,RSS parsing issue: status=403; <unknown>:2:1326: not well-formed (invalid token),Warning,Review or replace this source URL if it is important.
2026-07-26 00:03:55,Blackstone Real Estate,Failed,RSS parsing issue: status=403; <unknown>:2:1326: not well-formed (invalid token),Warning,Review or replace this source URL if it is important.
2026-07-26 00:03:55,California YIMBY,Failed,RSS parsing issue: <urlopen error [Errno -2] Name or service not known>,Warning,Review or replace this source URL if it is important.
2026-07-26 00:03:55,Connect CRE Charlotte,Failed,RSS parsing issue: status=404; <unknown>:22:51: not well-formed (invalid token),Warning,Review or replace this source URL if it is important.
2026-07-26 00:03:55,Blackstone Real Estate Source Expansion,Failed,RSS parsing issue: status=403; <unknown>:2:1326: not well-formed (invalid token),Warning,Review or replace this source URL if it is important.
2026-07-26 00:03:55,Hines Source Expansion,Failed,RSS parsing issue: status=403; <unknown>:2:1326: not well-formed (invalid token),Warning,Review or replace this source URL if it is important.
2026-07-26 00:03:55,Berkadia Source Expansion,Failed,RSS parsing issue: status=301; <unknown>:7:75: not well-formed (invalid token),Warning,Review or replace this source URL if it is important.
2026-07-26 00:03:55,Walker & Dunlop Source Expansion,Failed,RSS parsing issue: status=301; <unknown>:2:2016: not well-formed (invalid token),Warning,Review or replace this source URL if it is important.
2026-07-26 00:03:55,Commercial Property Executive,Failed,RSS parsing issue: status=403; <unknown>:2:1326: not well-formed (invalid token),Warning,Review or replace this source URL if it is important.
2026-07-27 00:00:45,Multi-Housing News,Failed,RSS parsing issue: status=403; <unknown>:2:1326: not well-formed (invalid token),Warning,Review or replace this source URL if it is important.
2026-07-27 00:00:45,GlobeSt,Failed,RSS parsing issue: status=403; <unknown>:2:1326: not well-formed (invalid token),Warning,Review or replace this source URL if it is important.
2026-07-27 00:00:45,The Real Deal,Failed,RSS parsing issue: status=403; <unknown>:20:37: not well-formed (invalid token),Warning,Review or replace this source URL if it is important.
2026-07-27 00:00:45,Urban Land Institute,Failed,RSS parsing issue: status=403; <unknown>:2:1326: not well-formed (invalid token),Warning,Review or replace this source URL if it is important.
2026-07-27 00:00:45,NMHC News,Failed,RSS parsing issue: status=200; <unknown>:21:2: mismatched tag,Warning,Review or replace this source URL if it is important.
2026-07-27 00:00:45,Walker & Dunlop Insights,Failed,RSS parsing issue: status=301; <unknown>:2:2016: not well-formed (invalid token),Warning,Review or replace this source URL if it is important.
2026-07-27 00:00:45,Berkadia Research,Failed,RSS parsing issue: status=301; <unknown>:7:75: not well-formed (invalid token),Warning,Review or replace this source URL if it is important.
2026-07-27 00:00:45,Hines Newsroom,Failed,RSS parsing issue: status=403; <unknown>:2:1326: not well-formed (invalid token),Warning,Review or replace this source URL if it is important.
2026-07-27 00:00:45,Blackstone Real Estate,Failed,RSS parsing issue: status=403; <unknown>:2:1326: not well-formed (invalid token),Warning,Review or replace this source URL if it is important.
2026-07-27 00:00:45,California YIMBY,Failed,RSS parsing issue: <urlopen error [Errno -2] Name or service not known>,Warning,Review or replace this source URL if it is important.
2026-07-27 00:00:45,Connect CRE Charlotte,Failed,RSS parsing issue: status=404; <unknown>:22:51: not well-formed (invalid token),Warning,Review or replace this source URL if it is important.
2026-07-27 00:00:45,Blackstone Real Estate Source Expansion,Failed,RSS parsing issue: status=403; <unknown>:2:1326: not well-formed (invalid token),Warning,Review or replace this source URL if it is important.
2026-07-27 00:00:45,Hines Source Expansion,Failed,RSS parsing issue: status=403; <unknown>:2:1326: not well-formed (invalid token),Warning,Review or replace this source URL if it is important.
2026-07-27 00:00:45,Berkadia Source Expansion,Failed,RSS parsing issue: status=301; <unknown>:7:75: not well-formed (invalid token),Warning,Review or replace this source URL if it is important.
2026-07-27 00:00:45,Walker & Dunlop Source Expansion,Failed,RSS parsing issue: status=301; <unknown>:2:2016: not well-formed (invalid token),Warning,Review or replace this source URL if it is important.
2026-07-27 00:00:45,Commercial Property Executive,Failed,RSS parsing issue: status=403; <unknown>:2:1326: not well-formed (invalid token),Warning,Review or replace this source URL if it is important.
2026-07-28 00:04:12,Multi-Housing News,Failed,RSS parsing issue: status=403; <unknown>:2:1326: not well-formed (invalid token),Warning,Review or replace this source URL if it is important.
2026-07-28 00:04:12,GlobeSt,Failed,RSS parsing issue: status=403; <unknown>:2:1326: not well-formed (invalid token),Warning,Review or replace this source URL if it is important.
2026-07-28 00:04:12,The Real Deal,Failed,RSS parsing issue: status=403; <unknown>:20:37: not well-formed (invalid token),Warning,Review or replace this source URL if it is important.
2026-07-28 00:04:12,Urban Land Institute,Failed,RSS parsing issue: status=403; <unknown>:2:1326: not well-formed (invalid token),Warning,Review or replace this source URL if it is important.
2026-07-28 00:04:12,NMHC News,Failed,RSS parsing issue: status=200; <unknown>:21:2: mismatched tag,Warning,Review or replace this source URL if it is important.
2026-07-28 00:04:12,Walker & Dunlop Insights,Failed,RSS parsing issue: status=301; <unknown>:2:2016: not well-formed (invalid token),Warning,Review or replace this source URL if it is important.
2026-07-28 00:04:12,Berkadia Research,Failed,RSS parsing issue: status=301; <unknown>:7:75: not well-formed (invalid token),Warning,Review or replace this source URL if it is important.
2026-07-28 00:04:12,Hines Newsroom,Failed,RSS parsing issue: status=403; <unknown>:2:1326: not well-formed (invalid token),Warning,Review or replace this source URL if it is important.
2026-07-28 00:04:12,Blackstone Real Estate,Failed,RSS parsing issue: status=403; <unknown>:2:1326: not well-formed (invalid token),Warning,Review or replace this source URL if it is important.
2026-07-28 00:04:12,California YIMBY,Failed,RSS parsing issue: <urlopen error [Errno -2] Name or service not known>,Warning,Review or replace this source URL if it is important.
2026-07-28 00:04:12,Connect CRE Charlotte,Failed,RSS parsing issue: status=404; <unknown>:22:51: not well-formed (invalid token),Warning,Review or replace this source URL if it is important.
2026-07-28 00:04:12,Blackstone Real Estate Source Expansion,Failed,RSS parsing issue: status=403; <unknown>:2:1326: not well-formed (invalid token),Warning,Review or replace this source URL if it is important.
2026-07-28 00:04:12,Hines Source Expansion,Failed,RSS parsing issue: status=403; <unknown>:2:1326: not well-formed (invalid token),Warning,Review or replace this source URL if it is important.
2026-07-28 00:04:12,Berkadia Source Expansion,Failed,RSS parsing issue: status=301; <unknown>:7:75: not well-formed (invalid token),Warning,Review or replace this source URL if it is important.
2026-07-28 00:04:12,Walker & Dunlop Source Expansion,Failed,RSS parsing issue: status=301; <unknown>:2:2016: not well-formed (invalid token),Warning,Review or replace this source URL if it is important.
2026-07-28 00:04:12,Commercial Property Executive,Failed,RSS parsing issue: status=403; <unknown>:2:1326: not well-formed (invalid token),Warning,Review or replace this source URL if it is important.
2026-07-28 23:59:43,Multi-Housing News,Failed,RSS parsing issue: status=403; <unknown>:2:1326: not well-formed (invalid token),Warning,Review or replace this source URL if it is important.
2026-07-28 23:59:43,GlobeSt,Failed,RSS parsing issue: status=403; <unknown>:2:1326: not well-formed (invalid token),Warning,Review or replace this source URL if it is important.
2026-07-28 23:59:43,The Real Deal,Failed,RSS parsing issue: status=403; <unknown>:20:37: not well-formed (invalid token),Warning,Review or replace this source URL if it is important.
2026-07-28 23:59:43,Urban Land Institute,Failed,RSS parsing issue: status=403; <unknown>:2:1326: not well-formed (invalid token),Warning,Review or replace this source URL if it is important.
2026-07-28 23:59:43,NMHC News,Failed,RSS parsing issue: status=200; <unknown>:21:2: mismatched tag,Warning,Review or replace this source URL if it is important.
2026-07-28 23:59:43,Walker & Dunlop Insights,Failed,RSS parsing issue: status=301; <unknown>:2:2016: not well-formed (invalid token),Warning,Review or replace this source URL if it is important.
2026-07-28 23:59:43,Berkadia Research,Failed,RSS parsing issue: status=301; <unknown>:7:75: not well-formed (invalid token),Warning,Review or replace this source URL if it is important.
2026-07-28 23:59:43,Hines Newsroom,Failed,RSS parsing issue: status=403; <unknown>:2:1326: not well-formed (invalid token),Warning,Review or replace this source URL if it is important.
2026-07-28 23:59:43,Blackstone Real Estate,Failed,RSS parsing issue: status=403; <unknown>:2:1326: not well-formed (invalid token),Warning,Review or replace this source URL if it is important.
2026-07-28 23:59:43,California YIMBY,Failed,RSS parsing issue: <urlopen error [Errno -2] Name or service not known>,Warning,Review or replace this source URL if it is important.
2026-07-28 23:59:43,Connect CRE Charlotte,Failed,RSS parsing issue: status=404; <unknown>:22:51: not well-formed (invalid token),Warning,Review or replace this source URL if it is important.
2026-07-28 23:59:43,Blackstone Real Estate Source Expansion,Failed,RSS parsing issue: status=403; <unknown>:2:1326: not well-formed (invalid token),Warning,Review or replace this source URL if it is important.
2026-07-28 23:59:43,Hines Source Expansion,Failed,RSS parsing issue: status=403; <unknown>:2:1326: not well-formed (invalid token),Warning,Review or replace this source URL if it is important.
2026-07-28 23:59:43,Berkadia Source Expansion,Failed,RSS parsing issue: status=301; <unknown>:7:75: not well-formed (invalid token),Warning,Review or replace this source URL if it is important.
2026-07-28 23:59:43,Walker & Dunlop Source Expansion,Failed,RSS parsing issue: status=301; <unknown>:2:2016: not well-formed (invalid token),Warning,Review or replace this source URL if it is important.
2026-07-28 23:59:43,Commercial Property Executive,Failed,RSS parsing issue: status=403; <unknown>:2:1326: not well-formed (invalid token),Warning,Review or replace this source URL if it is important.
2026-07-30 00:00:43,Multi-Housing News,Failed,RSS parsing issue: status=403; <unknown>:2:1326: not well-formed (invalid token),Warning,Review or replace this source URL if it is important.
2026-07-30 00:00:43,GlobeSt,Failed,RSS parsing issue: status=403; <unknown>:2:1326: not well-formed (invalid token),Warning,Review or replace this source URL if it is important.
2026-07-30 00:00:43,The Real Deal,Failed,RSS parsing issue: status=403; <unknown>:20:37: not well-formed (invalid token),Warning,Review or replace this source URL if it is important.
2026-07-30 00:00:43,Urban Land Institute,Failed,RSS parsing issue: status=403; <unknown>:2:1326: not well-formed (invalid token),Warning,Review or replace this source URL if it is important.
2026-07-30 00:00:43,NMHC News,Failed,RSS parsing issue: status=200; <unknown>:21:2: mismatched tag,Warning,Review or replace this source URL if it is important.
2026-07-30 00:00:43,Walker & Dunlop Insights,Failed,RSS parsing issue: status=301; <unknown>:2:2016: not well-formed (invalid token),Warning,Review or replace this source URL if it is important.
2026-07-30 00:00:43,Berkadia Research,Failed,RSS parsing issue: status=301; <unknown>:7:75: not well-formed (invalid token),Warning,Review or replace this source URL if it is important.
2026-07-30 00:00:43,Hines Newsroom,Failed,RSS parsing issue: status=403; <unknown>:2:1326: not well-formed (invalid token),Warning,Review or replace this source URL if it is important.
2026-07-30 00:00:43,Blackstone Real Estate,Failed,RSS parsing issue: status=403; <unknown>:2:1326: not well-formed (invalid token),Warning,Review or replace this source URL if it is important.
2026-07-30 00:00:43,California YIMBY,Failed,RSS parsing issue: <urlopen error [Errno -2] Name or service not known>,Warning,Review or replace this source URL if it is important.
2026-07-30 00:00:43,Connect CRE Charlotte,Failed,RSS parsing issue: status=404; <unknown>:22:51: not well-formed (invalid token),Warning,Review or replace this source URL if it is important.
2026-07-30 00:00:43,Blackstone Real Estate Source Expansion,Failed,RSS parsing issue: status=403; <unknown>:2:1326: not well-formed (invalid token),Warning,Review or replace this source URL if it is important.
2026-07-30 00:00:43,Hines Source Expansion,Failed,RSS parsing issue: status=403; <unknown>:2:1326: not well-formed (invalid token),Warning,Review or replace this source URL if it is important.
2026-07-30 00:00:43,Berkadia Source Expansion,Failed,RSS parsing issue: status=301; <unknown>:7:75: not well-formed (invalid token),Warning,Review or replace this source URL if it is important.
2026-07-30 00:00:43,Walker & Dunlop Source Expansion,Failed,RSS parsing issue: status=301; <unknown>:2:2016: not well-formed (invalid token),Warning,Review or replace this source URL if it is important.
2026-07-30 00:00:43,Commercial Property Executive,Failed,RSS parsing issue: status=403; <unknown>:2:1326: not well-formed (invalid token),Warning,Review or replace this source URL if it is important.
2026-07-31 00:02:52,Multi-Housing News,Failed,RSS parsing issue: status=403; <unknown>:2:1326: not well-formed (invalid token),Warning,Review or replace this source URL if it is important.
2026-07-31 00:02:52,GlobeSt,Failed,RSS parsing issue: status=403; <unknown>:2:1326: not well-formed (invalid token),Warning,Review or replace this source URL if it is important.
2026-07-31 00:02:52,The Real Deal,Failed,RSS parsing issue: status=403; <unknown>:20:37: not well-formed (invalid token),Warning,Review or replace this source URL if it is important.
2026-07-31 00:02:52,Urban Land Institute,Failed,RSS parsing issue: status=403; <unknown>:2:1326: not well-formed (invalid token),Warning,Review or replace this source URL if it is important.
2026-07-31 00:02:52,NMHC News,Failed,RSS parsing issue: status=200; <unknown>:21:2: mismatched tag,Warning,Review or replace this source URL if it is important.
2026-07-31 00:02:52,Walker & Dunlop Insights,Failed,RSS parsing issue: status=301; <unknown>:2:2016: not well-formed (invalid token),Warning,Review or replace this source URL if it is important.
2026-07-31 00:02:52,Berkadia Research,Failed,RSS parsing issue: status=301; <unknown>:7:75: not well-formed (invalid token),Warning,Review or replace this source URL if it is important.
2026-07-31 00:02:52,Hines Newsroom,Failed,RSS parsing issue: status=403; <unknown>:2:1326: not well-formed (invalid token),Warning,Review or replace this source URL if it is important.
2026-07-31 00:02:52,Blackstone Real Estate,Failed,RSS parsing issue: status=403; <unknown>:2:1326: not well-formed (invalid token),Warning,Review or replace this source URL if it is important.
2026-07-31 00:02:52,California YIMBY,Failed,RSS parsing issue: <urlopen error [Errno -2] Name or service not known>,Warning,Review or replace this source URL if it is important.
2026-07-31 00:02:52,Connect CRE Charlotte,Failed,RSS parsing issue: status=404; <unknown>:22:51: not well-formed (invalid token),Warning,Review or replace this source URL if it is important.
2026-07-31 00:02:52,Blackstone Real Estate Source Expansion,Failed,RSS parsing issue: status=403; <unknown>:2:1326: not well-formed (invalid token),Warning,Review or replace this source URL if it is important.
2026-07-31 00:02:52,Hines Source Expansion,Failed,RSS parsing issue: status=403; <unknown>:2:1326: not well-formed (invalid token),Warning,Review or replace this source URL if it is important.
2026-07-31 00:02:52,Berkadia Source Expansion,Failed,RSS parsing issue: status=301; <unknown>:7:75: not well-formed (invalid token),Warning,Review or replace this source URL if it is important.
2026-07-31 00:02:52,Walker & Dunlop Source Expansion,Failed,RSS parsing issue: status=301; <unknown>:2:2016: not well-formed (invalid token),Warning,Review or replace this source URL if it is important.
2026-07-31 00:02:52,Commercial Property Executive,Failed,RSS parsing issue: status=403; <unknown>:2:1326: not well-formed (invalid token),Warning,Review or replace this source URL if it is important.
2026-08-01 00:03:42,Multi-Housing News,Failed,RSS parsing issue: status=403; <unknown>:2:1326: not well-formed (invalid token),Warning,Review or replace this source URL if it is important.
2026-08-01 00:03:42,GlobeSt,Failed,RSS parsing issue: status=403; <unknown>:2:1326: not well-formed (invalid token),Warning,Review or replace this source URL if it is important.
2026-08-01 00:03:42,The Real Deal,Failed,RSS parsing issue: status=403; <unknown>:20:37: not well-formed (invalid token),Warning,Review or replace this source URL if it is important.
2026-08-01 00:03:42,Urban Land Institute,Failed,RSS parsing issue: status=403; <unknown>:2:1326: not well-formed (invalid token),Warning,Review or replace this source URL if it is important.
2026-08-01 00:03:42,NMHC News,Failed,RSS parsing issue: status=200; <unknown>:21:2: mismatched tag,Warning,Review or replace this source URL if it is important.
2026-08-01 00:03:42,Walker & Dunlop Insights,Failed,RSS parsing issue: status=301; <unknown>:2:2016: not well-formed (invalid token),Warning,Review or replace this source URL if it is important.
2026-08-01 00:03:42,Berkadia Research,Failed,RSS parsing issue: status=301; <unknown>:7:75: not well-formed (invalid token),Warning,Review or replace this source URL if it is important.
2026-08-01 00:03:42,Hines Newsroom,Failed,RSS parsing issue: status=403; <unknown>:2:1326: not well-formed (invalid token),Warning,Review or replace this source URL if it is important.
2026-08-01 00:03:42,Blackstone Real Estate,Failed,RSS parsing issue: status=403; <unknown>:2:1326: not well-formed (invalid token),Warning,Review or replace this source URL if it is important.
2026-08-01 00:03:42,California YIMBY,Failed,RSS parsing issue: <urlopen error [Errno -2] Name or service not known>,Warning,Review or replace this source URL if it is important.
2026-08-01 00:03:42,Connect CRE Charlotte,Failed,RSS parsing issue: status=404; <unknown>:22:51: not well-formed (invalid token),Warning,Review or replace this source URL if it is important.
2026-08-01 00:03:42,Blackstone Real Estate Source Expansion,Failed,RSS parsing issue: status=403; <unknown>:2:1326: not well-formed (invalid token),Warning,Review or replace this source URL if it is important.
2026-08-01 00:03:42,Hines Source Expansion,Failed,RSS parsing issue: status=403; <unknown>:2:1326: not well-formed (invalid token),Warning,Review or replace this source URL if it is important.
2026-08-01 00:03:42,Berkadia Source Expansion,Failed,RSS parsing issue: status=301; <unknown>:7:75: not well-formed (invalid token),Warning,Review or replace this source URL if it is important.
2026-08-01 00:03:42,Walker & Dunlop Source Expansion,Failed,RSS parsing issue: status=301; <unknown>:2:2016: not well-formed (invalid token),Warning,Review or replace this source URL if it is important.
2026-08-01 00:03:42,Commercial Property Executive,Failed,RSS parsing issue: status=403; <unknown>:2:1326: not well-formed (invalid token),Warning,Review or replace this source URL if it is important.
2026-08-02 00:00:01,Multi-Housing News,Failed,RSS parsing issue: status=403; <unknown>:2:1326: not well-formed (invalid token),Warning,Review or replace this source URL if it is important.
2026-08-02 00:00:01,GlobeSt,Failed,RSS parsing issue: status=403; <unknown>:2:1326: not well-formed (invalid token),Warning,Review or replace this source URL if it is important.
2026-08-02 00:00:01,The Real Deal,Failed,RSS parsing issue: status=403; <unknown>:20:37: not well-formed (invalid token),Warning,Review or replace this source URL if it is important.
2026-08-02 00:00:01,Urban Land Institute,Failed,RSS parsing issue: status=403; <unknown>:2:1326: not well-formed (invalid token),Warning,Review or replace this source URL if it is important.
2026-08-02 00:00:01,NMHC News,Failed,RSS parsing issue: status=200; <unknown>:21:2: mismatched tag,Warning,Review or replace this source URL if it is important.
2026-08-02 00:00:01,Walker & Dunlop Insights,Failed,RSS parsing issue: status=301; <unknown>:2:2016: not well-formed (invalid token),Warning,Review or replace this source URL if it is important.
2026-08-02 00:00:01,Berkadia Research,Failed,RSS parsing issue: status=301; <unknown>:7:75: not well-formed (invalid token),Warning,Review or replace this source URL if it is important.
2026-08-02 00:00:01,Hines Newsroom,Failed,RSS parsing issue: status=403; <unknown>:2:1326: not well-formed (invalid token),Warning,Review or replace this source URL if it is important.
2026-08-02 00:00:01,Blackstone Real Estate,Failed,RSS parsing issue: status=403; <unknown>:2:1326: not well-formed (invalid token),Warning,Review or replace this source URL if it is important.
2026-08-02 00:00:01,California YIMBY,Failed,RSS parsing issue: <urlopen error [Errno -2] Name or service not known>,Warning,Review or replace this source URL if it is important.
2026-08-02 00:00:01,Connect CRE Charlotte,Failed,RSS parsing issue: status=404; <unknown>:22:51: not well-formed (invalid token),Warning,Review or replace this source URL if it is important.
2026-08-02 00:00:01,Blackstone Real Estate Source Expansion,Failed,RSS parsing issue: status=403; <unknown>:2:1326: not well-formed (invalid token),Warning,Review or replace this source URL if it is important.
2026-08-02 00:00:01,Hines Source Expansion,Failed,RSS parsing issue: status=403; <unknown>:2:1326: not well-formed (invalid token),Warning,Review or replace this source URL if it is important.
2026-08-02 00:00:01,Berkadia Source Expansion,Failed,RSS parsing issue: status=301; <unknown>:7:75: not well-formed (invalid token),Warning,Review or replace this source URL if it is important.
2026-08-02 00:00:01,Walker & Dunlop Source Expansion,Failed,RSS parsing issue: status=301; <unknown>:2:2016: not well-formed (invalid token),Warning,Review or replace this source URL if it is important.
2026-08-02 00:00:01,Commercial Property Executive,Failed,RSS parsing issue: status=403; <unknown>:2:1326: not well-formed (invalid token),Warning,Review or replace this source URL if it is important.
2026-08-03 00:00:01,Multi-Housing News,Failed,RSS parsing issue: status=403; <unknown>:2:1326: not well-formed (invalid token),Warning,Review or replace this source URL if it is important.
2026-08-03 00:00:01,GlobeSt,Failed,RSS parsing issue: status=403; <unknown>:2:1326: not well-formed (invalid token),Warning,Review or replace this source URL if it is important.
2026-08-03 00:00:01,The Real Deal,Failed,RSS parsing issue: status=403; <unknown>:20:37: not well-formed (invalid token),Warning,Review or replace this source URL if it is important.
2026-08-03 00:00:01,Urban Land Institute,Failed,RSS parsing issue: status=403; <unknown>:2:1326: not well-formed (invalid token),Warning,Review or replace this source URL if it is important.
2026-08-03 00:00:01,NMHC News,Failed,RSS parsing issue: status=200; <unknown>:21:2: mismatched tag,Warning,Review or replace this source URL if it is important.
2026-08-03 00:00:01,Walker & Dunlop Insights,Failed,RSS parsing issue: status=301; <unknown>:2:2016: not well-formed (invalid token),Warning,Review or replace this source URL if it is important.
2026-08-03 00:00:01,Berkadia Research,Failed,RSS parsing issue: status=301; <unknown>:7:75: not well-formed (invalid token),Warning,Review or replace this source URL if it is important.
2026-08-03 00:00:01,Hines Newsroom,Failed,RSS parsing issue: status=403; <unknown>:2:1326: not well-formed (invalid token),Warning,Review or replace this source URL if it is important.
2026-08-03 00:00:01,Blackstone Real Estate,Failed,RSS parsing issue: status=403; <unknown>:2:1326: not well-formed (invalid token),Warning,Review or replace this source URL if it is important.
2026-08-03 00:00:01,California YIMBY,Failed,RSS parsing issue: <urlopen error [Errno -2] Name or service not known>,Warning,Review or replace this source URL if it is important.
2026-08-03 00:00:01,Connect CRE Charlotte,Failed,RSS parsing issue: status=404; <unknown>:22:51: not well-formed (invalid token),Warning,Review or replace this source URL if it is important.
2026-08-03 00:00:01,Blackstone Real Estate Source Expansion,Failed,RSS parsing issue: status=403; <unknown>:2:1326: not well-formed (invalid token),Warning,Review or replace this source URL if it is important.
2026-08-03 00:00:01,Hines Source Expansion,Failed,RSS parsing issue: status=403; <unknown>:2:1326: not well-formed (invalid token),Warning,Review or replace this source URL if it is important.
2026-08-03 00:00:01,Berkadia Source Expansion,Failed,RSS parsing issue: status=301; <unknown>:7:75: not well-formed (invalid token),Warning,Review or replace this source URL if it is important.
2026-08-03 00:00:01,Walker & Dunlop Source Expansion,Failed,RSS parsing issue: status=301; <unknown>:2:2016: not well-formed (invalid token),Warning,Review or replace this source URL if it is important.
2026-08-03 00:00:01,Commercial Property Executive,Failed,RSS parsing issue: status=403; <unknown>:2:1326: not well-formed (invalid token),Warning,Review or replace this source URL if it is important.
2026-08-04 00:10:22,Multi-Housing News,Failed,RSS parsing issue: status=403; <unknown>:2:1326: not well-formed (invalid token),Warning,Review or replace this source URL if it is important.
2026-08-04 00:10:22,GlobeSt,Failed,RSS parsing issue: status=403; <unknown>:2:1326: not well-formed (invalid token),Warning,Review or replace this source URL if it is important.
2026-08-04 00:10:22,The Real Deal,Failed,RSS parsing issue: status=403; <unknown>:20:37: not well-formed (invalid token),Warning,Review or replace this source URL if it is important.
2026-08-04 00:10:22,Urban Land Institute,Failed,RSS parsing issue: status=403; <unknown>:2:1326: not well-formed (invalid token),Warning,Review or replace this source URL if it is important.
2026-08-04 00:10:22,NMHC News,Failed,RSS parsing issue: status=200; <unknown>:21:2: mismatched tag,Warning,Review or replace this source URL if it is important.
2026-08-04 00:10:22,Walker & Dunlop Insights,Failed,RSS parsing issue: status=301; <unknown>:2:2016: not well-formed (invalid token),Warning,Review or replace this source URL if it is important.
2026-08-04 00:10:22,Berkadia Research,Failed,RSS parsing issue: status=301; <unknown>:7:75: not well-formed (invalid token),Warning,Review or replace this source URL if it is important.
2026-08-04 00:10:22,Hines Newsroom,Failed,RSS parsing issue: status=403; <unknown>:2:1326: not well-formed (invalid token),Warning,Review or replace this source URL if it is important.
2026-08-04 00:10:22,Blackstone Real Estate,Failed,RSS parsing issue: status=403; <unknown>:2:1326: not well-formed (invalid token),Warning,Review or replace this source URL if it is important.
2026-08-04 00:10:22,California YIMBY,Failed,RSS parsing issue: <urlopen error [Errno -2] Name or service not known>,Warning,Review or replace this source URL if it is important.
2026-08-04 00:10:22,Connect CRE Charlotte,Failed,RSS parsing issue: status=404; <unknown>:22:51: not well-formed (invalid token),Warning,Review or replace this source URL if it is important.
2026-08-04 00:10:22,Blackstone Real Estate Source Expansion,Failed,RSS parsing issue: status=403; <unknown>:2:1326: not well-formed (invalid token),Warning,Review or replace this source URL if it is important.
2026-08-04 00:10:22,Hines Source Expansion,Failed,RSS parsing issue: status=403; <unknown>:2:1326: not well-formed (invalid token),Warning,Review or replace this source URL if it is important.
2026-08-04 00:10:22,Berkadia Source Expansion,Failed,RSS parsing issue: status=301; <unknown>:7:75: not well-formed (invalid token),Warning,Review or replace this source URL if it is important.
2026-08-04 00:10:22,Walker & Dunlop Source Expansion,Failed,RSS parsing issue: status=301; <unknown>:2:2016: not well-formed (invalid token),Warning,Review or replace this source URL if it is important.
2026-08-04 00:10:22,Commercial Property Executive,Failed,RSS parsing issue: status=403; <unknown>:2:1326: not well-formed (invalid token),Warning,Review or replace this source URL if it is important.
2026-08-05 00:04:21,Multi-Housing News,Failed,RSS parsing issue: status=403; <unknown>:2:1326: not well-formed (invalid token),Warning,Review or replace this source URL if it is important.
2026-08-05 00:04:21,GlobeSt,Failed,RSS parsing issue: status=403; <unknown>:2:1326: not well-formed (invalid token),Warning,Review or replace this source URL if it is important.
2026-08-05 00:04:21,The Real Deal,Failed,RSS parsing issue: status=403; <unknown>:20:37: not well-formed (invalid token),Warning,Review or replace this source URL if it is important.
2026-08-05 00:04:21,Urban Land Institute,Failed,RSS parsing issue: status=403; <unknown>:2:1326: not well-formed (invalid token),Warning,Review or replace this source URL if it is important.
2026-08-05 00:04:21,NMHC News,Failed,RSS parsing issue: status=200; <unknown>:21:2: mismatched tag,Warning,Review or replace this source URL if it is important.
2026-08-05 00:04:21,Walker & Dunlop Insights,Failed,RSS parsing issue: status=301; <unknown>:2:2016: not well-formed (invalid token),Warning,Review or replace this source URL if it is important.
2026-08-05 00:04:21,Berkadia Research,Failed,RSS parsing issue: status=301; <unknown>:7:75: not well-formed (invalid token),Warning,Review or replace this source URL if it is important.
2026-08-05 00:04:21,Hines Newsroom,Failed,RSS parsing issue: status=403; <unknown>:2:1326: not well-formed (invalid token),Warning,Review or replace this source URL if it is important.
2026-08-05 00:04:21,Blackstone Real Estate,Failed,RSS parsing issue: status=403; <unknown>:2:1326: not well-formed (invalid token),Warning,Review or replace this source URL if it is important.
2026-08-05 00:04:21,California YIMBY,Failed,RSS parsing issue: <urlopen error [Errno -2] Name or service not known>,Warning,Review or replace this source URL if it is important.
2026-08-05 00:04:21,Connect CRE Charlotte,Failed,RSS parsing issue: status=404; <unknown>:22:51: not well-formed (invalid token),Warning,Review or replace this source URL if it is important.
2026-08-05 00:04:21,Blackstone Real Estate Source Expansion,Failed,RSS parsing issue: status=403; <unknown>:2:1326: not well-formed (invalid token),Warning,Review or replace this source URL if it is important.
2026-08-05 00:04:21,Hines Source Expansion,Failed,RSS parsing issue: status=403; <unknown>:2:1326: not well-formed (invalid token),Warning,Review or replace this source URL if it is important.
2026-08-05 00:04:21,Berkadia Source Expansion,Failed,RSS parsing issue: status=301; <unknown>:7:75: not well-formed (invalid token),Warning,Review or replace this source URL if it is important.
2026-08-05 00:04:21,Walker & Dunlop Source Expansion,Failed,RSS parsing issue: status=301; <unknown>:2:2016: not well-formed (invalid token),Warning,Review or replace this source URL if it is important.
2026-08-05 00:04:21,Commercial Property Executive,Failed,RSS parsing issue: status=403; <unknown>:2:1326: not well-formed (invalid token),Warning,Review or replace this source URL if it is important.
2026-08-06 00:01:04,Multi-Housing News,Failed,RSS parsing issue: status=403; <unknown>:2:1326: not well-formed (invalid token),Warning,Review or replace this source URL if it is important.
2026-08-06 00:01:04,GlobeSt,Failed,RSS parsing issue: status=403; <unknown>:2:1326: not well-formed (invalid token),Warning,Review or replace this source URL if it is important.
2026-08-06 00:01:04,The Real Deal,Failed,RSS parsing issue: status=403; <unknown>:20:37: not well-formed (invalid token),Warning,Review or replace this source URL if it is important.
2026-08-06 00:01:04,Urban Land Institute,Failed,RSS parsing issue: status=403; <unknown>:2:1326: not well-formed (invalid token),Warning,Review or replace this source URL if it is important.
2026-08-06 00:01:04,NMHC News,Failed,RSS parsing issue: status=200; <unknown>:21:2: mismatched tag,Warning,Review or replace this source URL if it is important.
2026-08-06 00:01:04,Walker & Dunlop Insights,Failed,RSS parsing issue: status=301; <unknown>:2:2016: not well-formed (invalid token),Warning,Review or replace this source URL if it is important.
2026-08-06 00:01:04,Berkadia Research,Failed,RSS parsing issue: status=301; <unknown>:7:75: not well-formed (invalid token),Warning,Review or replace this source URL if it is important.
2026-08-06 00:01:04,Hines Newsroom,Failed,RSS parsing issue: status=403; <unknown>:2:1326: not well-formed (invalid token),Warning,Review or replace this source URL if it is important.
2026-08-06 00:01:04,Blackstone Real Estate,Failed,RSS parsing issue: status=403; <unknown>:2:1326: not well-formed (invalid token),Warning,Review or replace this source URL if it is important.
2026-08-06 00:01:04,California YIMBY,Failed,RSS parsing issue: <urlopen error [Errno -2] Name or service not known>,Warning,Review or replace this source URL if it is important.
2026-08-06 00:01:04,Connect CRE Charlotte,Failed,RSS parsing issue: status=404; <unknown>:22:51: not well-formed (invalid token),Warning,Review or replace this source URL if it is important.
2026-08-06 00:01:04,Blackstone Real Estate Source Expansion,Failed,RSS parsing issue: status=403; <unknown>:2:1326: not well-formed (invalid token),Warning,Review or replace this source URL if it is important.
2026-08-06 00:01:04,Hines Source Expansion,Failed,RSS parsing issue: status=403; <unknown>:2:1326: not well-formed (invalid token),Warning,Review or replace this source URL if it is important.
2026-08-06 00:01:04,Berkadia Source Expansion,Failed,RSS parsing issue: status=301; <unknown>:7:75: not well-formed (invalid token),Warning,Review or replace this source URL if it is important.
2026-08-06 00:01:04,Walker & Dunlop Source Expansion,Failed,RSS parsing issue: status=301; <unknown>:2:2016: not well-formed (invalid token),Warning,Review or replace this source URL if it is important.
2026-08-06 00:01:04,Commercial Property Executive,Failed,RSS parsing issue: status=403; <unknown>:2:1326: not well-formed (invalid token),Warning,Review or replace this source URL if it is important.
2026-08-07 01:42:27,Multi-Housing News,Failed,RSS parsing issue: status=403; <unknown>:2:1326: not well-formed (invalid token),Warning,Review or replace this source URL if it is important.
2026-08-07 01:42:27,GlobeSt,Failed,RSS parsing issue: status=403; <unknown>:2:1326: not well-formed (invalid token),Warning,Review or replace this source URL if it is important.
2026-08-07 01:42:27,The Real Deal,Failed,RSS parsing issue: status=403; <unknown>:20:37: not well-formed (invalid token),Warning,Review or replace this source URL if it is important.
2026-08-07 01:42:27,Urban Land Institute,Failed,RSS parsing issue: status=403; <unknown>:2:1326: not well-formed (invalid token),Warning,Review or replace this source URL if it is important.
2026-08-07 01:42:27,NMHC News,Failed,RSS parsing issue: status=200; <unknown>:21:2: mismatched tag,Warning,Review or replace this source URL if it is important.
2026-08-07 01:42:27,Walker & Dunlop Insights,Failed,RSS parsing issue: status=301; <unknown>:2:2016: not well-formed (invalid token),Warning,Review or replace this source URL if it is important.
2026-08-07 01:42:27,Berkadia Research,Failed,RSS parsing issue: status=301; <unknown>:7:75: not well-formed (invalid token),Warning,Review or replace this source URL if it is important.
2026-08-07 01:42:27,Hines Newsroom,Failed,RSS parsing issue: status=403; <unknown>:2:1326: not well-formed (invalid token),Warning,Review or replace this source URL if it is important.
2026-08-07 01:42:27,Blackstone Real Estate,Failed,RSS parsing issue: status=403; <unknown>:2:1326: not well-formed (invalid token),Warning,Review or replace this source URL if it is important.
2026-08-07 01:42:27,California YIMBY,Failed,RSS parsing issue: <urlopen error [Errno -2] Name or service not known>,Warning,Review or replace this source URL if it is important.
2026-08-07 01:42:27,Connect CRE Charlotte,Failed,RSS parsing issue: status=404; <unknown>:22:51: not well-formed (invalid token),Warning,Review or replace this source URL if it is important.
2026-08-07 01:42:27,Blackstone Real Estate Source Expansion,Failed,RSS parsing issue: status=403; <unknown>:2:1326: not well-formed (invalid token),Warning,Review or replace this source URL if it is important.
2026-08-07 01:42:27,Hines Source Expansion,Failed,RSS parsing issue: status=403; <unknown>:2:1326: not well-formed (invalid token),Warning,Review or replace this source URL if it is important.
2026-08-07 01:42:27,Berkadia Source Expansion,Failed,RSS parsing issue: status=301; <unknown>:7:75: not well-formed (invalid token),Warning,Review or replace this source URL if it is important.
2026-08-07 01:42:27,Walker & Dunlop Source Expansion,Failed,RSS parsing issue: status=301; <unknown>:2:2016: not well-formed (invalid token),Warning,Review or replace this source URL if it is important.
2026-08-07 01:42:27,Commercial Property Executive,Failed,RSS parsing issue: status=403; <unknown>:2:1326: not well-formed (invalid token),Warning,Review or replace this source URL if it is important.
2026-08-07 23:34:15,Multi-Housing News,Failed,RSS parsing issue: status=403; <unknown>:2:1326: not well-formed (invalid token),Warning,Review or replace this source URL if it is important.
2026-08-07 23:34:15,GlobeSt,Failed,RSS parsing issue: status=403; <unknown>:2:1326: not well-formed (invalid token),Warning,Review or replace this source URL if it is important.
2026-08-07 23:34:15,The Real Deal,Failed,RSS parsing issue: status=403; <unknown>:20:37: not well-formed (invalid token),Warning,Review or replace this source URL if it is important.
2026-08-07 23:34:15,Urban Land Institute,Failed,RSS parsing issue: status=403; <unknown>:2:1326: not well-formed (invalid token),Warning,Review or replace this source URL if it is important.
2026-08-07 23:34:15,NMHC News,Failed,RSS parsing issue: status=200; <unknown>:21:2: mismatched tag,Warning,Review or replace this source URL if it is important.
2026-08-07 23:34:15,Walker & Dunlop Insights,Failed,RSS parsing issue: status=301; <unknown>:2:2016: not well-formed (invalid token),Warning,Review or replace this source URL if it is important.
2026-08-07 23:34:15,Berkadia Research,Failed,RSS parsing issue: status=301; <unknown>:7:75: not well-formed (invalid token),Warning,Review or replace this source URL if it is important.
2026-08-07 23:34:15,Hines Newsroom,Failed,RSS parsing issue: status=403; <unknown>:2:1326: not well-formed (invalid token),Warning,Review or replace this source URL if it is important.
2026-08-07 23:34:15,Blackstone Real Estate,Failed,RSS parsing issue: status=403; <unknown>:2:1326: not well-formed (invalid token),Warning,Review or replace this source URL if it is important.
2026-08-07 23:34:15,California YIMBY,Failed,RSS parsing issue: <urlopen error [Errno -2] Name or service not known>,Warning,Review or replace this source URL if it is important.
2026-08-07 23:34:15,Connect CRE Charlotte,Failed,RSS parsing issue: status=404; <unknown>:22:51: not well-formed (invalid token),Warning,Review or replace this source URL if it is important.
2026-08-07 23:34:15,Blackstone Real Estate Source Expansion,Failed,RSS parsing issue: status=403; <unknown>:2:1326: not well-formed (invalid token),Warning,Review or replace this source URL if it is important.
2026-08-07 23:34:15,Hines Source Expansion,Failed,RSS parsing issue: status=403; <unknown>:2:1326: not well-formed (invalid token),Warning,Review or replace this source URL if it is important.
2026-08-07 23:34:15,Berkadia Source Expansion,Failed,RSS parsing issue: status=301; <unknown>:7:75: not well-formed (invalid token),Warning,Review or replace this source URL if it is important.
2026-08-07 23:34:15,Walker & Dunlop Source Expansion,Failed,RSS parsing issue: status=301; <unknown>:2:2016: not well-formed (invalid token),Warning,Review or replace this source URL if it is important.
2026-08-07 23:34:15,Commercial Property Executive,Failed,RSS parsing issue: status=403; <unknown>:2:1326: not well-formed (invalid token),Warning,Review or replace this source URL if it is important.
2026-08-08 23:28:56,Multi-Housing News,Failed,RSS parsing issue: status=403; <unknown>:2:1326: not well-formed (invalid token),Warning,Review or replace this source URL if it is important.
2026-08-08 23:28:56,GlobeSt,Failed,RSS parsing issue: status=403; <unknown>:2:1326: not well-formed (invalid token),Warning,Review or replace this source URL if it is important.
2026-08-08 23:28:56,The Real Deal,Failed,RSS parsing issue: status=403; <unknown>:20:37: not well-formed (invalid token),Warning,Review or replace this source URL if it is important.
2026-08-08 23:28:56,Urban Land Institute,Failed,RSS parsing issue: status=403; <unknown>:2:1326: not well-formed (invalid token),Warning,Review or replace this source URL if it is important.
2026-08-08 23:28:56,NMHC News,Failed,RSS parsing issue: status=200; <unknown>:21:2: mismatched tag,Warning,Review or replace this source URL if it is important.
2026-08-08 23:28:56,Walker & Dunlop Insights,Failed,RSS parsing issue: status=301; <unknown>:2:2016: not well-formed (invalid token),Warning,Review or replace this source URL if it is important.
2026-08-08 23:28:56,Berkadia Research,Failed,RSS parsing issue: status=301; <unknown>:7:75: not well-formed (invalid token),Warning,Review or replace this source URL if it is important.
2026-08-08 23:28:56,Hines Newsroom,Failed,RSS parsing issue: status=403; <unknown>:2:1326: not well-formed (invalid token),Warning,Review or replace this source URL if it is important.
2026-08-08 23:28:56,Blackstone Real Estate,Failed,RSS parsing issue: status=403; <unknown>:2:1326: not well-formed (invalid token),Warning,Review or replace this source URL if it is important.
2026-08-08 23:28:56,California YIMBY,Failed,RSS parsing issue: <urlopen error [Errno -2] Name or service not known>,Warning,Review or replace this source URL if it is important.
2026-08-08 23:28:56,Connect CRE Charlotte,Failed,RSS parsing issue: status=404; <unknown>:22:51: not well-formed (invalid token),Warning,Review or replace this source URL if it is important.
2026-08-08 23:28:56,Blackstone Real Estate Source Expansion,Failed,RSS parsing issue: status=403; <unknown>:2:1326: not well-formed (invalid token),Warning,Review or replace this source URL if it is important.
2026-08-08 23:28:56,Hines Source Expansion,Failed,RSS parsing issue: status=403; <unknown>:2:1326: not well-formed (invalid token),Warning,Review or replace this source URL if it is important.
2026-08-08 23:28:56,Berkadia Source Expansion,Failed,RSS parsing issue: status=301; <unknown>:7:75: not well-formed (invalid token),Warning,Review or replace this source URL if it is important.
2026-08-08 23:28:56,Walker & Dunlop Source Expansion,Failed,RSS parsing issue: status=301; <unknown>:2:2016: not well-formed (invalid token),Warning,Review or replace this source URL if it is important.
2026-08-08 23:28:56,Commercial Property Executive,Failed,RSS parsing issue: status=403; <unknown>:2:1326: not well-formed (invalid token),Warning,Review or replace this source URL if it is important.
2026-08-09 23:31:53,Multi-Housing News,Failed,RSS parsing issue: status=403; <unknown>:2:1326: not well-formed (invalid token),Warning,Review or replace this source URL if it is important.
2026-08-09 23:31:53,GlobeSt,Failed,RSS parsing issue: status=403; <unknown>:2:1326: not well-formed (invalid token),Warning,Review or replace this source URL if it is important.
2026-08-09 23:31:53,The Real Deal,Failed,RSS parsing issue: status=403; <unknown>:20:37: not well-formed (invalid token),Warning,Review or replace this source URL if it is important.
2026-08-09 23:31:53,Urban Land Institute,Failed,RSS parsing issue: status=403; <unknown>:2:1326: not well-formed (invalid token),Warning,Review or replace this source URL if it is important.
2026-08-09 23:31:53,NMHC News,Failed,RSS parsing issue: status=200; <unknown>:21:2: mismatched tag,Warning,Review or replace this source URL if it is important.
2026-08-09 23:31:53,Walker & Dunlop Insights,Failed,RSS parsing issue: status=301; <unknown>:2:2016: not well-formed (invalid token),Warning,Review or replace this source URL if it is important.
2026-08-09 23:31:53,Berkadia Research,Failed,RSS parsing issue: status=301; <unknown>:7:75: not well-formed (invalid token),Warning,Review or replace this source URL if it is important.
2026-08-09 23:31:53,Hines Newsroom,Failed,RSS parsing issue: status=403; <unknown>:2:1326: not well-formed (invalid token),Warning,Review or replace this source URL if it is important.
2026-08-09 23:31:53,Blackstone Real Estate,Failed,RSS parsing issue: status=403; <unknown>:2:1326: not well-formed (invalid token),Warning,Review or replace this source URL if it is important.
2026-08-09 23:31:53,California YIMBY,Failed,RSS parsing issue: <urlopen error [Errno -2] Name or service not known>,Warning,Review or replace this source URL if it is important.
2026-08-09 23:31:53,Connect CRE Charlotte,Failed,RSS parsing issue: status=404; <unknown>:22:51: not well-formed (invalid token),Warning,Review or replace this source URL if it is important.
2026-08-09 23:31:53,Blackstone Real Estate Source Expansion,Failed,RSS parsing issue: status=403; <unknown>:2:1326: not well-formed (invalid token),Warning,Review or replace this source URL if it is important.
2026-08-09 23:31:53,Hines Source Expansion,Failed,RSS parsing issue: status=403; <unknown>:2:1326: not well-formed (invalid token),Warning,Review or replace this source URL if it is important.
2026-08-09 23:31:53,Berkadia Source Expansion,Failed,RSS parsing issue: status=301; <unknown>:7:75: not well-formed (invalid token),Warning,Review or replace this source URL if it is important.
2026-08-09 23:31:53,Walker & Dunlop Source Expansion,Failed,RSS parsing issue: status=301; <unknown>:2:2016: not well-formed (invalid token),Warning,Review or replace this source URL if it is important.
2026-08-09 23:31:53,Commercial Property Executive,Failed,RSS parsing issue: status=403; <unknown>:2:1326: not well-formed (invalid token),Warning,Review or replace this source URL if it is important.
2026-08-10 23:35:22,Multi-Housing News,Failed,RSS parsing issue: status=403; <unknown>:2:1326: not well-formed (invalid token),Warning,Review or replace this source URL if it is important.
2026-08-10 23:35:22,GlobeSt,Failed,RSS parsing issue: status=403; <unknown>:2:1326: not well-formed (invalid token),Warning,Review or replace this source URL if it is important.
2026-08-10 23:35:22,The Real Deal,Failed,RSS parsing issue: status=403; <unknown>:20:37: not well-formed (invalid token),Warning,Review or replace this source URL if it is important.
2026-08-10 23:35:22,Urban Land Institute,Failed,RSS parsing issue: status=403; <unknown>:2:1326: not well-formed (invalid token),Warning,Review or replace this source URL if it is important.
2026-08-10 23:35:22,NMHC News,Failed,RSS parsing issue: status=200; <unknown>:21:2: mismatched tag,Warning,Review or replace this source URL if it is important.
2026-08-10 23:35:22,Walker & Dunlop Insights,Failed,RSS parsing issue: status=301; <unknown>:2:2016: not well-formed (invalid token),Warning,Review or replace this source URL if it is important.
2026-08-10 23:35:22,Berkadia Research,Failed,RSS parsing issue: status=301; <unknown>:7:75: not well-formed (invalid token),Warning,Review or replace this source URL if it is important.
2026-08-10 23:35:22,Hines Newsroom,Failed,RSS parsing issue: status=403; <unknown>:2:1326: not well-formed (invalid token),Warning,Review or replace this source URL if it is important.
2026-08-10 23:35:22,Blackstone Real Estate,Failed,RSS parsing issue: status=403; <unknown>:2:1326: not well-formed (invalid token),Warning,Review or replace this source URL if it is important.
2026-08-10 23:35:22,California YIMBY,Failed,RSS parsing issue: <urlopen error [Errno -2] Name or service not known>,Warning,Review or replace this source URL if it is important.
2026-08-10 23:35:22,Connect CRE Charlotte,Failed,RSS parsing issue: status=404; <unknown>:22:51: not well-formed (invalid token),Warning,Review or replace this source URL if it is important.
2026-08-10 23:35:22,Blackstone Real Estate Source Expansion,Failed,RSS parsing issue: status=403; <unknown>:2:1326: not well-formed (invalid token),Warning,Review or replace this source URL if it is important.
2026-08-10 23:35:22,Hines Source Expansion,Failed,RSS parsing issue: status=403; <unknown>:2:1326: not well-formed (invalid token),Warning,Review or replace this source URL if it is important.
2026-08-10 23:35:22,Berkadia Source Expansion,Failed,RSS parsing issue: status=301; <unknown>:7:75: not well-formed (invalid token),Warning,Review or replace this source URL if it is important.
2026-08-10 23:35:22,Walker & Dunlop Source Expansion,Failed,RSS parsing issue: status=301; <unknown>:2:2016: not well-formed (invalid token),Warning,Review or replace this source URL if it is important.
2026-08-10 23:35:22,Commercial Property Executive,Failed,RSS parsing issue: status=403; <unknown>:2:1326: not well-formed (invalid token),Warning,Review or replace this source URL if it is important.
2026-08-11 23:40:49,Multi-Housing News,Failed,RSS parsing issue: status=403; <unknown>:2:1326: not well-formed (invalid token),Warning,Review or replace this source URL if it is important.
2026-08-11 23:40:49,GlobeSt,Failed,RSS parsing issue: status=403; <unknown>:2:1326: not well-formed (invalid token),Warning,Review or replace this source URL if it is important.
2026-08-11 23:40:49,The Real Deal,Failed,RSS parsing issue: status=403; <unknown>:20:37: not well-formed (invalid token),Warning,Review or replace this source URL if it is important.
2026-08-11 23:40:49,Urban Land Institute,Failed,RSS parsing issue: status=403; <unknown>:2:1326: not well-formed (invalid token),Warning,Review or replace this source URL if it is important.
2026-08-11 23:40:49,NMHC News,Failed,RSS parsing issue: status=200; <unknown>:21:2: mismatched tag,Warning,Review or replace this source URL if it is important.
2026-08-11 23:40:49,Walker & Dunlop Insights,Failed,RSS parsing issue: status=301; <unknown>:2:2016: not well-formed (invalid token),Warning,Review or replace this source URL if it is important.
2026-08-11 23:40:49,Berkadia Research,Failed,RSS parsing issue: status=301; <unknown>:7:75: not well-formed (invalid token),Warning,Review or replace this source URL if it is important.
2026-08-11 23:40:49,Hines Newsroom,Failed,RSS parsing issue: status=403; <unknown>:2:1326: not well-formed (invalid token),Warning,Review or replace this source URL if it is important.
2026-08-11 23:40:49,Blackstone Real Estate,Failed,RSS parsing issue: status=403; <unknown>:2:1326: not well-formed (invalid token),Warning,Review or replace this source URL if it is important.
2026-08-11 23:40:49,California YIMBY,Failed,RSS parsing issue: <urlopen error [Errno -2] Name or service not known>,Warning,Review or replace this source URL if it is important.
2026-08-11 23:40:49,Connect CRE Charlotte,Failed,RSS parsing issue: status=404; <unknown>:22:51: not well-formed (invalid token),Warning,Review or replace this source URL if it is important.
2026-08-11 23:40:49,Blackstone Real Estate Source Expansion,Failed,RSS parsing issue: status=403; <unknown>:2:1326: not well-formed (invalid token),Warning,Review or replace this source URL if it is important.
2026-08-11 23:40:49,Hines Source Expansion,Failed,RSS parsing issue: status=403; <unknown>:2:1326: not well-formed (invalid token),Warning,Review or replace this source URL if it is important.
2026-08-11 23:40:49,Berkadia Source Expansion,Failed,RSS parsing issue: status=301; <unknown>:7:75: not well-formed (invalid token),Warning,Review or replace this source URL if it is important.
2026-08-11 23:40:49,Walker & Dunlop Source Expansion,Failed,RSS parsing issue: status=301; <unknown>:2:2016: not well-formed (invalid token),Warning,Review or replace this source URL if it is important.
2026-08-11 23:40:49,Commercial Property Executive,Failed,RSS parsing issue: status=403; <unknown>:2:1326: not well-formed (invalid token),Warning,Review or replace this source URL if it is important.
2026-08-12 23:41:33,Multi-Housing News,Failed,RSS parsing issue: status=403; <unknown>:2:1326: not well-formed (invalid token),Warning,Review or replace this source URL if it is important.
2026-08-12 23:41:33,GlobeSt,Failed,RSS parsing issue: status=403; <unknown>:2:1326: not well-formed (invalid token),Warning,Review or replace this source URL if it is important.
2026-08-12 23:41:33,The Real Deal,Failed,RSS parsing issue: status=403; <unknown>:20:37: not well-formed (invalid token),Warning,Review or replace this source URL if it is important.
2026-08-12 23:41:33,Urban Land Institute,Failed,RSS parsing issue: status=403; <unknown>:2:1326: not well-formed (invalid token),Warning,Review or replace this source URL if it is important.
2026-08-12 23:41:33,NMHC News,Failed,RSS parsing issue: status=200; <unknown>:21:2: mismatched tag,Warning,Review or replace this source URL if it is important.
2026-08-12 23:41:33,Walker & Dunlop Insights,Failed,RSS parsing issue: status=301; <unknown>:2:2016: not well-formed (invalid token),Warning,Review or replace this source URL if it is important.
2026-08-12 23:41:33,Berkadia Research,Failed,RSS parsing issue: status=301; <unknown>:7:75: not well-formed (invalid token),Warning,Review or replace this source URL if it is important.
2026-08-12 23:41:33,Hines Newsroom,Failed,RSS parsing issue: status=403; <unknown>:2:1326: not well-formed (invalid token),Warning,Review or replace this source URL if it is important.
2026-08-12 23:41:33,Blackstone Real Estate,Failed,RSS parsing issue: status=403; <unknown>:2:1326: not well-formed (invalid token),Warning,Review or replace this source URL if it is important.
2026-08-12 23:41:33,California YIMBY,Failed,RSS parsing issue: <urlopen error [Errno -2] Name or service not known>,Warning,Review or replace this source URL if it is important.
2026-08-12 23:41:33,Connect CRE Charlotte,Failed,RSS parsing issue: status=404; <unknown>:22:51: not well-formed (invalid token),Warning,Review or replace this source URL if it is important.
2026-08-12 23:41:33,Blackstone Real Estate Source Expansion,Failed,RSS parsing issue: status=403; <unknown>:2:1326: not well-formed (invalid token),Warning,Review or replace this source URL if it is important.
2026-08-12 23:41:33,Hines Source Expansion,Failed,RSS parsing issue: status=403; <unknown>:2:1326: not well-formed (invalid token),Warning,Review or replace this source URL if it is important.
2026-08-12 23:41:33,Berkadia Source Expansion,Failed,RSS parsing issue: status=301; <unknown>:7:75: not well-formed (invalid token),Warning,Review or replace this source URL if it is important.
2026-08-12 23:41:33,Walker & Dunlop Source Expansion,Failed,RSS parsing issue: status=301; <unknown>:2:2016: not well-formed (invalid token),Warning,Review or replace this source URL if it is important.
2026-08-12 23:41:33,Commercial Property Executive,Failed,RSS parsing issue: status=403; <unknown>:2:1326: not well-formed (invalid token),Warning,Review or replace this source URL if it is important.
2026-08-13 23:41:10,Multi-Housing News,Failed,RSS parsing issue: status=403; <unknown>:2:1326: not well-formed (invalid token),Warning,Review or replace this source URL if it is important.
2026-08-13 23:41:10,GlobeSt,Failed,RSS parsing issue: status=403; <unknown>:2:1326: not well-formed (invalid token),Warning,Review or replace this source URL if it is important.
2026-08-13 23:41:10,The Real Deal,Failed,RSS parsing issue: status=403; <unknown>:20:37: not well-formed (invalid token),Warning,Review or replace this source URL if it is important.
2026-08-13 23:41:10,Urban Land Institute,Failed,RSS parsing issue: status=403; <unknown>:2:1326: not well-formed (invalid token),Warning,Review or replace this source URL if it is important.
2026-08-13 23:41:10,NMHC News,Failed,RSS parsing issue: status=200; <unknown>:21:2: mismatched tag,Warning,Review or replace this source URL if it is important.
2026-08-13 23:41:10,Walker & Dunlop Insights,Failed,RSS parsing issue: status=301; <unknown>:2:2016: not well-formed (invalid token),Warning,Review or replace this source URL if it is important.
2026-08-13 23:41:10,Berkadia Research,Failed,RSS parsing issue: status=301; <unknown>:7:75: not well-formed (invalid token),Warning,Review or replace this source URL if it is important.
2026-08-13 23:41:10,Hines Newsroom,Failed,RSS parsing issue: status=403; <unknown>:2:1326: not well-formed (invalid token),Warning,Review or replace this source URL if it is important.
2026-08-13 23:41:10,Blackstone Real Estate,Failed,RSS parsing issue: status=403; <unknown>:2:1326: not well-formed (invalid token),Warning,Review or replace this source URL if it is important.
2026-08-13 23:41:10,California YIMBY,Failed,RSS parsing issue: <urlopen error [Errno -2] Name or service not known>,Warning,Review or replace this source URL if it is important.
2026-08-13 23:41:10,Connect CRE Charlotte,Failed,RSS parsing issue: status=404; <unknown>:22:51: not well-formed (invalid token),Warning,Review or replace this source URL if it is important.
2026-08-13 23:41:10,Blackstone Real Estate Source Expansion,Failed,RSS parsing issue: status=403; <unknown>:2:1326: not well-formed (invalid token),Warning,Review or replace this source URL if it is important.
2026-08-13 23:41:10,Hines Source Expansion,Failed,RSS parsing issue: status=403; <unknown>:2:1326: not well-formed (invalid token),Warning,Review or replace this source URL if it is important.
2026-08-13 23:41:10,Berkadia Source Expansion,Failed,RSS parsing issue: status=301; <unknown>:7:75: not well-formed (invalid token),Warning,Review or replace this source URL if it is important.
2026-08-13 23:41:10,Walker & Dunlop Source Expansion,Failed,RSS parsing issue: status=301; <unknown>:2:2016: not well-formed (invalid token),Warning,Review or replace this source URL if it is important.
2026-08-13 23:41:10,Commercial Property Executive,Failed,RSS parsing issue: status=403; <unknown>:2:1326: not well-formed (invalid token),Warning,Review or replace this source URL if it is important.
2026-08-14 23:21:36,Multi-Housing News,Failed,RSS parsing issue: status=403; <unknown>:2:1326: not well-formed (invalid token),Warning,Review or replace this source URL if it is important.
2026-08-14 23:21:36,GlobeSt,Failed,RSS parsing issue: status=403; <unknown>:2:1326: not well-formed (invalid token),Warning,Review or replace this source URL if it is important.
2026-08-14 23:21:36,The Real Deal,Failed,RSS parsing issue: status=403; <unknown>:20:37: not well-formed (invalid token),Warning,Review or replace this source URL if it is important.
2026-08-14 23:21:36,Urban Land Institute,Failed,RSS parsing issue: status=403; <unknown>:2:1326: not well-formed (invalid token),Warning,Review or replace this source URL if it is important.
2026-08-14 23:21:36,NMHC News,Failed,RSS parsing issue: status=200; <unknown>:21:2: mismatched tag,Warning,Review or replace this source URL if it is important.
2026-08-14 23:21:36,Walker & Dunlop Insights,Failed,RSS parsing issue: status=301; <unknown>:2:2016: not well-formed (invalid token),Warning,Review or replace this source URL if it is important.
2026-08-14 23:21:36,Berkadia Research,Failed,RSS parsing issue: status=301; <unknown>:7:75: not well-formed (invalid token),Warning,Review or replace this source URL if it is important.
2026-08-14 23:21:36,Hines Newsroom,Failed,RSS parsing issue: status=403; <unknown>:2:1326: not well-formed (invalid token),Warning,Review or replace this source URL if it is important.
2026-08-14 23:21:36,Blackstone Real Estate,Failed,RSS parsing issue: status=403; <unknown>:2:1326: not well-formed (invalid token),Warning,Review or replace this source URL if it is important.
2026-08-14 23:21:36,California YIMBY,Failed,RSS parsing issue: <urlopen error [Errno -2] Name or service not known>,Warning,Review or replace this source URL if it is important.
2026-08-14 23:21:36,Connect CRE Charlotte,Failed,RSS parsing issue: status=404; <unknown>:22:51: not well-formed (invalid token),Warning,Review or replace this source URL if it is important.
2026-08-14 23:21:36,Blackstone Real Estate Source Expansion,Failed,RSS parsing issue: status=403; <unknown>:2:1326: not well-formed (invalid token),Warning,Review or replace this source URL if it is important.
2026-08-14 23:21:36,Hines Source Expansion,Failed,RSS parsing issue: status=403; <unknown>:2:1326: not well-formed (invalid token),Warning,Review or replace this source URL if it is important.
2026-08-14 23:21:36,Berkadia Source Expansion,Failed,RSS parsing issue: status=301; <unknown>:7:75: not well-formed (invalid token),Warning,Review or replace this source URL if it is important.
2026-08-14 23:21:36,Walker & Dunlop Source Expansion,Failed,RSS parsing issue: status=301; <unknown>:2:2016: not well-formed (invalid token),Warning,Review or replace this source URL if it is important.
2026-08-14 23:21:36,Commercial Property Executive,Failed,RSS parsing issue: status=403; <unknown>:2:1326: not well-formed (invalid token),Warning,Review or replace this source URL if it is important.
2026-08-15 23:20:54,Multi-Housing News,Failed,RSS parsing issue: status=403; <unknown>:2:1326: not well-formed (invalid token),Warning,Review or replace this source URL if it is important.
2026-08-15 23:20:54,GlobeSt,Failed,RSS parsing issue: status=403; <unknown>:2:1326: not well-formed (invalid token),Warning,Review or replace this source URL if it is important.
2026-08-15 23:20:54,The Real Deal,Failed,RSS parsing issue: status=403; <unknown>:20:37: not well-formed (invalid token),Warning,Review or replace this source URL if it is important.
2026-08-15 23:20:54,Urban Land Institute,Failed,RSS parsing issue: status=403; <unknown>:2:1326: not well-formed (invalid token),Warning,Review or replace this source URL if it is important.
2026-08-15 23:20:54,NMHC News,Failed,RSS parsing issue: status=200; <unknown>:21:2: mismatched tag,Warning,Review or replace this source URL if it is important.
2026-08-15 23:20:54,Walker & Dunlop Insights,Failed,RSS parsing issue: status=301; <unknown>:2:2016: not well-formed (invalid token),Warning,Review or replace this source URL if it is important.
2026-08-15 23:20:54,Berkadia Research,Failed,RSS parsing issue: status=301; <unknown>:7:75: not well-formed (invalid token),Warning,Review or replace this source URL if it is important.
2026-08-15 23:20:54,Hines Newsroom,Failed,RSS parsing issue: status=403; <unknown>:2:1326: not well-formed (invalid token),Warning,Review or replace this source URL if it is important.
2026-08-15 23:20:54,Blackstone Real Estate,Failed,RSS parsing issue: status=403; <unknown>:2:1326: not well-formed (invalid token),Warning,Review or replace this source URL if it is important.
2026-08-15 23:20:54,California YIMBY,Failed,RSS parsing issue: <urlopen error [Errno -2] Name or service not known>,Warning,Review or replace this source URL if it is important.
2026-08-15 23:20:54,Connect CRE Charlotte,Failed,RSS parsing issue: status=404; <unknown>:22:51: not well-formed (invalid token),Warning,Review or replace this source URL if it is important.
2026-08-15 23:20:54,Blackstone Real Estate Source Expansion,Failed,RSS parsing issue: status=403; <unknown>:2:1326: not well-formed (invalid token),Warning,Review or replace this source URL if it is important.
2026-08-15 23:20:54,Hines Source Expansion,Failed,RSS parsing issue: status=403; <unknown>:2:1326: not well-formed (invalid token),Warning,Review or replace this source URL if it is important.
2026-08-15 23:20:54,Berkadia Source Expansion,Failed,RSS parsing issue: status=301; <unknown>:7:75: not well-formed (invalid token),Warning,Review or replace this source URL if it is important.
2026-08-15 23:20:54,Walker & Dunlop Source Expansion,Failed,RSS parsing issue: status=301; <unknown>:2:2016: not well-formed (invalid token),Warning,Review or replace this source URL if it is important.
2026-08-15 23:20:54,Commercial Property Executive,Failed,RSS parsing issue: status=403; <unknown>:2:1326: not well-formed (invalid token),Warning,Review or replace this source URL if it is important.
2026-08-16 23:19:37,Multi-Housing News,Failed,RSS parsing issue: status=403; <unknown>:2:1326: not well-formed (invalid token),Warning,Review or replace this source URL if it is important.
2026-08-16 23:19:37,GlobeSt,Failed,RSS parsing issue: status=403; <unknown>:2:1326: not well-formed (invalid token),Warning,Review or replace this source URL if it is important.
2026-08-16 23:19:37,The Real Deal,Failed,RSS parsing issue: status=403; <unknown>:20:37: not well-formed (invalid token),Warning,Review or replace this source URL if it is important.
2026-08-16 23:19:37,Urban Land Institute,Failed,RSS parsing issue: status=403; <unknown>:2:1326: not well-formed (invalid token),Warning,Review or replace this source URL if it is important.
2026-08-16 23:19:37,NMHC News,Failed,RSS parsing issue: status=200; <unknown>:21:2: mismatched tag,Warning,Review or replace this source URL if it is important.
2026-08-16 23:19:37,Walker & Dunlop Insights,Failed,RSS parsing issue: status=301; <unknown>:2:2016: not well-formed (invalid token),Warning,Review or replace this source URL if it is important.
2026-08-16 23:19:37,Berkadia Research,Failed,RSS parsing issue: status=301; <unknown>:7:75: not well-formed (invalid token),Warning,Review or replace this source URL if it is important.
2026-08-16 23:19:37,Hines Newsroom,Failed,RSS parsing issue: status=403; <unknown>:2:1326: not well-formed (invalid token),Warning,Review or replace this source URL if it is important.
2026-08-16 23:19:37,Blackstone Real Estate,Failed,RSS parsing issue: status=403; <unknown>:2:1326: not well-formed (invalid token),Warning,Review or replace this source URL if it is important.
2026-08-16 23:19:37,California YIMBY,Failed,RSS parsing issue: <urlopen error [Errno -2] Name or service not known>,Warning,Review or replace this source URL if it is important.
2026-08-16 23:19:37,Connect CRE Charlotte,Failed,RSS parsing issue: status=404; <unknown>:22:51: not well-formed (invalid token),Warning,Review or replace this source URL if it is important.
2026-08-16 23:19:37,Blackstone Real Estate Source Expansion,Failed,RSS parsing issue: status=403; <unknown>:2:1326: not well-formed (invalid token),Warning,Review or replace this source URL if it is important.
2026-08-16 23:19:37,Hines Source Expansion,Failed,RSS parsing issue: status=403; <unknown>:2:1326: not well-formed (invalid token),Warning,Review or replace this source URL if it is important.
2026-08-16 23:19:37,Berkadia Source Expansion,Failed,RSS parsing issue: status=301; <unknown>:7:75: not well-formed (invalid token),Warning,Review or replace this source URL if it is important.
2026-08-16 23:19:37,Walker & Dunlop Source Expansion,Failed,RSS parsing issue: status=301; <unknown>:2:2016: not well-formed (invalid token),Warning,Review or replace this source URL if it is important.
2026-08-16 23:19:37,Commercial Property Executive,Failed,RSS parsing issue: status=403; <unknown>:2:1326: not well-formed (invalid token),Warning,Review or replace this source URL if it is important.
2026-08-17 23:22:39,Multi-Housing News,Failed,RSS parsing issue: status=403; <unknown>:2:1326: not well-formed (invalid token),Warning,Review or replace this source URL if it is important.
2026-08-17 23:22:39,GlobeSt,Failed,RSS parsing issue: status=403; <unknown>:2:1326: not well-formed (invalid token),Warning,Review or replace this source URL if it is important.
2026-08-17 23:22:39,The Real Deal,Failed,RSS parsing issue: status=403; <unknown>:20:37: not well-formed (invalid token),Warning,Review or replace this source URL if it is important.
2026-08-17 23:22:39,Urban Land Institute,Failed,RSS parsing issue: status=403; <unknown>:2:1326: not well-formed (invalid token),Warning,Review or replace this source URL if it is important.
2026-08-17 23:22:39,NMHC News,Failed,RSS parsing issue: status=200; <unknown>:21:2: mismatched tag,Warning,Review or replace this source URL if it is important.
2026-08-17 23:22:39,Walker & Dunlop Insights,Failed,RSS parsing issue: status=301; <unknown>:2:2016: not well-formed (invalid token),Warning,Review or replace this source URL if it is important.
2026-08-17 23:22:39,Berkadia Research,Failed,RSS parsing issue: status=301; <unknown>:7:75: not well-formed (invalid token),Warning,Review or replace this source URL if it is important.
2026-08-17 23:22:39,Hines Newsroom,Failed,RSS parsing issue: status=403; <unknown>:2:1326: not well-formed (invalid token),Warning,Review or replace this source URL if it is important.
2026-08-17 23:22:39,Blackstone Real Estate,Failed,RSS parsing issue: status=403; <unknown>:2:1326: not well-formed (invalid token),Warning,Review or replace this source URL if it is important.
2026-08-17 23:22:39,California YIMBY,Failed,RSS parsing issue: <urlopen error [Errno -2] Name or service not known>,Warning,Review or replace this source URL if it is important.
2026-08-17 23:22:39,Connect CRE Charlotte,Failed,RSS parsing issue: status=404; <unknown>:22:51: not well-formed (invalid token),Warning,Review or replace this source URL if it is important.
2026-08-17 23:22:39,Blackstone Real Estate Source Expansion,Failed,RSS parsing issue: status=403; <unknown>:2:1326: not well-formed (invalid token),Warning,Review or replace this source URL if it is important.
2026-08-17 23:22:39,Hines Source Expansion,Failed,RSS parsing issue: status=403; <unknown>:2:1326: not well-formed (invalid token),Warning,Review or replace this source URL if it is important.
2026-08-17 23:22:39,Berkadia Source Expansion,Failed,RSS parsing issue: status=301; <unknown>:7:75: not well-formed (invalid token),Warning,Review or replace this source URL if it is important.
2026-08-17 23:22:39,Walker & Dunlop Source Expansion,Failed,RSS parsing issue: status=301; <unknown>:2:2016: not well-formed (invalid token),Warning,Review or replace this source URL if it is important.
2026-08-17 23:22:39,Commercial Property Executive,Failed,RSS parsing issue: status=403; <unknown>:2:1326: not well-formed (invalid token),Warning,Review or replace this source URL if it is important.
2026-08-18 23:21:58,Multi-Housing News,Failed,RSS parsing issue: status=403; <unknown>:2:1326: not well-formed (invalid token),Warning,Review or replace this source URL if it is important.
2026-08-18 23:21:58,GlobeSt,Failed,RSS parsing issue: status=403; <unknown>:2:1326: not well-formed (invalid token),Warning,Review or replace this source URL if it is important.
2026-08-18 23:21:58,The Real Deal,Failed,RSS parsing issue: status=403; <unknown>:20:37: not well-formed (invalid token),Warning,Review or replace this source URL if it is important.
2026-08-18 23:21:58,Urban Land Institute,Failed,RSS parsing issue: status=403; <unknown>:2:1326: not well-formed (invalid token),Warning,Review or replace this source URL if it is important.
2026-08-18 23:21:58,NMHC News,Failed,RSS parsing issue: status=200; <unknown>:21:2: mismatched tag,Warning,Review or replace this source URL if it is important.
2026-08-18 23:21:58,Walker & Dunlop Insights,Failed,RSS parsing issue: status=301; <unknown>:2:2016: not well-formed (invalid token),Warning,Review or replace this source URL if it is important.
2026-08-18 23:21:58,Berkadia Research,Failed,RSS parsing issue: status=301; <unknown>:7:75: not well-formed (invalid token),Warning,Review or replace this source URL if it is important.
2026-08-18 23:21:58,Hines Newsroom,Failed,RSS parsing issue: status=403; <unknown>:2:1326: not well-formed (invalid token),Warning,Review or replace this source URL if it is important.
2026-08-18 23:21:58,Blackstone Real Estate,Failed,RSS parsing issue: status=403; <unknown>:2:1326: not well-formed (invalid token),Warning,Review or replace this source URL if it is important.
2026-08-18 23:21:58,California YIMBY,Failed,RSS parsing issue: <urlopen error [Errno -2] Name or service not known>,Warning,Review or replace this source URL if it is important.
2026-08-18 23:21:58,Connect CRE Charlotte,Failed,RSS parsing issue: status=404; <unknown>:22:51: not well-formed (invalid token),Warning,Review or replace this source URL if it is important.
2026-08-18 23:21:58,Blackstone Real Estate Source Expansion,Failed,RSS parsing issue: status=403; <unknown>:2:1326: not well-formed (invalid token),Warning,Review or replace this source URL if it is important.
2026-08-18 23:21:58,Hines Source Expansion,Failed,RSS parsing issue: status=403; <unknown>:2:1326: not well-formed (invalid token),Warning,Review or replace this source URL if it is important.
2026-08-18 23:21:58,Berkadia Source Expansion,Failed,RSS parsing issue: status=301; <unknown>:7:75: not well-formed (invalid token),Warning,Review or replace this source URL if it is important.
2026-08-18 23:21:58,Walker & Dunlop Source Expansion,Failed,RSS parsing issue: status=301; <unknown>:2:2016: not well-formed (invalid token),Warning,Review or replace this source URL if it is important.
2026-08-18 23:21:58,Commercial Property Executive,Failed,RSS parsing issue: status=403; <unknown>:2:1326: not well-formed (invalid token),Warning,Review or replace this source URL if it is important.
2026-08-19 23:23:08,Multi-Housing News,Failed,RSS parsing issue: status=403; <unknown>:2:1326: not well-formed (invalid token),Warning,Review or replace this source URL if it is important.
2026-08-19 23:23:08,GlobeSt,Failed,RSS parsing issue: status=403; <unknown>:2:1326: not well-formed (invalid token),Warning,Review or replace this source URL if it is important.
2026-08-19 23:23:08,The Real Deal,Failed,RSS parsing issue: status=403; <unknown>:20:37: not well-formed (invalid token),Warning,Review or replace this source URL if it is important.
2026-08-19 23:23:08,Urban Land Institute,Failed,RSS parsing issue: status=403; <unknown>:2:1326: not well-formed (invalid token),Warning,Review or replace this source URL if it is important.
2026-08-19 23:23:08,NMHC News,Failed,RSS parsing issue: status=200; <unknown>:21:2: mismatched tag,Warning,Review or replace this source URL if it is important.
2026-08-19 23:23:08,Walker & Dunlop Insights,Failed,RSS parsing issue: status=301; <unknown>:2:2016: not well-formed (invalid token),Warning,Review or replace this source URL if it is important.
2026-08-19 23:23:08,Berkadia Research,Failed,RSS parsing issue: status=301; <unknown>:7:75: not well-formed (invalid token),Warning,Review or replace this source URL if it is important.
2026-08-19 23:23:08,Hines Newsroom,Failed,RSS parsing issue: status=403; <unknown>:2:1326: not well-formed (invalid token),Warning,Review or replace this source URL if it is important.
2026-08-19 23:23:08,Blackstone Real Estate,Failed,RSS parsing issue: status=403; <unknown>:2:1326: not well-formed (invalid token),Warning,Review or replace this source URL if it is important.
2026-08-19 23:23:08,California YIMBY,Failed,RSS parsing issue: <urlopen error [Errno -2] Name or service not known>,Warning,Review or replace this source URL if it is important.
2026-08-19 23:23:08,Connect CRE Charlotte,Failed,RSS parsing issue: status=404; <unknown>:22:51: not well-formed (invalid token),Warning,Review or replace this source URL if it is important.
2026-08-19 23:23:08,Blackstone Real Estate Source Expansion,Failed,RSS parsing issue: status=403; <unknown>:2:1326: not well-formed (invalid token),Warning,Review or replace this source URL if it is important.
2026-08-19 23:23:08,Hines Source Expansion,Failed,RSS parsing issue: status=403; <unknown>:2:1326: not well-formed (invalid token),Warning,Review or replace this source URL if it is important.
2026-08-19 23:23:08,Berkadia Source Expansion,Failed,RSS parsing issue: status=301; <unknown>:7:75: not well-formed (invalid token),Warning,Review or replace this source URL if it is important.
2026-08-19 23:23:08,Walker & Dunlop Source Expansion,Failed,RSS parsing issue: status=301; <unknown>:2:2016: not well-formed (invalid token),Warning,Review or replace this source URL if it is important.
2026-08-19 23:23:08,Commercial Property Executive,Failed,RSS parsing issue: status=403; <unknown>:2:1326: not well-formed (invalid token),Warning,Review or replace this source URL if it is important.
2026-08-20 23:25:37,Multi-Housing News,Failed,RSS parsing issue: status=403; <unknown>:2:1326: not well-formed (invalid token),Warning,Review or replace this source URL if it is important.
2026-08-20 23:25:37,GlobeSt,Failed,RSS parsing issue: status=403; <unknown>:2:1326: not well-formed (invalid token),Warning,Review or replace this source URL if it is important.
2026-08-20 23:25:37,The Real Deal,Failed,RSS parsing issue: status=403; <unknown>:20:37: not well-formed (invalid token),Warning,Review or replace this source URL if it is important.
2026-08-20 23:25:37,Urban Land Institute,Failed,RSS parsing issue: status=403; <unknown>:2:1326: not well-formed (invalid token),Warning,Review or replace this source URL if it is important.
2026-08-20 23:25:37,NMHC News,Failed,RSS parsing issue: status=200; <unknown>:21:2: mismatched tag,Warning,Review or replace this source URL if it is important.
2026-08-20 23:25:37,Walker & Dunlop Insights,Failed,RSS parsing issue: status=301; <unknown>:2:2016: not well-formed (invalid token),Warning,Review or replace this source URL if it is important.
2026-08-20 23:25:37,Berkadia Research,Failed,RSS parsing issue: status=301; <unknown>:7:75: not well-formed (invalid token),Warning,Review or replace this source URL if it is important.
2026-08-20 23:25:37,Hines Newsroom,Failed,RSS parsing issue: status=403; <unknown>:2:1326: not well-formed (invalid token),Warning,Review or replace this source URL if it is important.
2026-08-20 23:25:37,Blackstone Real Estate,Failed,RSS parsing issue: status=403; <unknown>:2:1326: not well-formed (invalid token),Warning,Review or replace this source URL if it is important.
2026-08-20 23:25:37,California YIMBY,Failed,RSS parsing issue: <urlopen error [Errno -2] Name or service not known>,Warning,Review or replace this source URL if it is important.
2026-08-20 23:25:37,Connect CRE Charlotte,Failed,RSS parsing issue: status=404; <unknown>:22:51: not well-formed (invalid token),Warning,Review or replace this source URL if it is important.
2026-08-20 23:25:37,Blackstone Real Estate Source Expansion,Failed,RSS parsing issue: status=403; <unknown>:2:1326: not well-formed (invalid token),Warning,Review or replace this source URL if it is important.
2026-08-20 23:25:37,Hines Source Expansion,Failed,RSS parsing issue: status=403; <unknown>:2:1326: not well-formed (invalid token),Warning,Review or replace this source URL if it is important.
2026-08-20 23:25:37,Berkadia Source Expansion,Failed,RSS parsing issue: status=301; <unknown>:7:75: not well-formed (invalid token),Warning,Review or replace this source URL if it is important.
2026-08-20 23:25:37,Walker & Dunlop Source Expansion,Failed,RSS parsing issue: status=301; <unknown>:2:2016: not well-formed (invalid token),Warning,Review or replace this source URL if it is important.
2026-08-20 23:25:37,Commercial Property Executive,Failed,RSS parsing issue: status=403; <unknown>:2:1326: not well-formed (invalid token),Warning,Review or replace this source URL if it is important.
2026-08-21 23:23:52,Multi-Housing News,Failed,RSS parsing issue: status=403; <unknown>:2:1326: not well-formed (invalid token),Warning,Review or replace this source URL if it is important.
2026-08-21 23:23:52,GlobeSt,Failed,RSS parsing issue: status=403; <unknown>:2:1326: not well-formed (invalid token),Warning,Review or replace this source URL if it is important.
2026-08-21 23:23:52,Urban Land Institute,Failed,RSS parsing issue: status=403; <unknown>:2:1326: not well-formed (invalid token),Warning,Review or replace this source URL if it is important.
2026-08-21 23:23:52,NMHC News,Failed,RSS parsing issue: status=200; <unknown>:21:2: mismatched tag,Warning,Review or replace this source URL if it is important.
2026-08-21 23:23:52,Walker & Dunlop Insights,Failed,RSS parsing issue: status=301; <unknown>:2:2016: not well-formed (invalid token),Warning,Review or replace this source URL if it is important.
2026-08-21 23:23:52,Berkadia Research,Failed,RSS parsing issue: status=301; <unknown>:7:75: not well-formed (invalid token),Warning,Review or replace this source URL if it is important.
2026-08-21 23:23:52,Hines Newsroom,Failed,RSS parsing issue: status=403; <unknown>:2:1326: not well-formed (invalid token),Warning,Review or replace this source URL if it is important.
2026-08-21 23:23:52,Blackstone Real Estate,Failed,RSS parsing issue: status=403; <unknown>:2:1326: not well-formed (invalid token),Warning,Review or replace this source URL if it is important.
2026-08-21 23:23:52,California YIMBY,Failed,RSS parsing issue: <urlopen error [Errno -2] Name or service not known>,Warning,Review or replace this source URL if it is important.
2026-08-21 23:23:52,Connect CRE Charlotte,Failed,RSS parsing issue: status=404; <unknown>:22:51: not well-formed (invalid token),Warning,Review or replace this source URL if it is important.
2026-08-21 23:23:52,Blackstone Real Estate Source Expansion,Failed,RSS parsing issue: status=403; <unknown>:2:1326: not well-formed (invalid token),Warning,Review or replace this source URL if it is important.
2026-08-21 23:23:52,Hines Source Expansion,Failed,RSS parsing issue: status=403; <unknown>:2:1326: not well-formed (invalid token),Warning,Review or replace this source URL if it is important.
2026-08-21 23:23:52,Berkadia Source Expansion,Failed,RSS parsing issue: status=301; <unknown>:7:75: not well-formed (invalid token),Warning,Review or replace this source URL if it is important.
2026-08-21 23:23:52,Walker & Dunlop Source Expansion,Failed,RSS parsing issue: status=301; <unknown>:2:2016: not well-formed (invalid token),Warning,Review or replace this source URL if it is important.
2026-08-21 23:23:52,Commercial Property Executive,Failed,RSS parsing issue: status=403; <unknown>:2:1326: not well-formed (invalid token),Warning,Review or replace this source URL if it is important.
2026-08-22 23:20:54,Multi-Housing News,Failed,RSS parsing issue: status=403; <unknown>:2:1326: not well-formed (invalid token),Warning,Review or replace this source URL if it is important.
2026-08-22 23:20:54,GlobeSt,Failed,RSS parsing issue: status=403; <unknown>:2:1326: not well-formed (invalid token),Warning,Review or replace this source URL if it is important.
2026-08-22 23:20:54,Urban Land Institute,Failed,RSS parsing issue: status=403; <unknown>:2:1326: not well-formed (invalid token),Warning,Review or replace this source URL if it is important.
2026-08-22 23:20:54,NMHC News,Failed,RSS parsing issue: status=200; <unknown>:21:2: mismatched tag,Warning,Review or replace this source URL if it is important.
2026-08-22 23:20:54,Walker & Dunlop Insights,Failed,RSS parsing issue: status=301; <unknown>:2:2016: not well-formed (invalid token),Warning,Review or replace this source URL if it is important.
2026-08-22 23:20:54,Berkadia Research,Failed,RSS parsing issue: status=301; <unknown>:7:75: not well-formed (invalid token),Warning,Review or replace this source URL if it is important.
2026-08-22 23:20:54,Hines Newsroom,Failed,RSS parsing issue: status=403; <unknown>:2:1326: not well-formed (invalid token),Warning,Review or replace this source URL if it is important.
2026-08-22 23:20:54,Blackstone Real Estate,Failed,RSS parsing issue: status=403; <unknown>:2:1326: not well-formed (invalid token),Warning,Review or replace this source URL if it is important.
2026-08-22 23:20:54,California YIMBY,Failed,RSS parsing issue: <urlopen error [Errno -2] Name or service not known>,Warning,Review or replace this source URL if it is important.
2026-08-22 23:20:54,Connect CRE Charlotte,Failed,RSS parsing issue: status=404; <unknown>:22:51: not well-formed (invalid token),Warning,Review or replace this source URL if it is important.
2026-08-22 23:20:54,Blackstone Real Estate Source Expansion,Failed,RSS parsing issue: status=403; <unknown>:2:1326: not well-formed (invalid token),Warning,Review or replace this source URL if it is important.
2026-08-22 23:20:54,Hines Source Expansion,Failed,RSS parsing issue: status=403; <unknown>:2:1326: not well-formed (invalid token),Warning,Review or replace this source URL if it is important.
2026-08-22 23:20:54,Berkadia Source Expansion,Failed,RSS parsing issue: status=301; <unknown>:7:75: not well-formed (invalid token),Warning,Review or replace this source URL if it is important.
2026-08-22 23:20:54,Walker & Dunlop Source Expansion,Failed,RSS parsing issue: status=301; <unknown>:2:2016: not well-formed (invalid token),Warning,Review or replace this source URL if it is important.
2026-08-22 23:20:54,Commercial Property Executive,Failed,RSS parsing issue: status=403; <unknown>:2:1326: not well-formed (invalid token),Warning,Review or replace this source URL if it is important.
2026-08-23 23:21:42,Multi-Housing News,Failed,RSS parsing issue: status=403; <unknown>:2:1326: not well-formed (invalid token),Warning,Review or replace this source URL if it is important.
2026-08-23 23:21:42,GlobeSt,Failed,RSS parsing issue: status=403; <unknown>:2:1326: not well-formed (invalid token),Warning,Review or replace this source URL if it is important.
2026-08-23 23:21:42,Urban Land Institute,Failed,RSS parsing issue: status=403; <unknown>:2:1326: not well-formed (invalid token),Warning,Review or replace this source URL if it is important.
2026-08-23 23:21:42,NMHC News,Failed,RSS parsing issue: status=200; <unknown>:21:2: mismatched tag,Warning,Review or replace this source URL if it is important.
2026-08-23 23:21:42,Walker & Dunlop Insights,Failed,RSS parsing issue: status=301; <unknown>:2:2016: not well-formed (invalid token),Warning,Review or replace this source URL if it is important.
2026-08-23 23:21:42,Berkadia Research,Failed,RSS parsing issue: status=301; <unknown>:7:75: not well-formed (invalid token),Warning,Review or replace this source URL if it is important.
2026-08-23 23:21:42,Hines Newsroom,Failed,RSS parsing issue: status=403; <unknown>:2:1326: not well-formed (invalid token),Warning,Review or replace this source URL if it is important.
2026-08-23 23:21:42,Blackstone Real Estate,Failed,RSS parsing issue: status=403; <unknown>:2:1326: not well-formed (invalid token),Warning,Review or replace this source URL if it is important.
2026-08-23 23:21:42,California YIMBY,Failed,RSS parsing issue: <urlopen error [Errno -2] Name or service not known>,Warning,Review or replace this source URL if it is important.
2026-08-23 23:21:42,Connect CRE Charlotte,Failed,RSS parsing issue: status=404; <unknown>:22:51: not well-formed (invalid token),Warning,Review or replace this source URL if it is important.
2026-08-23 23:21:42,Blackstone Real Estate Source Expansion,Failed,RSS parsing issue: status=403; <unknown>:2:1326: not well-formed (invalid token),Warning,Review or replace this source URL if it is important.
2026-08-23 23:21:42,Hines Source Expansion,Failed,RSS parsing issue: status=403; <unknown>:2:1326: not well-formed (invalid token),Warning,Review or replace this source URL if it is important.
2026-08-23 23:21:42,Berkadia Source Expansion,Failed,RSS parsing issue: status=301; <unknown>:7:75: not well-formed (invalid token),Warning,Review or replace this source URL if it is important.
2026-08-23 23:21:42,Walker & Dunlop Source Expansion,Failed,RSS parsing issue: status=301; <unknown>:2:2016: not well-formed (invalid token),Warning,Review or replace this source URL if it is important.
2026-08-23 23:21:42,Commercial Property Executive,Failed,RSS parsing issue: status=403; <unknown>:2:1326: not well-formed (invalid token),Warning,Review or replace this source URL if it is important.
2026-08-24 23:22:22,Multi-Housing News,Failed,RSS parsing issue: status=403; <unknown>:2:1326: not well-formed (invalid token),Warning,Review or replace this source URL if it is important.
2026-08-24 23:22:22,GlobeSt,Failed,RSS parsing issue: status=403; <unknown>:2:1326: not well-formed (invalid token),Warning,Review or replace this source URL if it is important.
2026-08-24 23:22:22,Urban Land Institute,Failed,RSS parsing issue: status=403; <unknown>:2:1326: not well-formed (invalid token),Warning,Review or replace this source URL if it is important.
2026-08-24 23:22:22,NMHC News,Failed,RSS parsing issue: status=200; <unknown>:21:2: mismatched tag,Warning,Review or replace this source URL if it is important.
2026-08-24 23:22:22,Walker & Dunlop Insights,Failed,RSS parsing issue: status=301; <unknown>:2:2016: not well-formed (invalid token),Warning,Review or replace this source URL if it is important.
2026-08-24 23:22:22,Berkadia Research,Failed,RSS parsing issue: status=301; <unknown>:7:75: not well-formed (invalid token),Warning,Review or replace this source URL if it is important.
2026-08-24 23:22:22,Hines Newsroom,Failed,RSS parsing issue: status=403; <unknown>:2:1326: not well-formed (invalid token),Warning,Review or replace this source URL if it is important.
2026-08-24 23:22:22,Blackstone Real Estate,Failed,RSS parsing issue: status=403; <unknown>:2:1326: not well-formed (invalid token),Warning,Review or replace this source URL if it is important.
2026-08-24 23:22:22,California YIMBY,Failed,RSS parsing issue: <urlopen error [Errno -2] Name or service not known>,Warning,Review or replace this source URL if it is important.
2026-08-24 23:22:22,Connect CRE Charlotte,Failed,RSS parsing issue: status=404; <unknown>:22:51: not well-formed (invalid token),Warning,Review or replace this source URL if it is important.
2026-08-24 23:22:22,Blackstone Real Estate Source Expansion,Failed,RSS parsing issue: status=403; <unknown>:2:1326: not well-formed (invalid token),Warning,Review or replace this source URL if it is important.
2026-08-24 23:22:22,Hines Source Expansion,Failed,RSS parsing issue: status=403; <unknown>:2:1326: not well-formed (invalid token),Warning,Review or replace this source URL if it is important.
2026-08-24 23:22:22,Berkadia Source Expansion,Failed,RSS parsing issue: status=301; <unknown>:7:75: not well-formed (invalid token),Warning,Review or replace this source URL if it is important.
2026-08-24 23:22:22,Walker & Dunlop Source Expansion,Failed,RSS parsing issue: status=301; <unknown>:2:2016: not well-formed (invalid token),Warning,Review or replace this source URL if it is important.
2026-08-24 23:22:22,Commercial Property Executive,Failed,RSS parsing issue: status=403; <unknown>:2:1326: not well-formed (invalid token),Warning,Review or replace this source URL if it is important.
2026-08-25 23:25:04,Multi-Housing News,Failed,RSS parsing issue: status=403; <unknown>:2:1326: not well-formed (invalid token),Warning,Review or replace this source URL if it is important.
2026-08-25 23:25:04,GlobeSt,Failed,RSS parsing issue: status=403; <unknown>:2:1326: not well-formed (invalid token),Warning,Review or replace this source URL if it is important.
2026-08-25 23:25:04,Urban Land Institute,Failed,RSS parsing issue: status=403; <unknown>:2:1326: not well-formed (invalid token),Warning,Review or replace this source URL if it is important.
2026-08-25 23:25:04,NMHC News,Failed,RSS parsing issue: status=200; <unknown>:21:2: mismatched tag,Warning,Review or replace this source URL if it is important.
2026-08-25 23:25:04,Walker & Dunlop Insights,Failed,RSS parsing issue: status=301; <unknown>:2:2016: not well-formed (invalid token),Warning,Review or replace this source URL if it is important.
2026-08-25 23:25:04,Berkadia Research,Failed,RSS parsing issue: status=301; <unknown>:7:75: not well-formed (invalid token),Warning,Review or replace this source URL if it is important.
2026-08-25 23:25:04,Hines Newsroom,Failed,RSS parsing issue: status=403; <unknown>:2:1326: not well-formed (invalid token),Warning,Review or replace this source URL if it is important.
2026-08-25 23:25:04,Blackstone Real Estate,Failed,RSS parsing issue: status=403; <unknown>:2:1326: not well-formed (invalid token),Warning,Review or replace this source URL if it is important.
2026-08-25 23:25:04,California YIMBY,Failed,RSS parsing issue: <urlopen error [Errno -2] Name or service not known>,Warning,Review or replace this source URL if it is important.
2026-08-25 23:25:04,Connect CRE Charlotte,Failed,RSS parsing issue: status=404; <unknown>:22:51: not well-formed (invalid token),Warning,Review or replace this source URL if it is important.
2026-08-25 23:25:04,Blackstone Real Estate Source Expansion,Failed,RSS parsing issue: status=403; <unknown>:2:1326: not well-formed (invalid token),Warning,Review or replace this source URL if it is important.
2026-08-25 23:25:04,Hines Source Expansion,Failed,RSS parsing issue: status=403; <unknown>:2:1326: not well-formed (invalid token),Warning,Review or replace this source URL if it is important.
2026-08-25 23:25:04,Berkadia Source Expansion,Failed,RSS parsing issue: status=301; <unknown>:7:75: not well-formed (invalid token),Warning,Review or replace this source URL if it is important.
2026-08-25 23:25:04,Walker & Dunlop Source Expansion,Failed,RSS parsing issue: status=301; <unknown>:2:2016: not well-formed (invalid token),Warning,Review or replace this source URL if it is important.
2026-08-25 23:25:04,Commercial Property Executive,Failed,RSS parsing issue: status=403; <unknown>:2:1326: not well-formed (invalid token),Warning,Review or replace this source URL if it is important.
2026-08-27 04:18:46,Multi-Housing News,Failed,RSS parsing issue: status=403; <unknown>:2:1326: not well-formed (invalid token),Warning,Review or replace this source URL if it is important.
2026-08-27 04:18:46,GlobeSt,Failed,RSS parsing issue: status=403; <unknown>:2:1326: not well-formed (invalid token),Warning,Review or replace this source URL if it is important.
2026-08-27 04:18:46,Urban Land Institute,Failed,RSS parsing issue: status=403; <unknown>:2:1326: not well-formed (invalid token),Warning,Review or replace this source URL if it is important.
2026-08-27 04:18:46,NMHC News,Failed,RSS parsing issue: status=200; <unknown>:21:2: mismatched tag,Warning,Review or replace this source URL if it is important.
2026-08-27 04:18:46,Walker & Dunlop Insights,Failed,RSS parsing issue: status=301; <unknown>:2:2016: not well-formed (invalid token),Warning,Review or replace this source URL if it is important.
2026-08-27 04:18:46,Berkadia Research,Failed,RSS parsing issue: status=301; <unknown>:7:75: not well-formed (invalid token),Warning,Review or replace this source URL if it is important.
2026-08-27 04:18:46,Hines Newsroom,Failed,RSS parsing issue: status=403; <unknown>:2:1326: not well-formed (invalid token),Warning,Review or replace this source URL if it is important.
2026-08-27 04:18:46,Blackstone Real Estate,Failed,RSS parsing issue: status=403; <unknown>:2:1326: not well-formed (invalid token),Warning,Review or replace this source URL if it is important.
2026-08-27 04:18:46,California YIMBY,Failed,RSS parsing issue: <urlopen error [Errno -2] Name or service not known>,Warning,Review or replace this source URL if it is important.
2026-08-27 04:18:46,Connect CRE Charlotte,Failed,RSS parsing issue: status=404; <unknown>:22:51: not well-formed (invalid token),Warning,Review or replace this source URL if it is important.
2026-08-27 04:18:46,Blackstone Real Estate Source Expansion,Failed,RSS parsing issue: status=403; <unknown>:2:1326: not well-formed (invalid token),Warning,Review or replace this source URL if it is important.
2026-08-27 04:18:46,Hines Source Expansion,Failed,RSS parsing issue: status=403; <unknown>:2:1326: not well-formed (invalid token),Warning,Review or replace this source URL if it is important.
2026-08-27 04:18:46,Berkadia Source Expansion,Failed,RSS parsing issue: status=301; <unknown>:7:75: not well-formed (invalid token),Warning,Review or replace this source URL if it is important.
2026-08-27 04:18:46,Walker & Dunlop Source Expansion,Failed,RSS parsing issue: status=301; <unknown>:2:2016: not well-formed (invalid token),Warning,Review or replace this source URL if it is important.
2026-08-27 04:18:46,Commercial Property Executive,Failed,RSS parsing issue: status=403; <unknown>:2:1326: not well-formed (invalid token),Warning,Review or replace this source URL if it is important.
2026-08-28 06:47:39,Multi-Housing News,Failed,RSS parsing issue: status=403; <unknown>:2:1326: not well-formed (invalid token),Warning,Review or replace this source URL if it is important.
2026-08-28 06:47:39,GlobeSt,Failed,RSS parsing issue: status=403; <unknown>:2:1326: not well-formed (invalid token),Warning,Review or replace this source URL if it is important.
2026-08-28 06:47:39,Urban Land Institute,Failed,RSS parsing issue: status=403; <unknown>:2:1326: not well-formed (invalid token),Warning,Review or replace this source URL if it is important.
2026-08-28 06:47:39,NMHC News,Failed,RSS parsing issue: status=200; <unknown>:21:2: mismatched tag,Warning,Review or replace this source URL if it is important.
2026-08-28 06:47:39,Walker & Dunlop Insights,Failed,RSS parsing issue: status=301; <unknown>:2:2016: not well-formed (invalid token),Warning,Review or replace this source URL if it is important.
2026-08-28 06:47:39,Berkadia Research,Failed,RSS parsing issue: status=301; <unknown>:7:75: not well-formed (invalid token),Warning,Review or replace this source URL if it is important.
2026-08-28 06:47:39,Hines Newsroom,Failed,RSS parsing issue: status=403; <unknown>:2:1326: not well-formed (invalid token),Warning,Review or replace this source URL if it is important.
2026-08-28 06:47:39,Blackstone Real Estate,Failed,RSS parsing issue: status=403; <unknown>:2:1326: not well-formed (invalid token),Warning,Review or replace this source URL if it is important.
2026-08-28 06:47:39,California YIMBY,Failed,RSS parsing issue: <urlopen error [Errno -2] Name or service not known>,Warning,Review or replace this source URL if it is important.
2026-08-28 06:47:39,Connect CRE Charlotte,Failed,RSS parsing issue: status=404; <unknown>:22:51: not well-formed (invalid token),Warning,Review or replace this source URL if it is important.
2026-08-28 06:47:39,Blackstone Real Estate Source Expansion,Failed,RSS parsing issue: status=403; <unknown>:2:1326: not well-formed (invalid token),Warning,Review or replace this source URL if it is important.
2026-08-28 06:47:39,Hines Source Expansion,Failed,RSS parsing issue: status=403; <unknown>:2:1326: not well-formed (invalid token),Warning,Review or replace this source URL if it is important.
2026-08-28 06:47:39,Berkadia Source Expansion,Failed,RSS parsing issue: status=301; <unknown>:7:75: not well-formed (invalid token),Warning,Review or replace this source URL if it is important.
2026-08-28 06:47:39,Walker & Dunlop Source Expansion,Failed,RSS parsing issue: status=301; <unknown>:2:2016: not well-formed (invalid token),Warning,Review or replace this source URL if it is important.
2026-08-28 06:47:39,Commercial Property Executive,Failed,RSS parsing issue: status=403; <unknown>:2:1326: not well-formed (invalid token),Warning,Review or replace this source URL if it is important.
2026-08-29 04:03:17,Multi-Housing News,Failed,RSS parsing issue: status=403; <unknown>:2:1326: not well-formed (invalid token),Warning,Review or replace this source URL if it is important.
2026-08-29 04:03:17,GlobeSt,Failed,RSS parsing issue: status=403; <unknown>:2:1326: not well-formed (invalid token),Warning,Review or replace this source URL if it is important.
2026-08-29 04:03:17,Urban Land Institute,Failed,RSS parsing issue: status=403; <unknown>:2:1326: not well-formed (invalid token),Warning,Review or replace this source URL if it is important.
2026-08-29 04:03:17,NMHC News,Failed,RSS parsing issue: status=200; <unknown>:21:2: mismatched tag,Warning,Review or replace this source URL if it is important.
2026-08-29 04:03:17,Walker & Dunlop Insights,Failed,RSS parsing issue: status=301; <unknown>:2:2016: not well-formed (invalid token),Warning,Review or replace this source URL if it is important.
2026-08-29 04:03:17,Berkadia Research,Failed,RSS parsing issue: status=301; <unknown>:7:75: not well-formed (invalid token),Warning,Review or replace this source URL if it is important.
2026-08-29 04:03:17,Hines Newsroom,Failed,RSS parsing issue: status=403; <unknown>:2:1326: not well-formed (invalid token),Warning,Review or replace this source URL if it is important.
2026-08-29 04:03:17,Blackstone Real Estate,Failed,RSS parsing issue: status=403; <unknown>:2:1326: not well-formed (invalid token),Warning,Review or replace this source URL if it is important.
2026-08-29 04:03:17,California YIMBY,Failed,RSS parsing issue: <urlopen error [Errno -2] Name or service not known>,Warning,Review or replace this source URL if it is important.
2026-08-29 04:03:17,Connect CRE Charlotte,Failed,RSS parsing issue: status=404; <unknown>:22:51: not well-formed (invalid token),Warning,Review or replace this source URL if it is important.
2026-08-29 04:03:17,Blackstone Real Estate Source Expansion,Failed,RSS parsing issue: status=403; <unknown>:2:1326: not well-formed (invalid token),Warning,Review or replace this source URL if it is important.
2026-08-29 04:03:17,Hines Source Expansion,Failed,RSS parsing issue: status=403; <unknown>:2:1326: not well-formed (invalid token),Warning,Review or replace this source URL if it is important.
2026-08-29 04:03:17,Berkadia Source Expansion,Failed,RSS parsing issue: status=301; <unknown>:7:75: not well-formed (invalid token),Warning,Review or replace this source URL if it is important.
2026-08-29 04:03:17,Walker & Dunlop Source Expansion,Failed,RSS parsing issue: status=301; <unknown>:2:2016: not well-formed (invalid token),Warning,Review or replace this source URL if it is important.
2026-08-29 04:03:17,Commercial Property Executive,Failed,RSS parsing issue: status=403; <unknown>:2:1326: not well-formed (invalid token),Warning,Review or replace this source URL if it is important.
2026-08-30 01:06:41,Multi-Housing News,Failed,RSS parsing issue: status=403; <unknown>:2:1326: not well-formed (invalid token),Warning,Review or replace this source URL if it is important.
2026-08-30 01:06:41,GlobeSt,Failed,RSS parsing issue: status=403; <unknown>:2:1326: not well-formed (invalid token),Warning,Review or replace this source URL if it is important.
2026-08-30 01:06:41,Urban Land Institute,Failed,RSS parsing issue: status=403; <unknown>:2:1326: not well-formed (invalid token),Warning,Review or replace this source URL if it is important.
2026-08-30 01:06:41,NMHC News,Failed,RSS parsing issue: status=200; <unknown>:21:2: mismatched tag,Warning,Review or replace this source URL if it is important.
2026-08-30 01:06:41,Walker & Dunlop Insights,Failed,RSS parsing issue: status=301; <unknown>:2:2016: not well-formed (invalid token),Warning,Review or replace this source URL if it is important.
2026-08-30 01:06:41,Berkadia Research,Failed,RSS parsing issue: status=301; <unknown>:7:75: not well-formed (invalid token),Warning,Review or replace this source URL if it is important.
2026-08-30 01:06:41,Hines Newsroom,Failed,RSS parsing issue: status=403; <unknown>:2:1326: not well-formed (invalid token),Warning,Review or replace this source URL if it is important.
2026-08-30 01:06:41,Blackstone Real Estate,Failed,RSS parsing issue: status=403; <unknown>:2:1326: not well-formed (invalid token),Warning,Review or replace this source URL if it is important.
2026-08-30 01:06:41,California YIMBY,Failed,RSS parsing issue: <urlopen error [Errno -2] Name or service not known>,Warning,Review or replace this source URL if it is important.
2026-08-30 01:06:41,Connect CRE Charlotte,Failed,RSS parsing issue: status=404; <unknown>:22:51: not well-formed (invalid token),Warning,Review or replace this source URL if it is important.
2026-08-30 01:06:41,Blackstone Real Estate Source Expansion,Failed,RSS parsing issue: status=403; <unknown>:2:1326: not well-formed (invalid token),Warning,Review or replace this source URL if it is important.
2026-08-30 01:06:41,Hines Source Expansion,Failed,RSS parsing issue: status=403; <unknown>:2:1326: not well-formed (invalid token),Warning,Review or replace this source URL if it is important.
2026-08-30 01:06:41,Berkadia Source Expansion,Failed,RSS parsing issue: status=301; <unknown>:7:75: not well-formed (invalid token),Warning,Review or replace this source URL if it is important.
2026-08-30 01:06:41,Walker & Dunlop Source Expansion,Failed,RSS parsing issue: status=301; <unknown>:2:2016: not well-formed (invalid token),Warning,Review or replace this source URL if it is important.
2026-08-30 01:06:41,Commercial Property Executive,Failed,RSS parsing issue: status=403; <unknown>:2:1326: not well-formed (invalid token),Warning,Review or replace this source URL if it is important.
2026-08-31 01:07:29,Multi-Housing News,Failed,RSS parsing issue: status=403; <unknown>:2:1326: not well-formed (invalid token),Warning,Review or replace this source URL if it is important.
2026-08-31 01:07:29,GlobeSt,Failed,RSS parsing issue: status=403; <unknown>:2:1326: not well-formed (invalid token),Warning,Review or replace this source URL if it is important.
2026-08-31 01:07:29,Urban Land Institute,Failed,RSS parsing issue: status=403; <unknown>:2:1326: not well-formed (invalid token),Warning,Review or replace this source URL if it is important.
2026-08-31 01:07:29,NMHC News,Failed,RSS parsing issue: status=200; <unknown>:21:2: mismatched tag,Warning,Review or replace this source URL if it is important.
2026-08-31 01:07:29,Walker & Dunlop Insights,Failed,RSS parsing issue: status=301; <unknown>:2:2016: not well-formed (invalid token),Warning,Review or replace this source URL if it is important.
2026-08-31 01:07:29,Berkadia Research,Failed,RSS parsing issue: status=301; <unknown>:7:75: not well-formed (invalid token),Warning,Review or replace this source URL if it is important.
2026-08-31 01:07:29,Hines Newsroom,Failed,RSS parsing issue: status=403; <unknown>:2:1326: not well-formed (invalid token),Warning,Review or replace this source URL if it is important.
2026-08-31 01:07:29,Blackstone Real Estate,Failed,RSS parsing issue: status=403; <unknown>:2:1326: not well-formed (invalid token),Warning,Review or replace this source URL if it is important.
2026-08-31 01:07:29,California YIMBY,Failed,RSS parsing issue: <urlopen error [Errno -2] Name or service not known>,Warning,Review or replace this source URL if it is important.
2026-08-31 01:07:29,Connect CRE Charlotte,Failed,RSS parsing issue: status=404; <unknown>:22:51: not well-formed (invalid token),Warning,Review or replace this source URL if it is important.
2026-08-31 01:07:29,Blackstone Real Estate Source Expansion,Failed,RSS parsing issue: status=403; <unknown>:2:1326: not well-formed (invalid token),Warning,Review or replace this source URL if it is important.
2026-08-31 01:07:29,Hines Source Expansion,Failed,RSS parsing issue: status=403; <unknown>:2:1326: not well-formed (invalid token),Warning,Review or replace this source URL if it is important.
2026-08-31 01:07:29,Berkadia Source Expansion,Failed,RSS parsing issue: status=301; <unknown>:7:75: not well-formed (invalid token),Warning,Review or replace this source URL if it is important.
2026-08-31 01:07:29,Walker & Dunlop Source Expansion,Failed,RSS parsing issue: status=301; <unknown>:2:2016: not well-formed (invalid token),Warning,Review or replace this source URL if it is important.
2026-08-31 01:07:29,Commercial Property Executive,Failed,RSS parsing issue: status=403; <unknown>:2:1326: not well-formed (invalid token),Warning,Review or replace this source URL if it is important.
2026-09-01 01:41:57,Multi-Housing News,Failed,RSS parsing issue: status=403; <unknown>:2:1326: not well-formed (invalid token),Warning,Review or replace this source URL if it is important.
2026-09-01 01:41:57,GlobeSt,Failed,RSS parsing issue: status=403; <unknown>:2:1326: not well-formed (invalid token),Warning,Review or replace this source URL if it is important.
2026-09-01 01:41:57,Urban Land Institute,Failed,RSS parsing issue: status=403; <unknown>:2:1326: not well-formed (invalid token),Warning,Review or replace this source URL if it is important.
2026-09-01 01:41:57,NMHC News,Failed,RSS parsing issue: status=200; <unknown>:21:2: mismatched tag,Warning,Review or replace this source URL if it is important.
2026-09-01 01:41:57,Walker & Dunlop Insights,Failed,RSS parsing issue: status=301; <unknown>:2:2016: not well-formed (invalid token),Warning,Review or replace this source URL if it is important.
2026-09-01 01:41:57,Berkadia Research,Failed,RSS parsing issue: status=301; <unknown>:7:75: not well-formed (invalid token),Warning,Review or replace this source URL if it is important.
2026-09-01 01:41:57,Hines Newsroom,Failed,RSS parsing issue: status=403; <unknown>:2:1326: not well-formed (invalid token),Warning,Review or replace this source URL if it is important.
2026-09-01 01:41:57,Blackstone Real Estate,Failed,RSS parsing issue: status=403; <unknown>:2:1326: not well-formed (invalid token),Warning,Review or replace this source URL if it is important.
2026-09-01 01:41:57,California YIMBY,Failed,RSS parsing issue: <urlopen error [Errno -2] Name or service not known>,Warning,Review or replace this source URL if it is important.
2026-09-01 01:41:57,Connect CRE Charlotte,Failed,RSS parsing issue: status=404; <unknown>:22:51: not well-formed (invalid token),Warning,Review or replace this source URL if it is important.
2026-09-01 01:41:57,Blackstone Real Estate Source Expansion,Failed,RSS parsing issue: status=403; <unknown>:2:1326: not well-formed (invalid token),Warning,Review or replace this source URL if it is important.
2026-09-01 01:41:57,Hines Source Expansion,Failed,RSS parsing issue: status=403; <unknown>:2:1326: not well-formed (invalid token),Warning,Review or replace this source URL if it is important.
2026-09-01 01:41:57,Berkadia Source Expansion,Failed,RSS parsing issue: status=301; <unknown>:7:75: not well-formed (invalid token),Warning,Review or replace this source URL if it is important.
2026-09-01 01:41:57,Walker & Dunlop Source Expansion,Failed,RSS parsing issue: status=301; <unknown>:2:2016: not well-formed (invalid token),Warning,Review or replace this source URL if it is important.
2026-09-01 01:41:57,Commercial Property Executive,Failed,RSS parsing issue: status=403; <unknown>:2:1326: not well-formed (invalid token),Warning,Review or replace this source URL if it is important.
2026-09-02 00:51:10,Multi-Housing News,Failed,RSS parsing issue: status=403; <unknown>:2:1326: not well-formed (invalid token),Warning,Review or replace this source URL if it is important.
2026-09-02 00:51:10,GlobeSt,Failed,RSS parsing issue: status=403; <unknown>:2:1326: not well-formed (invalid token),Warning,Review or replace this source URL if it is important.
2026-09-02 00:51:10,The Real Deal,Failed,RSS parsing issue: status=403; <unknown>:20:37: not well-formed (invalid token),Warning,Review or replace this source URL if it is important.
2026-09-02 00:51:10,Urban Land Institute,Failed,RSS parsing issue: status=403; <unknown>:2:1326: not well-formed (invalid token),Warning,Review or replace this source URL if it is important.
2026-09-02 00:51:10,NMHC News,Failed,RSS parsing issue: status=200; <unknown>:21:2: mismatched tag,Warning,Review or replace this source URL if it is important.
2026-09-02 00:51:10,Walker & Dunlop Insights,Failed,RSS parsing issue: status=301; <unknown>:2:2016: not well-formed (invalid token),Warning,Review or replace this source URL if it is important.
2026-09-02 00:51:10,Berkadia Research,Failed,RSS parsing issue: status=301; <unknown>:7:75: not well-formed (invalid token),Warning,Review or replace this source URL if it is important.
2026-09-02 00:51:10,Hines Newsroom,Failed,RSS parsing issue: status=403; <unknown>:2:1326: not well-formed (invalid token),Warning,Review or replace this source URL if it is important.
2026-09-02 00:51:10,Blackstone Real Estate,Failed,RSS parsing issue: status=403; <unknown>:2:1326: not well-formed (invalid token),Warning,Review or replace this source URL if it is important.
2026-09-02 00:51:10,California YIMBY,Failed,RSS parsing issue: <urlopen error [Errno -2] Name or service not known>,Warning,Review or replace this source URL if it is important.
2026-09-02 00:51:10,Connect CRE Charlotte,Failed,RSS parsing issue: status=404; <unknown>:22:51: not well-formed (invalid token),Warning,Review or replace this source URL if it is important.
2026-09-02 00:51:10,Blackstone Real Estate Source Expansion,Failed,RSS parsing issue: status=403; <unknown>:2:1326: not well-formed (invalid token),Warning,Review or replace this source URL if it is important.
2026-09-02 00:51:10,Hines Source Expansion,Failed,RSS parsing issue: status=403; <unknown>:2:1326: not well-formed (invalid token),Warning,Review or replace this source URL if it is important.
2026-09-02 00:51:10,Berkadia Source Expansion,Failed,RSS parsing issue: status=301; <unknown>:7:75: not well-formed (invalid token),Warning,Review or replace this source URL if it is important.
2026-09-02 00:51:10,Walker & Dunlop Source Expansion,Failed,RSS parsing issue: status=301; <unknown>:2:2016: not well-formed (invalid token),Warning,Review or replace this source URL if it is important.
2026-09-02 00:51:10,Commercial Property Executive,Failed,RSS parsing issue: status=403; <unknown>:2:1326: not well-formed (invalid token),Warning,Review or replace this source URL if it is important.
2026-09-03 00:59:11,Multi-Housing News,Failed,RSS parsing issue: status=403; <unknown>:2:1326: not well-formed (invalid token),Warning,Review or replace this source URL if it is important.
2026-09-03 00:59:11,GlobeSt,Failed,RSS parsing issue: status=403; <unknown>:2:1326: not well-formed (invalid token),Warning,Review or replace this source URL if it is important.
2026-09-03 00:59:11,The Real Deal,Failed,RSS parsing issue: status=403; <unknown>:20:37: not well-formed (invalid token),Warning,Review or replace this source URL if it is important.
2026-09-03 00:59:11,Urban Land Institute,Failed,RSS parsing issue: status=403; <unknown>:2:1326: not well-formed (invalid token),Warning,Review or replace this source URL if it is important.
2026-09-03 00:59:11,NMHC News,Failed,RSS parsing issue: status=200; <unknown>:21:2: mismatched tag,Warning,Review or replace this source URL if it is important.
2026-09-03 00:59:11,Walker & Dunlop Insights,Failed,RSS parsing issue: status=301; <unknown>:2:2016: not well-formed (invalid token),Warning,Review or replace this source URL if it is important.
2026-09-03 00:59:11,Berkadia Research,Failed,RSS parsing issue: status=301; <unknown>:7:75: not well-formed (invalid token),Warning,Review or replace this source URL if it is important.
2026-09-03 00:59:11,Hines Newsroom,Failed,RSS parsing issue: status=403; <unknown>:2:1326: not well-formed (invalid token),Warning,Review or replace this source URL if it is important.
2026-09-03 00:59:11,Blackstone Real Estate,Failed,RSS parsing issue: status=403; <unknown>:2:1326: not well-formed (invalid token),Warning,Review or replace this source URL if it is important.
2026-09-03 00:59:11,California YIMBY,Failed,RSS parsing issue: <urlopen error [Errno -2] Name or service not known>,Warning,Review or replace this source URL if it is important.
2026-09-03 00:59:11,Connect CRE Charlotte,Failed,RSS parsing issue: status=404; <unknown>:22:51: not well-formed (invalid token),Warning,Review or replace this source URL if it is important.
2026-09-03 00:59:11,Blackstone Real Estate Source Expansion,Failed,RSS parsing issue: status=403; <unknown>:2:1326: not well-formed (invalid token),Warning,Review or replace this source URL if it is important.
2026-09-03 00:59:11,Hines Source Expansion,Failed,RSS parsing issue: status=403; <unknown>:2:1326: not well-formed (invalid token),Warning,Review or replace this source URL if it is important.
2026-09-03 00:59:11,Berkadia Source Expansion,Failed,RSS parsing issue: status=301; <unknown>:7:75: not well-formed (invalid token),Warning,Review or replace this source URL if it is important.
2026-09-03 00:59:11,Walker & Dunlop Source Expansion,Failed,RSS parsing issue: status=301; <unknown>:2:2016: not well-formed (invalid token),Warning,Review or replace this source URL if it is important.
2026-09-03 00:59:11,Commercial Property Executive,Failed,RSS parsing issue: status=403; <unknown>:2:1326: not well-formed (invalid token),Warning,Review or replace this source URL if it is important.
2026-09-04 00:49:55,Multi-Housing News,Failed,RSS parsing issue: status=403; <unknown>:2:1326: not well-formed (invalid token),Warning,Review or replace this source URL if it is important.
2026-09-04 00:49:55,GlobeSt,Failed,RSS parsing issue: status=403; <unknown>:2:1326: not well-formed (invalid token),Warning,Review or replace this source URL if it is important.
2026-09-04 00:49:55,The Real Deal,Failed,RSS parsing issue: status=403; <unknown>:20:37: not well-formed (invalid token),Warning,Review or replace this source URL if it is important.
2026-09-04 00:49:55,Urban Land Institute,Failed,RSS parsing issue: status=403; <unknown>:2:1326: not well-formed (invalid token),Warning,Review or replace this source URL if it is important.
2026-09-04 00:49:55,NMHC News,Failed,RSS parsing issue: status=200; <unknown>:21:2: mismatched tag,Warning,Review or replace this source URL if it is important.
2026-09-04 00:49:55,Walker & Dunlop Insights,Failed,RSS parsing issue: status=301; <unknown>:2:2016: not well-formed (invalid token),Warning,Review or replace this source URL if it is important.
2026-09-04 00:49:55,Berkadia Research,Failed,RSS parsing issue: status=301; <unknown>:7:75: not well-formed (invalid token),Warning,Review or replace this source URL if it is important.
2026-09-04 00:49:55,Hines Newsroom,Failed,RSS parsing issue: status=403; <unknown>:2:1326: not well-formed (invalid token),Warning,Review or replace this source URL if it is important.
2026-09-04 00:49:55,Blackstone Real Estate,Failed,RSS parsing issue: status=403; <unknown>:2:1326: not well-formed (invalid token),Warning,Review or replace this source URL if it is important.
2026-09-04 00:49:55,California YIMBY,Failed,RSS parsing issue: <urlopen error [Errno -2] Name or service not known>,Warning,Review or replace this source URL if it is important.
2026-09-04 00:49:55,Connect CRE Charlotte,Failed,RSS parsing issue: status=404; <unknown>:22:51: not well-formed (invalid token),Warning,Review or replace this source URL if it is important.
2026-09-04 00:49:55,Blackstone Real Estate Source Expansion,Failed,RSS parsing issue: status=403; <unknown>:2:1326: not well-formed (invalid token),Warning,Review or replace this source URL if it is important.
2026-09-04 00:49:55,Hines Source Expansion,Failed,RSS parsing issue: status=403; <unknown>:2:1326: not well-formed (invalid token),Warning,Review or replace this source URL if it is important.
2026-09-04 00:49:55,Berkadia Source Expansion,Failed,RSS parsing issue: status=301; <unknown>:7:75: not well-formed (invalid token),Warning,Review or replace this source URL if it is important.
2026-09-04 00:49:55,Walker & Dunlop Source Expansion,Failed,RSS parsing issue: status=301; <unknown>:2:2016: not well-formed (invalid token),Warning,Review or replace this source URL if it is important.
2026-09-04 00:49:55,Commercial Property Executive,Failed,RSS parsing issue: status=403; <unknown>:2:1326: not well-formed (invalid token),Warning,Review or replace this source URL if it is important.
2026-09-05 00:38:52,Multi-Housing News,Failed,RSS parsing issue: status=403; <unknown>:2:1326: not well-formed (invalid token),Warning,Review or replace this source URL if it is important.
2026-09-05 00:38:52,GlobeSt,Failed,RSS parsing issue: status=403; <unknown>:2:1326: not well-formed (invalid token),Warning,Review or replace this source URL if it is important.
2026-09-05 00:38:52,The Real Deal,Failed,RSS parsing issue: status=403; <unknown>:20:37: not well-formed (invalid token),Warning,Review or replace this source URL if it is important.
2026-09-05 00:38:52,Urban Land Institute,Failed,RSS parsing issue: status=403; <unknown>:2:1326: not well-formed (invalid token),Warning,Review or replace this source URL if it is important.
2026-09-05 00:38:52,NMHC News,Failed,RSS parsing issue: status=200; <unknown>:21:2: mismatched tag,Warning,Review or replace this source URL if it is important.
2026-09-05 00:38:52,Walker & Dunlop Insights,Failed,RSS parsing issue: status=301; <unknown>:2:2016: not well-formed (invalid token),Warning,Review or replace this source URL if it is important.
2026-09-05 00:38:52,Berkadia Research,Failed,RSS parsing issue: status=301; <unknown>:7:75: not well-formed (invalid token),Warning,Review or replace this source URL if it is important.
2026-09-05 00:38:52,Hines Newsroom,Failed,RSS parsing issue: status=403; <unknown>:2:1326: not well-formed (invalid token),Warning,Review or replace this source URL if it is important.
2026-09-05 00:38:52,Blackstone Real Estate,Failed,RSS parsing issue: status=403; <unknown>:2:1326: not well-formed (invalid token),Warning,Review or replace this source URL if it is important.
2026-09-05 00:38:52,California YIMBY,Failed,RSS parsing issue: <urlopen error [Errno -2] Name or service not known>,Warning,Review or replace this source URL if it is important.
2026-09-05 00:38:52,Connect CRE Charlotte,Failed,RSS parsing issue: status=404; <unknown>:22:51: not well-formed (invalid token),Warning,Review or replace this source URL if it is important.
2026-09-05 00:38:52,Blackstone Real Estate Source Expansion,Failed,RSS parsing issue: status=403; <unknown>:2:1326: not well-formed (invalid token),Warning,Review or replace this source URL if it is important.
2026-09-05 00:38:52,Hines Source Expansion,Failed,RSS parsing issue: status=403; <unknown>:2:1326: not well-formed (invalid token),Warning,Review or replace this source URL if it is important.
2026-09-05 00:38:52,Berkadia Source Expansion,Failed,RSS parsing issue: status=301; <unknown>:7:75: not well-formed (invalid token),Warning,Review or replace this source URL if it is important.
2026-09-05 00:38:52,Walker & Dunlop Source Expansion,Failed,RSS parsing issue: status=301; <unknown>:2:2016: not well-formed (invalid token),Warning,Review or replace this source URL if it is important.
2026-09-05 00:38:52,Commercial Property Executive,Failed,RSS parsing issue: status=403; <unknown>:2:1326: not well-formed (invalid token),Warning,Review or replace this source URL if it is important.
2026-09-06 00:37:33,Multi-Housing News,Failed,RSS parsing issue: status=403; <unknown>:2:1326: not well-formed (invalid token),Warning,Review or replace this source URL if it is important.
2026-09-06 00:37:33,GlobeSt,Failed,RSS parsing issue: status=403; <unknown>:2:1326: not well-formed (invalid token),Warning,Review or replace this source URL if it is important.
2026-09-06 00:37:33,The Real Deal,Failed,RSS parsing issue: status=403; <unknown>:20:37: not well-formed (invalid token),Warning,Review or replace this source URL if it is important.
2026-09-06 00:37:33,Urban Land Institute,Failed,RSS parsing issue: status=403; <unknown>:2:1326: not well-formed (invalid token),Warning,Review or replace this source URL if it is important.
2026-09-06 00:37:33,NMHC News,Failed,RSS parsing issue: status=200; <unknown>:21:2: mismatched tag,Warning,Review or replace this source URL if it is important.
2026-09-06 00:37:33,Walker & Dunlop Insights,Failed,RSS parsing issue: status=301; <unknown>:2:2016: not well-formed (invalid token),Warning,Review or replace this source URL if it is important.
2026-09-06 00:37:33,Berkadia Research,Failed,RSS parsing issue: status=301; <unknown>:7:75: not well-formed (invalid token),Warning,Review or replace this source URL if it is important.
2026-09-06 00:37:33,Hines Newsroom,Failed,RSS parsing issue: status=403; <unknown>:2:1326: not well-formed (invalid token),Warning,Review or replace this source URL if it is important.
2026-09-06 00:37:33,Blackstone Real Estate,Failed,RSS parsing issue: status=403; <unknown>:2:1326: not well-formed (invalid token),Warning,Review or replace this source URL if it is important.
2026-09-06 00:37:33,California YIMBY,Failed,RSS parsing issue: <urlopen error [Errno -2] Name or service not known>,Warning,Review or replace this source URL if it is important.
2026-09-06 00:37:33,Connect CRE Charlotte,Failed,RSS parsing issue: status=404; <unknown>:22:51: not well-formed (invalid token),Warning,Review or replace this source URL if it is important.
2026-09-06 00:37:33,Blackstone Real Estate Source Expansion,Failed,RSS parsing issue: status=403; <unknown>:2:1326: not well-formed (invalid token),Warning,Review or replace this source URL if it is important.
2026-09-06 00:37:33,Hines Source Expansion,Failed,RSS parsing issue: status=403; <unknown>:2:1326: not well-formed (invalid token),Warning,Review or replace this source URL if it is important.
2026-09-06 00:37:33,Berkadia Source Expansion,Failed,RSS parsing issue: status=301; <unknown>:7:75: not well-formed (invalid token),Warning,Review or replace this source URL if it is important.
2026-09-06 00:37:33,Walker & Dunlop Source Expansion,Failed,RSS parsing issue: status=301; <unknown>:2:2016: not well-formed (invalid token),Warning,Review or replace this source URL if it is important.
2026-09-06 00:37:33,Commercial Property Executive,Failed,RSS parsing issue: status=403; <unknown>:2:1326: not well-formed (invalid token),Warning,Review or replace this source URL if it is important.
2026-09-07 00:43:58,Multi-Housing News,Failed,RSS parsing issue: status=403; <unknown>:2:1326: not well-formed (invalid token),Warning,Review or replace this source URL if it is important.
2026-09-07 00:43:58,GlobeSt,Failed,RSS parsing issue: status=403; <unknown>:2:1326: not well-formed (invalid token),Warning,Review or replace this source URL if it is important.
2026-09-07 00:43:58,The Real Deal,Failed,RSS parsing issue: status=403; <unknown>:20:37: not well-formed (invalid token),Warning,Review or replace this source URL if it is important.
2026-09-07 00:43:58,Urban Land Institute,Failed,RSS parsing issue: status=403; <unknown>:2:1326: not well-formed (invalid token),Warning,Review or replace this source URL if it is important.
2026-09-07 00:43:58,NMHC News,Failed,RSS parsing issue: status=200; <unknown>:21:2: mismatched tag,Warning,Review or replace this source URL if it is important.
2026-09-07 00:43:58,Walker & Dunlop Insights,Failed,RSS parsing issue: status=301; <unknown>:2:2016: not well-formed (invalid token),Warning,Review or replace this source URL if it is important.
2026-09-07 00:43:58,Berkadia Research,Failed,RSS parsing issue: status=301; <unknown>:7:75: not well-formed (invalid token),Warning,Review or replace this source URL if it is important.
2026-09-07 00:43:58,Hines Newsroom,Failed,RSS parsing issue: status=403; <unknown>:2:1326: not well-formed (invalid token),Warning,Review or replace this source URL if it is important.
2026-09-07 00:43:58,Blackstone Real Estate,Failed,RSS parsing issue: status=403; <unknown>:2:1326: not well-formed (invalid token),Warning,Review or replace this source URL if it is important.
2026-09-07 00:43:58,California YIMBY,Failed,RSS parsing issue: <urlopen error [Errno -2] Name or service not known>,Warning,Review or replace this source URL if it is important.
2026-09-07 00:43:58,Connect CRE Charlotte,Failed,RSS parsing issue: status=404; <unknown>:22:51: not well-formed (invalid token),Warning,Review or replace this source URL if it is important.
2026-09-07 00:43:58,Blackstone Real Estate Source Expansion,Failed,RSS parsing issue: status=403; <unknown>:2:1326: not well-formed (invalid token),Warning,Review or replace this source URL if it is important.
2026-09-07 00:43:58,Hines Source Expansion,Failed,RSS parsing issue: status=403; <unknown>:2:1326: not well-formed (invalid token),Warning,Review or replace this source URL if it is important.
2026-09-07 00:43:58,Berkadia Source Expansion,Failed,RSS parsing issue: status=301; <unknown>:7:75: not well-formed (invalid token),Warning,Review or replace this source URL if it is important.
2026-09-07 00:43:58,Walker & Dunlop Source Expansion,Failed,RSS parsing issue: status=301; <unknown>:2:2016: not well-formed (invalid token),Warning,Review or replace this source URL if it is important.
2026-09-07 00:43:58,Commercial Property Executive,Failed,RSS parsing issue: status=403; <unknown>:2:1326: not well-formed (invalid token),Warning,Review or replace this source URL if it is important.
2026-09-08 00:56:31,Multi-Housing News,Failed,RSS parsing issue: status=403; <unknown>:2:1326: not well-formed (invalid token),Warning,Review or replace this source URL if it is important.
2026-09-08 00:56:31,GlobeSt,Failed,RSS parsing issue: status=403; <unknown>:2:1326: not well-formed (invalid token),Warning,Review or replace this source URL if it is important.
2026-09-08 00:56:31,The Real Deal,Failed,RSS parsing issue: status=403; <unknown>:20:37: not well-formed (invalid token),Warning,Review or replace this source URL if it is important.
2026-09-08 00:56:31,Urban Land Institute,Failed,RSS parsing issue: status=403; <unknown>:2:1326: not well-formed (invalid token),Warning,Review or replace this source URL if it is important.
2026-09-08 00:56:31,NMHC News,Failed,RSS parsing issue: status=200; <unknown>:21:2: mismatched tag,Warning,Review or replace this source URL if it is important.
2026-09-08 00:56:31,Walker & Dunlop Insights,Failed,RSS parsing issue: status=301; <unknown>:2:2016: not well-formed (invalid token),Warning,Review or replace this source URL if it is important.
2026-09-08 00:56:31,Berkadia Research,Failed,RSS parsing issue: status=301; <unknown>:7:75: not well-formed (invalid token),Warning,Review or replace this source URL if it is important.
2026-09-08 00:56:31,Hines Newsroom,Failed,RSS parsing issue: status=403; <unknown>:2:1326: not well-formed (invalid token),Warning,Review or replace this source URL if it is important.
2026-09-08 00:56:31,Blackstone Real Estate,Failed,RSS parsing issue: status=403; <unknown>:2:1326: not well-formed (invalid token),Warning,Review or replace this source URL if it is important.
2026-09-08 00:56:31,California YIMBY,Failed,RSS parsing issue: <urlopen error [Errno -2] Name or service not known>,Warning,Review or replace this source URL if it is important.
2026-09-08 00:56:31,Connect CRE Charlotte,Failed,RSS parsing issue: status=404; <unknown>:22:51: not well-formed (invalid token),Warning,Review or replace this source URL if it is important.
2026-09-08 00:56:31,Blackstone Real Estate Source Expansion,Failed,RSS parsing issue: status=403; <unknown>:2:1326: not well-formed (invalid token),Warning,Review or replace this source URL if it is important.
2026-09-08 00:56:31,Hines Source Expansion,Failed,RSS parsing issue: status=403; <unknown>:2:1326: not well-formed (invalid token),Warning,Review or replace this source URL if it is important.
2026-09-08 00:56:31,Berkadia Source Expansion,Failed,RSS parsing issue: status=301; <unknown>:7:75: not well-formed (invalid token),Warning,Review or replace this source URL if it is important.
2026-09-08 00:56:31,Walker & Dunlop Source Expansion,Failed,RSS parsing issue: status=301; <unknown>:2:2016: not well-formed (invalid token),Warning,Review or replace this source URL if it is important.
2026-09-08 00:56:31,Commercial Property Executive,Failed,RSS parsing issue: status=403; <unknown>:2:1326: not well-formed (invalid token),Warning,Review or replace this source URL if it is important.
2026-09-09 01:04:59,Multi-Housing News,Failed,RSS parsing issue: status=403; <unknown>:2:1326: not well-formed (invalid token),Warning,Review or replace this source URL if it is important.
2026-09-09 01:04:59,GlobeSt,Failed,RSS parsing issue: status=403; <unknown>:2:1326: not well-formed (invalid token),Warning,Review or replace this source URL if it is important.
2026-09-09 01:04:59,The Real Deal,Failed,RSS parsing issue: status=403; <unknown>:20:37: not well-formed (invalid token),Warning,Review or replace this source URL if it is important.
2026-09-09 01:04:59,Urban Land Institute,Failed,RSS parsing issue: status=403; <unknown>:2:1326: not well-formed (invalid token),Warning,Review or replace this source URL if it is important.
2026-09-09 01:04:59,NMHC News,Failed,RSS parsing issue: status=200; <unknown>:21:2: mismatched tag,Warning,Review or replace this source URL if it is important.
2026-09-09 01:04:59,Walker & Dunlop Insights,Failed,RSS parsing issue: status=301; <unknown>:2:2016: not well-formed (invalid token),Warning,Review or replace this source URL if it is important.
2026-09-09 01:04:59,Berkadia Research,Failed,RSS parsing issue: status=301; <unknown>:7:75: not well-formed (invalid token),Warning,Review or replace this source URL if it is important.
2026-09-09 01:04:59,Hines Newsroom,Failed,RSS parsing issue: status=403; <unknown>:2:1326: not well-formed (invalid token),Warning,Review or replace this source URL if it is important.
2026-09-09 01:04:59,Blackstone Real Estate,Failed,RSS parsing issue: status=403; <unknown>:2:1326: not well-formed (invalid token),Warning,Review or replace this source URL if it is important.
2026-09-09 01:04:59,California YIMBY,Failed,RSS parsing issue: <urlopen error [Errno -2] Name or service not known>,Warning,Review or replace this source URL if it is important.
2026-09-09 01:04:59,Connect CRE Charlotte,Failed,RSS parsing issue: status=404; <unknown>:22:51: not well-formed (invalid token),Warning,Review or replace this source URL if it is important.
2026-09-09 01:04:59,Blackstone Real Estate Source Expansion,Failed,RSS parsing issue: status=403; <unknown>:2:1326: not well-formed (invalid token),Warning,Review or replace this source URL if it is important.
2026-09-09 01:04:59,Hines Source Expansion,Failed,RSS parsing issue: status=403; <unknown>:2:1326: not well-formed (invalid token),Warning,Review or replace this source URL if it is important.
2026-09-09 01:04:59,Berkadia Source Expansion,Failed,RSS parsing issue: status=301; <unknown>:7:75: not well-formed (invalid token),Warning,Review or replace this source URL if it is important.
2026-09-09 01:04:59,Walker & Dunlop Source Expansion,Failed,RSS parsing issue: status=301; <unknown>:2:2016: not well-formed (invalid token),Warning,Review or replace this source URL if it is important.
2026-09-09 01:04:59,Commercial Property Executive,Failed,RSS parsing issue: status=403; <unknown>:2:1326: not well-formed (invalid token),Warning,Review or replace this source URL if it is important.
2026-09-10 00:53:36,Multi-Housing News,Failed,RSS parsing issue: status=403; <unknown>:2:1326: not well-formed (invalid token),Warning,Review or replace this source URL if it is important.
2026-09-10 00:53:36,GlobeSt,Failed,RSS parsing issue: status=403; <unknown>:2:1326: not well-formed (invalid token),Warning,Review or replace this source URL if it is important.
2026-09-10 00:53:36,The Real Deal,Failed,RSS parsing issue: status=403; <unknown>:20:37: not well-formed (invalid token),Warning,Review or replace this source URL if it is important.
2026-09-10 00:53:36,Urban Land Institute,Failed,RSS parsing issue: status=403; <unknown>:2:1326: not well-formed (invalid token),Warning,Review or replace this source URL if it is important.
2026-09-10 00:53:36,NMHC News,Failed,RSS parsing issue: status=200; <unknown>:21:2: mismatched tag,Warning,Review or replace this source URL if it is important.
2026-09-10 00:53:36,Walker & Dunlop Insights,Failed,RSS parsing issue: status=301; <unknown>:2:2016: not well-formed (invalid token),Warning,Review or replace this source URL if it is important.
2026-09-10 00:53:36,Berkadia Research,Failed,RSS parsing issue: status=301; <unknown>:7:75: not well-formed (invalid token),Warning,Review or replace this source URL if it is important.
2026-09-10 00:53:36,Hines Newsroom,Failed,RSS parsing issue: status=403; <unknown>:2:1326: not well-formed (invalid token),Warning,Review or replace this source URL if it is important.
2026-09-10 00:53:36,Blackstone Real Estate,Failed,RSS parsing issue: status=403; <unknown>:2:1326: not well-formed (invalid token),Warning,Review or replace this source URL if it is important.
2026-09-10 00:53:36,California YIMBY,Failed,RSS parsing issue: <urlopen error [Errno -2] Name or service not known>,Warning,Review or replace this source URL if it is important.
2026-09-10 00:53:36,Connect CRE Charlotte,Failed,RSS parsing issue: status=404; <unknown>:22:51: not well-formed (invalid token),Warning,Review or replace this source URL if it is important.
2026-09-10 00:53:36,Blackstone Real Estate Source Expansion,Failed,RSS parsing issue: status=403; <unknown>:2:1326: not well-formed (invalid token),Warning,Review or replace this source URL if it is important.
2026-09-10 00:53:36,Hines Source Expansion,Failed,RSS parsing issue: status=403; <unknown>:2:1326: not well-formed (invalid token),Warning,Review or replace this source URL if it is important.
2026-09-10 00:53:36,Berkadia Source Expansion,Failed,RSS parsing issue: status=301; <unknown>:7:75: not well-formed (invalid token),Warning,Review or replace this source URL if it is important.
2026-09-10 00:53:36,Walker & Dunlop Source Expansion,Failed,RSS parsing issue: status=301; <unknown>:2:2016: not well-formed (invalid token),Warning,Review or replace this source URL if it is important.
2026-09-10 00:53:36,Commercial Property Executive,Failed,RSS parsing issue: status=403; <unknown>:2:1326: not well-formed (invalid token),Warning,Review or replace this source URL if it is important.
2026-09-11 00:51:21,Multi-Housing News,Failed,RSS parsing issue: status=403; <unknown>:2:1326: not well-formed (invalid token),Warning,Review or replace this source URL if it is important.
2026-09-11 00:51:21,GlobeSt,Failed,RSS parsing issue: status=403; <unknown>:2:1326: not well-formed (invalid token),Warning,Review or replace this source URL if it is important.
2026-09-11 00:51:21,The Real Deal,Failed,RSS parsing issue: status=403; <unknown>:20:37: not well-formed (invalid token),Warning,Review or replace this source URL if it is important.
2026-09-11 00:51:21,Urban Land Institute,Failed,RSS parsing issue: status=403; <unknown>:2:1326: not well-formed (invalid token),Warning,Review or replace this source URL if it is important.
2026-09-11 00:51:21,NMHC News,Failed,RSS parsing issue: status=200; <unknown>:21:2: mismatched tag,Warning,Review or replace this source URL if it is important.
2026-09-11 00:51:21,Walker & Dunlop Insights,Failed,RSS parsing issue: status=301; <unknown>:2:2016: not well-formed (invalid token),Warning,Review or replace this source URL if it is important.
2026-09-11 00:51:21,Berkadia Research,Failed,RSS parsing issue: status=301; <unknown>:7:75: not well-formed (invalid token),Warning,Review or replace this source URL if it is important.
2026-09-11 00:51:21,Hines Newsroom,Failed,RSS parsing issue: status=403; <unknown>:2:1326: not well-formed (invalid token),Warning,Review or replace this source URL if it is important.
2026-09-11 00:51:21,Blackstone Real Estate,Failed,RSS parsing issue: status=403; <unknown>:2:1326: not well-formed (invalid token),Warning,Review or replace this source URL if it is important.
2026-09-11 00:51:21,California YIMBY,Failed,RSS parsing issue: <urlopen error [Errno -2] Name or service not known>,Warning,Review or replace this source URL if it is important.
2026-09-11 00:51:21,Connect CRE Charlotte,Failed,RSS parsing issue: status=404; <unknown>:22:51: not well-formed (invalid token),Warning,Review or replace this source URL if it is important.
2026-09-11 00:51:21,Blackstone Real Estate Source Expansion,Failed,RSS parsing issue: status=403; <unknown>:2:1326: not well-formed (invalid token),Warning,Review or replace this source URL if it is important.
2026-09-11 00:51:21,Hines Source Expansion,Failed,RSS parsing issue: status=403; <unknown>:2:1326: not well-formed (invalid token),Warning,Review or replace this source URL if it is important.
2026-09-11 00:51:21,Berkadia Source Expansion,Failed,RSS parsing issue: status=301; <unknown>:7:75: not well-formed (invalid token),Warning,Review or replace this source URL if it is important.
2026-09-11 00:51:21,Walker & Dunlop Source Expansion,Failed,RSS parsing issue: status=301; <unknown>:2:2016: not well-formed (invalid token),Warning,Review or replace this source URL if it is important.
2026-09-11 00:51:21,Commercial Property Executive,Failed,RSS parsing issue: status=403; <unknown>:2:1326: not well-formed (invalid token),Warning,Review or replace this source URL if it is important.
2026-09-12 00:56:35,Multi-Housing News,Failed,RSS parsing issue: status=403; <unknown>:2:1326: not well-formed (invalid token),Warning,Review or replace this source URL if it is important.
2026-09-12 00:56:35,GlobeSt,Failed,RSS parsing issue: status=403; <unknown>:2:1326: not well-formed (invalid token),Warning,Review or replace this source URL if it is important.
2026-09-12 00:56:35,The Real Deal,Failed,RSS parsing issue: status=403; <unknown>:20:37: not well-formed (invalid token),Warning,Review or replace this source URL if it is important.
2026-09-12 00:56:35,Urban Land Institute,Failed,RSS parsing issue: status=403; <unknown>:2:1326: not well-formed (invalid token),Warning,Review or replace this source URL if it is important.
2026-09-12 00:56:35,NMHC News,Failed,RSS parsing issue: status=200; <unknown>:21:2: mismatched tag,Warning,Review or replace this source URL if it is important.
2026-09-12 00:56:35,Walker & Dunlop Insights,Failed,RSS parsing issue: status=301; <unknown>:2:2016: not well-formed (invalid token),Warning,Review or replace this source URL if it is important.
2026-09-12 00:56:35,Berkadia Research,Failed,RSS parsing issue: status=301; <unknown>:7:75: not well-formed (invalid token),Warning,Review or replace this source URL if it is important.
2026-09-12 00:56:35,Hines Newsroom,Failed,RSS parsing issue: status=403; <unknown>:2:1326: not well-formed (invalid token),Warning,Review or replace this source URL if it is important.
2026-09-12 00:56:35,Blackstone Real Estate,Failed,RSS parsing issue: status=403; <unknown>:2:1326: not well-formed (invalid token),Warning,Review or replace this source URL if it is important.
2026-09-12 00:56:35,California YIMBY,Failed,RSS parsing issue: <urlopen error [Errno -2] Name or service not known>,Warning,Review or replace this source URL if it is important.
2026-09-12 00:56:35,Connect CRE Charlotte,Failed,RSS parsing issue: status=404; <unknown>:22:51: not well-formed (invalid token),Warning,Review or replace this source URL if it is important.
2026-09-12 00:56:35,Blackstone Real Estate Source Expansion,Failed,RSS parsing issue: status=403; <unknown>:2:1326: not well-formed (invalid token),Warning,Review or replace this source URL if it is important.
2026-09-12 00:56:35,Hines Source Expansion,Failed,RSS parsing issue: status=403; <unknown>:2:1326: not well-formed (invalid token),Warning,Review or replace this source URL if it is important.
2026-09-12 00:56:35,Berkadia Source Expansion,Failed,RSS parsing issue: status=301; <unknown>:7:75: not well-formed (invalid token),Warning,Review or replace this source URL if it is important.
2026-09-12 00:56:35,Walker & Dunlop Source Expansion,Failed,RSS parsing issue: status=301; <unknown>:2:2016: not well-formed (invalid token),Warning,Review or replace this source URL if it is important.
2026-09-12 00:56:35,Commercial Property Executive,Failed,RSS parsing issue: status=403; <unknown>:2:1326: not well-formed (invalid token),Warning,Review or replace this source URL if it is important.
2026-09-13 00:39:01,Multi-Housing News,Failed,RSS parsing issue: status=403; <unknown>:2:1326: not well-formed (invalid token),Warning,Review or replace this source URL if it is important.
2026-09-13 00:39:01,GlobeSt,Failed,RSS parsing issue: status=403; <unknown>:2:1326: not well-formed (invalid token),Warning,Review or replace this source URL if it is important.
2026-09-13 00:39:01,The Real Deal,Failed,RSS parsing issue: status=403; <unknown>:20:37: not well-formed (invalid token),Warning,Review or replace this source URL if it is important.
2026-09-13 00:39:01,Urban Land Institute,Failed,RSS parsing issue: status=403; <unknown>:2:1326: not well-formed (invalid token),Warning,Review or replace this source URL if it is important.
2026-09-13 00:39:01,NMHC News,Failed,RSS parsing issue: status=200; <unknown>:21:2: mismatched tag,Warning,Review or replace this source URL if it is important.
2026-09-13 00:39:01,Walker & Dunlop Insights,Failed,RSS parsing issue: status=301; <unknown>:2:2016: not well-formed (invalid token),Warning,Review or replace this source URL if it is important.
2026-09-13 00:39:01,Berkadia Research,Failed,RSS parsing issue: status=301; <unknown>:7:75: not well-formed (invalid token),Warning,Review or replace this source URL if it is important.
2026-09-13 00:39:01,Hines Newsroom,Failed,RSS parsing issue: status=403; <unknown>:2:1326: not well-formed (invalid token),Warning,Review or replace this source URL if it is important.
2026-09-13 00:39:01,Blackstone Real Estate,Failed,RSS parsing issue: status=403; <unknown>:2:1326: not well-formed (invalid token),Warning,Review or replace this source URL if it is important.
2026-09-13 00:39:01,California YIMBY,Failed,RSS parsing issue: <urlopen error [Errno -2] Name or service not known>,Warning,Review or replace this source URL if it is important.
2026-09-13 00:39:01,Connect CRE Charlotte,Failed,RSS parsing issue: status=404; <unknown>:22:51: not well-formed (invalid token),Warning,Review or replace this source URL if it is important.
2026-09-13 00:39:01,Blackstone Real Estate Source Expansion,Failed,RSS parsing issue: status=403; <unknown>:2:1326: not well-formed (invalid token),Warning,Review or replace this source URL if it is important.
2026-09-13 00:39:01,Hines Source Expansion,Failed,RSS parsing issue: status=403; <unknown>:2:1326: not well-formed (invalid token),Warning,Review or replace this source URL if it is important.
2026-09-13 00:39:01,Berkadia Source Expansion,Failed,RSS parsing issue: status=301; <unknown>:7:75: not well-formed (invalid token),Warning,Review or replace this source URL if it is important.
2026-09-13 00:39:01,Walker & Dunlop Source Expansion,Failed,RSS parsing issue: status=301; <unknown>:2:2016: not well-formed (invalid token),Warning,Review or replace this source URL if it is important.
2026-09-13 00:39:01,Commercial Property Executive,Failed,RSS parsing issue: status=403; <unknown>:2:1326: not well-formed (invalid token),Warning,Review or replace this source URL if it is important.
2026-09-14 00:47:32,Multi-Housing News,Failed,RSS parsing issue: status=403; <unknown>:2:1326: not well-formed (invalid token),Warning,Review or replace this source URL if it is important.
2026-09-14 00:47:32,GlobeSt,Failed,RSS parsing issue: status=403; <unknown>:2:1326: not well-formed (invalid token),Warning,Review or replace this source URL if it is important.
2026-09-14 00:47:32,The Real Deal,Failed,RSS parsing issue: status=403; <unknown>:20:37: not well-formed (invalid token),Warning,Review or replace this source URL if it is important.
2026-09-14 00:47:32,Urban Land Institute,Failed,RSS parsing issue: status=403; <unknown>:2:1326: not well-formed (invalid token),Warning,Review or replace this source URL if it is important.
2026-09-14 00:47:32,NMHC News,Failed,RSS parsing issue: status=200; <unknown>:21:2: mismatched tag,Warning,Review or replace this source URL if it is important.
2026-09-14 00:47:32,Walker & Dunlop Insights,Failed,RSS parsing issue: status=301; <unknown>:2:2016: not well-formed (invalid token),Warning,Review or replace this source URL if it is important.
2026-09-14 00:47:32,Berkadia Research,Failed,RSS parsing issue: status=301; <unknown>:7:75: not well-formed (invalid token),Warning,Review or replace this source URL if it is important.
2026-09-14 00:47:32,Hines Newsroom,Failed,RSS parsing issue: status=403; <unknown>:2:1326: not well-formed (invalid token),Warning,Review or replace this source URL if it is important.
2026-09-14 00:47:32,Blackstone Real Estate,Failed,RSS parsing issue: status=403; <unknown>:2:1326: not well-formed (invalid token),Warning,Review or replace this source URL if it is important.
2026-09-14 00:47:32,California YIMBY,Failed,RSS parsing issue: <urlopen error [Errno -2] Name or service not known>,Warning,Review or replace this source URL if it is important.
2026-09-14 00:47:32,Connect CRE Charlotte,Failed,RSS parsing issue: status=404; <unknown>:22:51: not well-formed (invalid token),Warning,Review or replace this source URL if it is important.
2026-09-14 00:47:32,Blackstone Real Estate Source Expansion,Failed,RSS parsing issue: status=403; <unknown>:2:1326: not well-formed (invalid token),Warning,Review or replace this source URL if it is important.
2026-09-14 00:47:32,Hines Source Expansion,Failed,RSS parsing issue: status=403; <unknown>:2:1326: not well-formed (invalid token),Warning,Review or replace this source URL if it is important.
2026-09-14 00:47:32,Berkadia Source Expansion,Failed,RSS parsing issue: status=301; <unknown>:7:75: not well-formed (invalid token),Warning,Review or replace this source URL if it is important.
2026-09-14 00:47:32,Walker & Dunlop Source Expansion,Failed,RSS parsing issue: status=301; <unknown>:2:2016: not well-formed (invalid token),Warning,Review or replace this source URL if it is important.
2026-09-14 00:47:32,Commercial Property Executive,Failed,RSS parsing issue: status=403; <unknown>:2:1326: not well-formed (invalid token),Warning,Review or replace this source URL if it is important.
2026-09-15 01:12:15,Multi-Housing News,Failed,RSS parsing issue: status=403; <unknown>:2:1326: not well-formed (invalid token),Warning,Review or replace this source URL if it is important.
2026-09-15 01:12:15,GlobeSt,Failed,RSS parsing issue: status=403; <unknown>:2:1326: not well-formed (invalid token),Warning,Review or replace this source URL if it is important.
2026-09-15 01:12:15,Urban Land Institute,Failed,RSS parsing issue: status=403; <unknown>:2:1326: not well-formed (invalid token),Warning,Review or replace this source URL if it is important.
2026-09-15 01:12:15,NMHC News,Failed,RSS parsing issue: status=200; <unknown>:21:2: mismatched tag,Warning,Review or replace this source URL if it is important.
2026-09-15 01:12:15,Walker & Dunlop Insights,Failed,RSS parsing issue: status=301; <unknown>:2:2016: not well-formed (invalid token),Warning,Review or replace this source URL if it is important.
2026-09-15 01:12:15,Berkadia Research,Failed,RSS parsing issue: status=301; <unknown>:7:75: not well-formed (invalid token),Warning,Review or replace this source URL if it is important.
2026-09-15 01:12:15,Hines Newsroom,Failed,RSS parsing issue: status=403; <unknown>:2:1326: not well-formed (invalid token),Warning,Review or replace this source URL if it is important.
2026-09-15 01:12:15,Blackstone Real Estate,Failed,RSS parsing issue: status=403; <unknown>:2:1326: not well-formed (invalid token),Warning,Review or replace this source URL if it is important.
2026-09-15 01:12:15,California YIMBY,Failed,RSS parsing issue: <urlopen error [Errno -2] Name or service not known>,Warning,Review or replace this source URL if it is important.
2026-09-15 01:12:15,Connect CRE Charlotte,Failed,RSS parsing issue: status=404; <unknown>:22:51: not well-formed (invalid token),Warning,Review or replace this source URL if it is important.
2026-09-15 01:12:15,Blackstone Real Estate Source Expansion,Failed,RSS parsing issue: status=403; <unknown>:2:1326: not well-formed (invalid token),Warning,Review or replace this source URL if it is important.
2026-09-15 01:12:15,Hines Source Expansion,Failed,RSS parsing issue: status=403; <unknown>:2:1326: not well-formed (invalid token),Warning,Review or replace this source URL if it is important.
2026-09-15 01:12:15,Berkadia Source Expansion,Failed,RSS parsing issue: status=301; <unknown>:7:75: not well-formed (invalid token),Warning,Review or replace this source URL if it is important.
2026-09-15 01:12:15,Walker & Dunlop Source Expansion,Failed,RSS parsing issue: status=301; <unknown>:2:2016: not well-formed (invalid token),Warning,Review or replace this source URL if it is important.
2026-09-15 01:12:15,Commercial Property Executive,Failed,RSS parsing issue: status=403; <unknown>:2:1326: not well-formed (invalid token),Warning,Review or replace this source URL if it is important.
2026-09-16 01:08:28,Multi-Housing News,Failed,RSS parsing issue: status=403; <unknown>:2:1326: not well-formed (invalid token),Warning,Review or replace this source URL if it is important.
2026-09-16 01:08:28,GlobeSt,Failed,RSS parsing issue: status=403; <unknown>:2:1326: not well-formed (invalid token),Warning,Review or replace this source URL if it is important.
2026-09-16 01:08:28,Urban Land Institute,Failed,RSS parsing issue: status=403; <unknown>:2:1326: not well-formed (invalid token),Warning,Review or replace this source URL if it is important.
2026-09-16 01:08:28,NMHC News,Failed,RSS parsing issue: status=200; <unknown>:21:2: mismatched tag,Warning,Review or replace this source URL if it is important.
2026-09-16 01:08:28,Walker & Dunlop Insights,Failed,RSS parsing issue: status=301; <unknown>:2:2016: not well-formed (invalid token),Warning,Review or replace this source URL if it is important.
2026-09-16 01:08:28,Berkadia Research,Failed,RSS parsing issue: status=301; <unknown>:7:75: not well-formed (invalid token),Warning,Review or replace this source URL if it is important.
2026-09-16 01:08:28,Hines Newsroom,Failed,RSS parsing issue: status=403; <unknown>:2:1326: not well-formed (invalid token),Warning,Review or replace this source URL if it is important.
2026-09-16 01:08:28,Blackstone Real Estate,Failed,RSS parsing issue: status=403; <unknown>:2:1326: not well-formed (invalid token),Warning,Review or replace this source URL if it is important.
2026-09-16 01:08:28,California YIMBY,Failed,RSS parsing issue: <urlopen error [Errno -2] Name or service not known>,Warning,Review or replace this source URL if it is important.
2026-09-16 01:08:28,Connect CRE Charlotte,Failed,RSS parsing issue: status=404; <unknown>:22:51: not well-formed (invalid token),Warning,Review or replace this source URL if it is important.
2026-09-16 01:08:28,Blackstone Real Estate Source Expansion,Failed,RSS parsing issue: status=403; <unknown>:2:1326: not well-formed (invalid token),Warning,Review or replace this source URL if it is important.
2026-09-16 01:08:28,Hines Source Expansion,Failed,RSS parsing issue: status=403; <unknown>:2:1326: not well-formed (invalid token),Warning,Review or replace this source URL if it is important.
2026-09-16 01:08:28,Berkadia Source Expansion,Failed,RSS parsing issue: status=301; <unknown>:7:75: not well-formed (invalid token),Warning,Review or replace this source URL if it is important.
2026-09-16 01:08:28,Walker & Dunlop Source Expansion,Failed,RSS parsing issue: status=301; <unknown>:2:2016: not well-formed (invalid token),Warning,Review or replace this source URL if it is important.
2026-09-16 01:08:28,Commercial Property Executive,Failed,RSS parsing issue: status=403; <unknown>:2:1326: not well-formed (invalid token),Warning,Review or replace this source URL if it is important.
2026-09-17 01:06:52,Multi-Housing News,Failed,RSS parsing issue: status=403; <unknown>:2:1326: not well-formed (invalid token),Warning,Review or replace this source URL if it is important.
2026-09-17 01:06:52,GlobeSt,Failed,RSS parsing issue: status=403; <unknown>:2:1326: not well-formed (invalid token),Warning,Review or replace this source URL if it is important.
2026-09-17 01:06:52,Urban Land Institute,Failed,RSS parsing issue: status=403; <unknown>:2:1326: not well-formed (invalid token),Warning,Review or replace this source URL if it is important.
2026-09-17 01:06:52,NMHC News,Failed,RSS parsing issue: status=200; <unknown>:21:2: mismatched tag,Warning,Review or replace this source URL if it is important.
2026-09-17 01:06:52,Walker & Dunlop Insights,Failed,RSS parsing issue: status=301; <unknown>:2:2016: not well-formed (invalid token),Warning,Review or replace this source URL if it is important.
2026-09-17 01:06:52,Berkadia Research,Failed,RSS parsing issue: status=301; <unknown>:7:75: not well-formed (invalid token),Warning,Review or replace this source URL if it is important.
2026-09-17 01:06:52,Hines Newsroom,Failed,RSS parsing issue: status=403; <unknown>:2:1326: not well-formed (invalid token),Warning,Review or replace this source URL if it is important.
2026-09-17 01:06:52,Blackstone Real Estate,Failed,RSS parsing issue: status=403; <unknown>:2:1326: not well-formed (invalid token),Warning,Review or replace this source URL if it is important.
2026-09-17 01:06:52,California YIMBY,Failed,RSS parsing issue: <urlopen error [Errno -2] Name or service not known>,Warning,Review or replace this source URL if it is important.
2026-09-17 01:06:52,Connect CRE Charlotte,Failed,RSS parsing issue: status=404; <unknown>:22:51: not well-formed (invalid token),Warning,Review or replace this source URL if it is important.
2026-09-17 01:06:52,Blackstone Real Estate Source Expansion,Failed,RSS parsing issue: status=403; <unknown>:2:1326: not well-formed (invalid token),Warning,Review or replace this source URL if it is important.
2026-09-17 01:06:52,Hines Source Expansion,Failed,RSS parsing issue: status=403; <unknown>:2:1326: not well-formed (invalid token),Warning,Review or replace this source URL if it is important.
2026-09-17 01:06:52,Berkadia Source Expansion,Failed,RSS parsing issue: status=301; <unknown>:7:75: not well-formed (invalid token),Warning,Review or replace this source URL if it is important.
2026-09-17 01:06:52,Walker & Dunlop Source Expansion,Failed,RSS parsing issue: status=301; <unknown>:2:2016: not well-formed (invalid token),Warning,Review or replace this source URL if it is important.
2026-09-17 01:06:52,Commercial Property Executive,Failed,RSS parsing issue: status=403; <unknown>:2:1326: not well-formed (invalid token),Warning,Review or replace this source URL if it is important.
