run_timestamp,component,error_type,error_message,severity,recommended_fix
2026-05-19 02:17:00,Multi-Housing News,Failed,RSS parsing issue,Warning,Review or replace this source URL if it is important.
2026-05-19 02:17:00,GlobeSt,Failed,RSS parsing issue,Warning,Review or replace this source URL if it is important.
2026-05-19 02:17:00,The Real Deal,Failed,RSS parsing issue,Warning,Review or replace this source URL if it is important.
2026-05-19 02:17:00,PERE,Placeholder,Source URL not yet confirmed,Warning,Review or replace this source URL if it is important.
2026-05-19 02:17:00,Urban Land Institute,Failed,RSS parsing issue,Warning,Review or replace this source URL if it is important.
2026-05-19 02:17:00,NMHC News,Failed,RSS parsing issue,Warning,Review or replace this source URL if it is important.
2026-05-19 02:17:00,Freddie Mac Multifamily,Placeholder,Source URL not yet confirmed,Warning,Review or replace this source URL if it is important.
2026-05-19 02:17:00,Fannie Mae Multifamily,Placeholder,Source URL not yet confirmed,Warning,Review or replace this source URL if it is important.
2026-05-19 02:17:00,MBA Commercial / Multifamily,Placeholder,Source URL not yet confirmed,Warning,Review or replace this source URL if it is important.
2026-05-19 02:17:00,Walker & Dunlop Insights,Failed,RSS parsing issue,Warning,Review or replace this source URL if it is important.
2026-05-19 02:17:00,Berkadia Research,Failed,RSS parsing issue,Warning,Review or replace this source URL if it is important.
2026-05-19 02:17:00,CBRE Multifamily / Living Sector,Placeholder,Source URL not yet confirmed,Warning,Review or replace this source URL if it is important.
2026-05-19 02:17:00,JLL Living / Multifamily,Placeholder,Source URL not yet confirmed,Warning,Review or replace this source URL if it is important.
2026-05-19 02:17:00,Cushman & Wakefield Multifamily,Placeholder,Source URL not yet confirmed,Warning,Review or replace this source URL if it is important.
2026-05-19 02:17:00,Marcus & Millichap Research,Placeholder,Source URL not yet confirmed,Warning,Review or replace this source URL if it is important.
2026-05-19 02:17:00,Greystar Newsroom,Placeholder,Source URL not yet confirmed,Warning,Review or replace this source URL if it is important.
2026-05-19 02:17:00,Kennedy Wilson Newsroom,Placeholder,Source URL not yet confirmed,Warning,Review or replace this source URL if it is important.
2026-05-19 02:17:00,Related Companies Newsroom,Placeholder,Source URL not yet confirmed,Warning,Review or replace this source URL if it is important.
2026-05-19 02:17:00,Related California Newsroom,Placeholder,Source URL not yet confirmed,Warning,Review or replace this source URL if it is important.
2026-05-19 02:17:00,Hines Newsroom,Failed,RSS parsing issue,Warning,Review or replace this source URL if it is important.
2026-05-19 02:17:00,Mill Creek Residential Newsroom,Placeholder,Source URL not yet confirmed,Warning,Review or replace this source URL if it is important.
2026-05-19 02:17:00,Trammell Crow Residential Newsroom,Placeholder,Source URL not yet confirmed,Warning,Review or replace this source URL if it is important.
2026-05-19 02:17:00,Toll Brothers Apartment Living Newsroom,Placeholder,Source URL not yet confirmed,Warning,Review or replace this source URL if it is important.
2026-05-19 02:17:00,Crescent Communities Newsroom,Placeholder,Source URL not yet confirmed,Warning,Review or replace this source URL if it is important.
2026-05-19 02:17:00,AvalonBay Newsroom,Placeholder,Source URL not yet confirmed,Warning,Review or replace this source URL if it is important.
2026-05-19 02:17:00,Essex Property Trust Newsroom,Placeholder,Source URL not yet confirmed,Warning,Review or replace this source URL if it is important.
2026-05-19 02:17:00,Camden Property Trust Newsroom,Placeholder,Source URL not yet confirmed,Warning,Review or replace this source URL if it is important.
2026-05-19 02:17:00,UDR Newsroom,Placeholder,Source URL not yet confirmed,Warning,Review or replace this source URL if it is important.
2026-05-19 02:17:00,MAA Newsroom,Placeholder,Source URL not yet confirmed,Warning,Review or replace this source URL if it is important.
2026-05-19 02:17:00,Equity Residential Newsroom,Placeholder,Source URL not yet confirmed,Warning,Review or replace this source URL if it is important.
2026-05-19 02:17:00,Brookfield Real Estate,Placeholder,Source URL not yet confirmed,Warning,Review or replace this source URL if it is important.
2026-05-19 02:17:00,LA Business Journal,Placeholder,Source URL not yet confirmed,Warning,Review or replace this source URL if it is important.
2026-05-19 02:17:00,Los Angeles City Planning,Placeholder,Source URL not yet confirmed,Warning,Review or replace this source URL if it is important.
2026-05-19 02:17:00,California HCD,Placeholder,Source URL not yet confirmed,Warning,Review or replace this source URL if it is important.
2026-05-19 02:17:00,California YIMBY,Failed,RSS parsing issue,Warning,Review or replace this source URL if it is important.
2026-05-19 02:17:00,Urbanize California,Placeholder,Source URL not yet confirmed,Warning,Review or replace this source URL if it is important.
2026-05-19 02:17:00,CRE Daily,Placeholder,Source URL not yet confirmed,Warning,Review or replace this source URL if it is important.
2026-05-19 02:17:00,Institutional Property Advisors,Placeholder,Source URL not yet confirmed,Warning,Review or replace this source URL if it is important.
2026-05-19 02:17:00,JLL Newsroom,Placeholder,Source URL not yet confirmed,Warning,Review or replace this source URL if it is important.
2026-05-19 02:17:00,CBRE Newsroom,Placeholder,Source URL not yet confirmed,Warning,Review or replace this source URL if it is important.
2026-05-19 02:17:00,Cushman & Wakefield Newsroom,Placeholder,Source URL not yet confirmed,Warning,Review or replace this source URL if it is important.
2026-05-19 02:17:00,Marcus & Millichap Newsroom,Placeholder,Source URL not yet confirmed,Warning,Review or replace this source URL if it is important.
2026-05-19 02:17:00,Dallas Business Journal,Placeholder,Source URL not yet confirmed,Warning,Review or replace this source URL if it is important.
2026-05-19 02:17:00,Austin Business Journal,Placeholder,Source URL not yet confirmed,Warning,Review or replace this source URL if it is important.
2026-05-19 02:17:00,South Florida Business Journal,Placeholder,Source URL not yet confirmed,Warning,Review or replace this source URL if it is important.
2026-05-19 02:17:00,Phoenix Business Journal,Placeholder,Source URL not yet confirmed,Warning,Review or replace this source URL if it is important.
2026-05-19 02:17:00,Atlanta Business Chronicle,Placeholder,Source URL not yet confirmed,Warning,Review or replace this source URL if it is important.
2026-05-19 02:17:00,Charlotte Business Journal,Placeholder,Source URL not yet confirmed,Warning,Review or replace this source URL if it is important.
2026-05-19 02:17:00,Los Angeles Business Journal,Placeholder,Source URL not yet confirmed,Warning,Review or replace this source URL if it is important.
2026-05-19 02:17:00,San Francisco Business Times,Placeholder,Source URL not yet confirmed,Warning,Review or replace this source URL if it is important.
2026-05-19 02:17:00,Orange County Business Journal,Placeholder,Source URL not yet confirmed,Warning,Review or replace this source URL if it is important.
2026-05-19 02:17:00,Denver Business Journal,Placeholder,Source URL not yet confirmed,Warning,Review or replace this source URL if it is important.
2026-05-19 02:17:00,Nashville Business Journal,Placeholder,Source URL not yet confirmed,Warning,Review or replace this source URL if it is important.
2026-05-19 02:17:00,Greystar Source Expansion,Placeholder,Source URL not yet confirmed,Warning,Review or replace this source URL if it is important.
2026-05-19 02:17:00,Mill Creek Residential Source Expansion,Placeholder,Source URL not yet confirmed,Warning,Review or replace this source URL if it is important.
2026-05-19 02:17:00,Trammell Crow Residential Source Expansion,Placeholder,Source URL not yet confirmed,Warning,Review or replace this source URL if it is important.
2026-05-19 02:17:00,Lincoln Property Company Source Expansion,Placeholder,Source URL not yet confirmed,Warning,Review or replace this source URL if it is important.
2026-05-19 02:17:00,Fairfield Residential Source Expansion,Placeholder,Source URL not yet confirmed,Warning,Review or replace this source URL if it is important.
2026-05-19 02:17:00,Alliance Residential Source Expansion,Placeholder,Source URL not yet confirmed,Warning,Review or replace this source URL if it is important.
2026-05-19 02:17:00,Wood Partners Source Expansion,Placeholder,Source URL not yet confirmed,Warning,Review or replace this source URL if it is important.
2026-05-19 02:17:00,Hanover Company Source Expansion,Placeholder,Source URL not yet confirmed,Warning,Review or replace this source URL if it is important.
2026-05-19 02:17:00,Holland Partner Group Source Expansion,Placeholder,Source URL not yet confirmed,Warning,Review or replace this source URL if it is important.
2026-05-19 02:17:00,JPI Source Expansion,Placeholder,Source URL not yet confirmed,Warning,Review or replace this source URL if it is important.
2026-05-19 02:17:00,Kairoi Residential Source Expansion,Placeholder,Source URL not yet confirmed,Warning,Review or replace this source URL if it is important.
2026-05-19 02:17:00,AMLI Residential Source Expansion,Placeholder,Source URL not yet confirmed,Warning,Review or replace this source URL if it is important.
2026-05-19 02:17:00,Quarterra Source Expansion,Placeholder,Source URL not yet confirmed,Warning,Review or replace this source URL if it is important.
2026-05-19 02:17:00,Toll Brothers Apartment Living Source Expansion,Placeholder,Source URL not yet confirmed,Warning,Review or replace this source URL if it is important.
2026-05-19 02:17:00,AvalonBay Source Expansion,Placeholder,Source URL not yet confirmed,Warning,Review or replace this source URL if it is important.
2026-05-19 02:17:00,Camden Property Trust Source Expansion,Placeholder,Source URL not yet confirmed,Warning,Review or replace this source URL if it is important.
2026-05-19 02:17:00,MAA Source Expansion,Placeholder,Source URL not yet confirmed,Warning,Review or replace this source URL if it is important.
2026-05-19 02:17:00,UDR Source Expansion,Placeholder,Source URL not yet confirmed,Warning,Review or replace this source URL if it is important.
2026-05-19 02:17:00,Equity Residential Source Expansion,Placeholder,Source URL not yet confirmed,Warning,Review or replace this source URL if it is important.
2026-05-19 02:17:00,Essex Property Trust Source Expansion,Placeholder,Source URL not yet confirmed,Warning,Review or replace this source URL if it is important.
2026-05-19 02:17:00,Brookfield Real Estate Source Expansion,Placeholder,Source URL not yet confirmed,Warning,Review or replace this source URL if it is important.
2026-05-19 02:17:00,Kennedy Wilson Source Expansion,Placeholder,Source URL not yet confirmed,Warning,Review or replace this source URL if it is important.
2026-05-19 02:17:00,Hines Source Expansion,Failed,RSS parsing issue,Warning,Review or replace this source URL if it is important.
2026-05-19 02:17:00,GID Source Expansion,Placeholder,Source URL not yet confirmed,Warning,Review or replace this source URL if it is important.
2026-05-19 02:17:00,Waterton Source Expansion,Placeholder,Source URL not yet confirmed,Warning,Review or replace this source URL if it is important.
2026-05-19 02:17:00,Carmel Partners Source Expansion,Placeholder,Source URL not yet confirmed,Warning,Review or replace this source URL if it is important.
2026-05-19 02:17:00,CIM Group Source Expansion,Placeholder,Source URL not yet confirmed,Warning,Review or replace this source URL if it is important.
2026-05-19 02:17:00,LivCor Source Expansion,Placeholder,Source URL not yet confirmed,Warning,Review or replace this source URL if it is important.
2026-05-19 02:17:00,BGO Source Expansion,Placeholder,Source URL not yet confirmed,Warning,Review or replace this source URL if it is important.
2026-05-19 02:17:00,Harbor Group International Source Expansion,Placeholder,Source URL not yet confirmed,Warning,Review or replace this source URL if it is important.
2026-05-19 02:17:00,Starwood Capital Source Expansion,Placeholder,Source URL not yet confirmed,Warning,Review or replace this source URL if it is important.
2026-05-19 02:17:00,PGIM Real Estate Source Expansion,Placeholder,Source URL not yet confirmed,Warning,Review or replace this source URL if it is important.
2026-05-19 02:17:00,Nuveen Real Estate Source Expansion,Placeholder,Source URL not yet confirmed,Warning,Review or replace this source URL if it is important.
2026-05-19 02:17:00,KKR Real Estate Source Expansion,Placeholder,Source URL not yet confirmed,Warning,Review or replace this source URL if it is important.
2026-05-19 02:17:00,Carlyle Real Estate Source Expansion,Placeholder,Source URL not yet confirmed,Warning,Review or replace this source URL if it is important.
2026-05-19 02:17:00,Apollo Real Estate Source Expansion,Placeholder,Source URL not yet confirmed,Warning,Review or replace this source URL if it is important.
2026-05-19 02:17:00,Invitation Homes Source Expansion,Placeholder,Source URL not yet confirmed,Warning,Review or replace this source URL if it is important.
2026-05-19 02:17:00,American Homes 4 Rent Source Expansion,Placeholder,Source URL not yet confirmed,Warning,Review or replace this source URL if it is important.
2026-05-19 02:17:00,Progress Residential Source Expansion,Placeholder,Source URL not yet confirmed,Warning,Review or replace this source URL if it is important.
2026-05-19 02:17:00,Tricon Residential Source Expansion,Placeholder,Source URL not yet confirmed,Warning,Review or replace this source URL if it is important.
2026-05-19 02:17:00,Pretium Source Expansion,Placeholder,Source URL not yet confirmed,Warning,Review or replace this source URL if it is important.
2026-05-19 02:17:00,NexMetro Communities Source Expansion,Placeholder,Source URL not yet confirmed,Warning,Review or replace this source URL if it is important.
2026-05-19 02:17:00,Christopher Todd Communities Source Expansion,Placeholder,Source URL not yet confirmed,Warning,Review or replace this source URL if it is important.
2026-05-19 02:17:00,BB Living Source Expansion,Placeholder,Source URL not yet confirmed,Warning,Review or replace this source URL if it is important.
2026-05-19 02:17:00,AHV Communities Source Expansion,Placeholder,Source URL not yet confirmed,Warning,Review or replace this source URL if it is important.
2026-05-19 02:17:00,Quinn Residences Source Expansion,Placeholder,Source URL not yet confirmed,Warning,Review or replace this source URL if it is important.
2026-05-19 02:17:00,Core Spaces Source Expansion,Placeholder,Source URL not yet confirmed,Warning,Review or replace this source URL if it is important.
2026-05-19 02:17:00,Landmark Properties Source Expansion,Placeholder,Source URL not yet confirmed,Warning,Review or replace this source URL if it is important.
2026-05-19 02:17:00,The Dinerstein Companies Source Expansion,Placeholder,Source URL not yet confirmed,Warning,Review or replace this source URL if it is important.
2026-05-19 02:17:00,LV Collective Source Expansion,Placeholder,Source URL not yet confirmed,Warning,Review or replace this source URL if it is important.
2026-05-19 02:17:00,CA Ventures Source Expansion,Placeholder,Source URL not yet confirmed,Warning,Review or replace this source URL if it is important.
2026-05-19 02:17:00,Gilbane Development Source Expansion,Placeholder,Source URL not yet confirmed,Warning,Review or replace this source URL if it is important.
2026-05-19 02:17:00,Harrison Street Source Expansion,Placeholder,Source URL not yet confirmed,Warning,Review or replace this source URL if it is important.
2026-05-19 02:17:00,Scion Group Source Expansion,Placeholder,Source URL not yet confirmed,Warning,Review or replace this source URL if it is important.
2026-05-19 02:17:00,American Campus Communities Source Expansion,Placeholder,Source URL not yet confirmed,Warning,Review or replace this source URL if it is important.
2026-05-19 02:17:00,Welltower Source Expansion,Placeholder,Source URL not yet confirmed,Warning,Review or replace this source URL if it is important.
2026-05-19 02:17:00,Ventas Source Expansion,Placeholder,Source URL not yet confirmed,Warning,Review or replace this source URL if it is important.
2026-05-19 02:17:00,Brookdale Source Expansion,Placeholder,Source URL not yet confirmed,Warning,Review or replace this source URL if it is important.
2026-05-19 02:17:00,Atria Senior Living Source Expansion,Placeholder,Source URL not yet confirmed,Warning,Review or replace this source URL if it is important.
2026-05-19 02:17:00,Sunrise Senior Living Source Expansion,Placeholder,Source URL not yet confirmed,Warning,Review or replace this source URL if it is important.
2026-05-19 02:17:00,Erickson Senior Living Source Expansion,Placeholder,Source URL not yet confirmed,Warning,Review or replace this source URL if it is important.
2026-05-19 02:17:00,Discovery Senior Living Source Expansion,Placeholder,Source URL not yet confirmed,Warning,Review or replace this source URL if it is important.
2026-05-19 02:17:00,Bridge Investment Group Source Expansion,Placeholder,Source URL not yet confirmed,Warning,Review or replace this source URL if it is important.
2026-05-19 02:17:00,Avenue Development Source Expansion,Placeholder,Source URL not yet confirmed,Warning,Review or replace this source URL if it is important.
2026-05-19 02:17:00,Sparrow Partners Source Expansion,Placeholder,Source URL not yet confirmed,Warning,Review or replace this source URL if it is important.
2026-05-19 02:17:00,Greystone Source Expansion,Placeholder,Source URL not yet confirmed,Warning,Review or replace this source URL if it is important.
2026-05-19 02:17:00,Berkadia Source Expansion,Failed,RSS parsing issue,Warning,Review or replace this source URL if it is important.
2026-05-19 02:17:00,Walker & Dunlop Source Expansion,Failed,RSS parsing issue,Warning,Review or replace this source URL if it is important.
2026-05-19 02:17:00,CBRE Capital Markets Source Expansion,Placeholder,Source URL not yet confirmed,Warning,Review or replace this source URL if it is important.
2026-05-19 02:17:00,JLL Capital Markets Source Expansion,Placeholder,Source URL not yet confirmed,Warning,Review or replace this source URL if it is important.
2026-05-19 02:17:00,Cushman & Wakefield Source Expansion,Placeholder,Source URL not yet confirmed,Warning,Review or replace this source URL if it is important.
2026-05-19 02:17:00,Newmark Source Expansion,Placeholder,Source URL not yet confirmed,Warning,Review or replace this source URL if it is important.
2026-05-19 02:17:00,Eastdil Secured Source Expansion,Placeholder,Source URL not yet confirmed,Warning,Review or replace this source URL if it is important.
2026-05-19 02:17:00,Northmarq Source Expansion,Placeholder,Source URL not yet confirmed,Warning,Review or replace this source URL if it is important.
2026-05-19 02:17:00,Marcus & Millichap Capital Corporation Source Expansion,Placeholder,Source URL not yet confirmed,Warning,Review or replace this source URL if it is important.
2026-05-19 02:17:00,Freddie Mac Multifamily Source Expansion,Placeholder,Source URL not yet confirmed,Warning,Review or replace this source URL if it is important.
2026-05-19 02:17:00,Fannie Mae Multifamily Source Expansion,Placeholder,Source URL not yet confirmed,Warning,Review or replace this source URL if it is important.
2026-05-20 04:06:06,Multi-Housing News,Failed,RSS parsing issue,Warning,Review or replace this source URL if it is important.
2026-05-20 04:06:06,GlobeSt,Failed,RSS parsing issue,Warning,Review or replace this source URL if it is important.
2026-05-20 04:06:06,The Real Deal,Failed,RSS parsing issue,Warning,Review or replace this source URL if it is important.
2026-05-20 04:06:06,PERE,Placeholder,Source URL not yet confirmed,Warning,Review or replace this source URL if it is important.
2026-05-20 04:06:06,Urban Land Institute,Failed,RSS parsing issue,Warning,Review or replace this source URL if it is important.
2026-05-20 04:06:06,NMHC News,Failed,RSS parsing issue,Warning,Review or replace this source URL if it is important.
2026-05-20 04:06:06,Freddie Mac Multifamily,Placeholder,Source URL not yet confirmed,Warning,Review or replace this source URL if it is important.
2026-05-20 04:06:06,Fannie Mae Multifamily,Placeholder,Source URL not yet confirmed,Warning,Review or replace this source URL if it is important.
2026-05-20 04:06:06,MBA Commercial / Multifamily,Placeholder,Source URL not yet confirmed,Warning,Review or replace this source URL if it is important.
2026-05-20 04:06:06,Walker & Dunlop Insights,Failed,RSS parsing issue,Warning,Review or replace this source URL if it is important.
2026-05-20 04:06:06,Berkadia Research,Failed,RSS parsing issue,Warning,Review or replace this source URL if it is important.
2026-05-20 04:06:06,CBRE Multifamily / Living Sector,Placeholder,Source URL not yet confirmed,Warning,Review or replace this source URL if it is important.
2026-05-20 04:06:06,JLL Living / Multifamily,Placeholder,Source URL not yet confirmed,Warning,Review or replace this source URL if it is important.
2026-05-20 04:06:06,Cushman & Wakefield Multifamily,Placeholder,Source URL not yet confirmed,Warning,Review or replace this source URL if it is important.
2026-05-20 04:06:06,Marcus & Millichap Research,Placeholder,Source URL not yet confirmed,Warning,Review or replace this source URL if it is important.
2026-05-20 04:06:06,Greystar Newsroom,Placeholder,Source URL not yet confirmed,Warning,Review or replace this source URL if it is important.
2026-05-20 04:06:06,Kennedy Wilson Newsroom,Placeholder,Source URL not yet confirmed,Warning,Review or replace this source URL if it is important.
2026-05-20 04:06:06,Related Companies Newsroom,Placeholder,Source URL not yet confirmed,Warning,Review or replace this source URL if it is important.
2026-05-20 04:06:06,Related California Newsroom,Placeholder,Source URL not yet confirmed,Warning,Review or replace this source URL if it is important.
2026-05-20 04:06:06,Hines Newsroom,Failed,RSS parsing issue,Warning,Review or replace this source URL if it is important.
2026-05-20 04:06:06,Mill Creek Residential Newsroom,Placeholder,Source URL not yet confirmed,Warning,Review or replace this source URL if it is important.
2026-05-20 04:06:06,Trammell Crow Residential Newsroom,Placeholder,Source URL not yet confirmed,Warning,Review or replace this source URL if it is important.
2026-05-20 04:06:06,Toll Brothers Apartment Living Newsroom,Placeholder,Source URL not yet confirmed,Warning,Review or replace this source URL if it is important.
2026-05-20 04:06:06,Crescent Communities Newsroom,Placeholder,Source URL not yet confirmed,Warning,Review or replace this source URL if it is important.
2026-05-20 04:06:06,AvalonBay Newsroom,Placeholder,Source URL not yet confirmed,Warning,Review or replace this source URL if it is important.
2026-05-20 04:06:06,Essex Property Trust Newsroom,Placeholder,Source URL not yet confirmed,Warning,Review or replace this source URL if it is important.
2026-05-20 04:06:06,Camden Property Trust Newsroom,Placeholder,Source URL not yet confirmed,Warning,Review or replace this source URL if it is important.
2026-05-20 04:06:06,UDR Newsroom,Placeholder,Source URL not yet confirmed,Warning,Review or replace this source URL if it is important.
2026-05-20 04:06:06,MAA Newsroom,Placeholder,Source URL not yet confirmed,Warning,Review or replace this source URL if it is important.
2026-05-20 04:06:06,Equity Residential Newsroom,Placeholder,Source URL not yet confirmed,Warning,Review or replace this source URL if it is important.
2026-05-20 04:06:06,Brookfield Real Estate,Placeholder,Source URL not yet confirmed,Warning,Review or replace this source URL if it is important.
2026-05-20 04:06:06,LA Business Journal,Placeholder,Source URL not yet confirmed,Warning,Review or replace this source URL if it is important.
2026-05-20 04:06:06,Los Angeles City Planning,Placeholder,Source URL not yet confirmed,Warning,Review or replace this source URL if it is important.
2026-05-20 04:06:06,California HCD,Placeholder,Source URL not yet confirmed,Warning,Review or replace this source URL if it is important.
2026-05-20 04:06:06,California YIMBY,Failed,RSS parsing issue,Warning,Review or replace this source URL if it is important.
2026-05-20 04:06:06,Urbanize California,Placeholder,Source URL not yet confirmed,Warning,Review or replace this source URL if it is important.
2026-05-20 04:06:06,CRE Daily,Placeholder,Source URL not yet confirmed,Warning,Review or replace this source URL if it is important.
2026-05-20 04:06:06,Institutional Property Advisors,Placeholder,Source URL not yet confirmed,Warning,Review or replace this source URL if it is important.
2026-05-20 04:06:06,JLL Newsroom,Placeholder,Source URL not yet confirmed,Warning,Review or replace this source URL if it is important.
2026-05-20 04:06:06,CBRE Newsroom,Placeholder,Source URL not yet confirmed,Warning,Review or replace this source URL if it is important.
2026-05-20 04:06:06,Cushman & Wakefield Newsroom,Placeholder,Source URL not yet confirmed,Warning,Review or replace this source URL if it is important.
2026-05-20 04:06:06,Marcus & Millichap Newsroom,Placeholder,Source URL not yet confirmed,Warning,Review or replace this source URL if it is important.
2026-05-20 04:06:06,Dallas Business Journal,Placeholder,Source URL not yet confirmed,Warning,Review or replace this source URL if it is important.
2026-05-20 04:06:06,Austin Business Journal,Placeholder,Source URL not yet confirmed,Warning,Review or replace this source URL if it is important.
2026-05-20 04:06:06,South Florida Business Journal,Placeholder,Source URL not yet confirmed,Warning,Review or replace this source URL if it is important.
2026-05-20 04:06:06,Phoenix Business Journal,Placeholder,Source URL not yet confirmed,Warning,Review or replace this source URL if it is important.
2026-05-20 04:06:06,Atlanta Business Chronicle,Placeholder,Source URL not yet confirmed,Warning,Review or replace this source URL if it is important.
2026-05-20 04:06:06,Charlotte Business Journal,Placeholder,Source URL not yet confirmed,Warning,Review or replace this source URL if it is important.
2026-05-20 04:06:06,Los Angeles Business Journal,Placeholder,Source URL not yet confirmed,Warning,Review or replace this source URL if it is important.
2026-05-20 04:06:06,San Francisco Business Times,Placeholder,Source URL not yet confirmed,Warning,Review or replace this source URL if it is important.
2026-05-20 04:06:06,Orange County Business Journal,Placeholder,Source URL not yet confirmed,Warning,Review or replace this source URL if it is important.
2026-05-20 04:06:06,Denver Business Journal,Placeholder,Source URL not yet confirmed,Warning,Review or replace this source URL if it is important.
2026-05-20 04:06:06,Nashville Business Journal,Placeholder,Source URL not yet confirmed,Warning,Review or replace this source URL if it is important.
2026-05-20 04:06:06,Greystar Source Expansion,Placeholder,Source URL not yet confirmed,Warning,Review or replace this source URL if it is important.
2026-05-20 04:06:06,Mill Creek Residential Source Expansion,Placeholder,Source URL not yet confirmed,Warning,Review or replace this source URL if it is important.
2026-05-20 04:06:06,Trammell Crow Residential Source Expansion,Placeholder,Source URL not yet confirmed,Warning,Review or replace this source URL if it is important.
2026-05-20 04:06:06,Lincoln Property Company Source Expansion,Placeholder,Source URL not yet confirmed,Warning,Review or replace this source URL if it is important.
2026-05-20 04:06:06,Fairfield Residential Source Expansion,Placeholder,Source URL not yet confirmed,Warning,Review or replace this source URL if it is important.
2026-05-20 04:06:06,Alliance Residential Source Expansion,Placeholder,Source URL not yet confirmed,Warning,Review or replace this source URL if it is important.
2026-05-20 04:06:06,Wood Partners Source Expansion,Placeholder,Source URL not yet confirmed,Warning,Review or replace this source URL if it is important.
2026-05-20 04:06:06,Hanover Company Source Expansion,Placeholder,Source URL not yet confirmed,Warning,Review or replace this source URL if it is important.
2026-05-20 04:06:06,Holland Partner Group Source Expansion,Placeholder,Source URL not yet confirmed,Warning,Review or replace this source URL if it is important.
2026-05-20 04:06:06,JPI Source Expansion,Placeholder,Source URL not yet confirmed,Warning,Review or replace this source URL if it is important.
2026-05-20 04:06:06,Kairoi Residential Source Expansion,Placeholder,Source URL not yet confirmed,Warning,Review or replace this source URL if it is important.
2026-05-20 04:06:06,AMLI Residential Source Expansion,Placeholder,Source URL not yet confirmed,Warning,Review or replace this source URL if it is important.
2026-05-20 04:06:06,Quarterra Source Expansion,Placeholder,Source URL not yet confirmed,Warning,Review or replace this source URL if it is important.
2026-05-20 04:06:06,Toll Brothers Apartment Living Source Expansion,Placeholder,Source URL not yet confirmed,Warning,Review or replace this source URL if it is important.
2026-05-20 04:06:06,AvalonBay Source Expansion,Placeholder,Source URL not yet confirmed,Warning,Review or replace this source URL if it is important.
2026-05-20 04:06:06,Camden Property Trust Source Expansion,Placeholder,Source URL not yet confirmed,Warning,Review or replace this source URL if it is important.
2026-05-20 04:06:06,MAA Source Expansion,Placeholder,Source URL not yet confirmed,Warning,Review or replace this source URL if it is important.
2026-05-20 04:06:06,UDR Source Expansion,Placeholder,Source URL not yet confirmed,Warning,Review or replace this source URL if it is important.
2026-05-20 04:06:06,Equity Residential Source Expansion,Placeholder,Source URL not yet confirmed,Warning,Review or replace this source URL if it is important.
2026-05-20 04:06:06,Essex Property Trust Source Expansion,Placeholder,Source URL not yet confirmed,Warning,Review or replace this source URL if it is important.
2026-05-20 04:06:06,Brookfield Real Estate Source Expansion,Placeholder,Source URL not yet confirmed,Warning,Review or replace this source URL if it is important.
2026-05-20 04:06:06,Kennedy Wilson Source Expansion,Placeholder,Source URL not yet confirmed,Warning,Review or replace this source URL if it is important.
2026-05-20 04:06:06,Hines Source Expansion,Failed,RSS parsing issue,Warning,Review or replace this source URL if it is important.
2026-05-20 04:06:06,GID Source Expansion,Placeholder,Source URL not yet confirmed,Warning,Review or replace this source URL if it is important.
2026-05-20 04:06:06,Waterton Source Expansion,Placeholder,Source URL not yet confirmed,Warning,Review or replace this source URL if it is important.
2026-05-20 04:06:06,Carmel Partners Source Expansion,Placeholder,Source URL not yet confirmed,Warning,Review or replace this source URL if it is important.
2026-05-20 04:06:06,CIM Group Source Expansion,Placeholder,Source URL not yet confirmed,Warning,Review or replace this source URL if it is important.
2026-05-20 04:06:06,LivCor Source Expansion,Placeholder,Source URL not yet confirmed,Warning,Review or replace this source URL if it is important.
2026-05-20 04:06:06,BGO Source Expansion,Placeholder,Source URL not yet confirmed,Warning,Review or replace this source URL if it is important.
2026-05-20 04:06:06,Harbor Group International Source Expansion,Placeholder,Source URL not yet confirmed,Warning,Review or replace this source URL if it is important.
2026-05-20 04:06:06,Starwood Capital Source Expansion,Placeholder,Source URL not yet confirmed,Warning,Review or replace this source URL if it is important.
2026-05-20 04:06:06,PGIM Real Estate Source Expansion,Placeholder,Source URL not yet confirmed,Warning,Review or replace this source URL if it is important.
2026-05-20 04:06:06,Nuveen Real Estate Source Expansion,Placeholder,Source URL not yet confirmed,Warning,Review or replace this source URL if it is important.
2026-05-20 04:06:06,KKR Real Estate Source Expansion,Placeholder,Source URL not yet confirmed,Warning,Review or replace this source URL if it is important.
2026-05-20 04:06:06,Carlyle Real Estate Source Expansion,Placeholder,Source URL not yet confirmed,Warning,Review or replace this source URL if it is important.
2026-05-20 04:06:06,Apollo Real Estate Source Expansion,Placeholder,Source URL not yet confirmed,Warning,Review or replace this source URL if it is important.
2026-05-20 04:06:06,Invitation Homes Source Expansion,Placeholder,Source URL not yet confirmed,Warning,Review or replace this source URL if it is important.
2026-05-20 04:06:06,American Homes 4 Rent Source Expansion,Placeholder,Source URL not yet confirmed,Warning,Review or replace this source URL if it is important.
2026-05-20 04:06:06,Progress Residential Source Expansion,Placeholder,Source URL not yet confirmed,Warning,Review or replace this source URL if it is important.
2026-05-20 04:06:06,Tricon Residential Source Expansion,Placeholder,Source URL not yet confirmed,Warning,Review or replace this source URL if it is important.
2026-05-20 04:06:06,Pretium Source Expansion,Placeholder,Source URL not yet confirmed,Warning,Review or replace this source URL if it is important.
2026-05-20 04:06:06,NexMetro Communities Source Expansion,Placeholder,Source URL not yet confirmed,Warning,Review or replace this source URL if it is important.
2026-05-20 04:06:06,Christopher Todd Communities Source Expansion,Placeholder,Source URL not yet confirmed,Warning,Review or replace this source URL if it is important.
2026-05-20 04:06:06,BB Living Source Expansion,Placeholder,Source URL not yet confirmed,Warning,Review or replace this source URL if it is important.
2026-05-20 04:06:06,AHV Communities Source Expansion,Placeholder,Source URL not yet confirmed,Warning,Review or replace this source URL if it is important.
2026-05-20 04:06:06,Quinn Residences Source Expansion,Placeholder,Source URL not yet confirmed,Warning,Review or replace this source URL if it is important.
2026-05-20 04:06:06,Core Spaces Source Expansion,Placeholder,Source URL not yet confirmed,Warning,Review or replace this source URL if it is important.
2026-05-20 04:06:06,Landmark Properties Source Expansion,Placeholder,Source URL not yet confirmed,Warning,Review or replace this source URL if it is important.
2026-05-20 04:06:06,The Dinerstein Companies Source Expansion,Placeholder,Source URL not yet confirmed,Warning,Review or replace this source URL if it is important.
2026-05-20 04:06:06,LV Collective Source Expansion,Placeholder,Source URL not yet confirmed,Warning,Review or replace this source URL if it is important.
2026-05-20 04:06:06,CA Ventures Source Expansion,Placeholder,Source URL not yet confirmed,Warning,Review or replace this source URL if it is important.
2026-05-20 04:06:06,Gilbane Development Source Expansion,Placeholder,Source URL not yet confirmed,Warning,Review or replace this source URL if it is important.
2026-05-20 04:06:06,Harrison Street Source Expansion,Placeholder,Source URL not yet confirmed,Warning,Review or replace this source URL if it is important.
2026-05-20 04:06:06,Scion Group Source Expansion,Placeholder,Source URL not yet confirmed,Warning,Review or replace this source URL if it is important.
2026-05-20 04:06:06,American Campus Communities Source Expansion,Placeholder,Source URL not yet confirmed,Warning,Review or replace this source URL if it is important.
2026-05-20 04:06:06,Welltower Source Expansion,Placeholder,Source URL not yet confirmed,Warning,Review or replace this source URL if it is important.
2026-05-20 04:06:06,Ventas Source Expansion,Placeholder,Source URL not yet confirmed,Warning,Review or replace this source URL if it is important.
2026-05-20 04:06:06,Brookdale Source Expansion,Placeholder,Source URL not yet confirmed,Warning,Review or replace this source URL if it is important.
2026-05-20 04:06:06,Atria Senior Living Source Expansion,Placeholder,Source URL not yet confirmed,Warning,Review or replace this source URL if it is important.
2026-05-20 04:06:06,Sunrise Senior Living Source Expansion,Placeholder,Source URL not yet confirmed,Warning,Review or replace this source URL if it is important.
2026-05-20 04:06:06,Erickson Senior Living Source Expansion,Placeholder,Source URL not yet confirmed,Warning,Review or replace this source URL if it is important.
2026-05-20 04:06:06,Discovery Senior Living Source Expansion,Placeholder,Source URL not yet confirmed,Warning,Review or replace this source URL if it is important.
2026-05-20 04:06:06,Bridge Investment Group Source Expansion,Placeholder,Source URL not yet confirmed,Warning,Review or replace this source URL if it is important.
2026-05-20 04:06:06,Avenue Development Source Expansion,Placeholder,Source URL not yet confirmed,Warning,Review or replace this source URL if it is important.
2026-05-20 04:06:06,Sparrow Partners Source Expansion,Placeholder,Source URL not yet confirmed,Warning,Review or replace this source URL if it is important.
2026-05-20 04:06:06,Greystone Source Expansion,Placeholder,Source URL not yet confirmed,Warning,Review or replace this source URL if it is important.
2026-05-20 04:06:06,Berkadia Source Expansion,Failed,RSS parsing issue,Warning,Review or replace this source URL if it is important.
2026-05-20 04:06:06,Walker & Dunlop Source Expansion,Failed,RSS parsing issue,Warning,Review or replace this source URL if it is important.
2026-05-20 04:06:06,CBRE Capital Markets Source Expansion,Placeholder,Source URL not yet confirmed,Warning,Review or replace this source URL if it is important.
2026-05-20 04:06:06,JLL Capital Markets Source Expansion,Placeholder,Source URL not yet confirmed,Warning,Review or replace this source URL if it is important.
2026-05-20 04:06:06,Cushman & Wakefield Source Expansion,Placeholder,Source URL not yet confirmed,Warning,Review or replace this source URL if it is important.
2026-05-20 04:06:06,Newmark Source Expansion,Placeholder,Source URL not yet confirmed,Warning,Review or replace this source URL if it is important.
2026-05-20 04:06:06,Eastdil Secured Source Expansion,Placeholder,Source URL not yet confirmed,Warning,Review or replace this source URL if it is important.
2026-05-20 04:06:06,Northmarq Source Expansion,Placeholder,Source URL not yet confirmed,Warning,Review or replace this source URL if it is important.
2026-05-20 04:06:06,Marcus & Millichap Capital Corporation Source Expansion,Placeholder,Source URL not yet confirmed,Warning,Review or replace this source URL if it is important.
2026-05-20 04:06:06,Freddie Mac Multifamily Source Expansion,Placeholder,Source URL not yet confirmed,Warning,Review or replace this source URL if it is important.
2026-05-20 04:06:06,Fannie Mae Multifamily Source Expansion,Placeholder,Source URL not yet confirmed,Warning,Review or replace this source URL if it is important.
2026-05-20 05:18:44,Multi-Housing News,Failed,RSS parsing issue,Warning,Review or replace this source URL if it is important.
2026-05-20 05:18:44,GlobeSt,Failed,RSS parsing issue,Warning,Review or replace this source URL if it is important.
2026-05-20 05:18:44,The Real Deal,Failed,RSS parsing issue,Warning,Review or replace this source URL if it is important.
2026-05-20 05:18:44,PERE,Placeholder,Source URL not yet confirmed,Warning,Review or replace this source URL if it is important.
2026-05-20 05:18:44,Urban Land Institute,Failed,RSS parsing issue,Warning,Review or replace this source URL if it is important.
2026-05-20 05:18:44,NMHC News,Failed,RSS parsing issue,Warning,Review or replace this source URL if it is important.
2026-05-20 05:18:44,Freddie Mac Multifamily,Placeholder,Source URL not yet confirmed,Warning,Review or replace this source URL if it is important.
2026-05-20 05:18:44,Fannie Mae Multifamily,Placeholder,Source URL not yet confirmed,Warning,Review or replace this source URL if it is important.
2026-05-20 05:18:44,MBA Commercial / Multifamily,Placeholder,Source URL not yet confirmed,Warning,Review or replace this source URL if it is important.
2026-05-20 05:18:44,Walker & Dunlop Insights,Failed,RSS parsing issue,Warning,Review or replace this source URL if it is important.
2026-05-20 05:18:44,Berkadia Research,Failed,RSS parsing issue,Warning,Review or replace this source URL if it is important.
2026-05-20 05:18:44,CBRE Multifamily / Living Sector,Placeholder,Source URL not yet confirmed,Warning,Review or replace this source URL if it is important.
2026-05-20 05:18:44,JLL Living / Multifamily,Placeholder,Source URL not yet confirmed,Warning,Review or replace this source URL if it is important.
2026-05-20 05:18:44,Cushman & Wakefield Multifamily,Placeholder,Source URL not yet confirmed,Warning,Review or replace this source URL if it is important.
2026-05-20 05:18:44,Marcus & Millichap Research,Placeholder,Source URL not yet confirmed,Warning,Review or replace this source URL if it is important.
2026-05-20 05:18:44,Greystar Newsroom,Placeholder,Source URL not yet confirmed,Warning,Review or replace this source URL if it is important.
2026-05-20 05:18:44,Kennedy Wilson Newsroom,Placeholder,Source URL not yet confirmed,Warning,Review or replace this source URL if it is important.
2026-05-20 05:18:44,Related Companies Newsroom,Placeholder,Source URL not yet confirmed,Warning,Review or replace this source URL if it is important.
2026-05-20 05:18:44,Related California Newsroom,Placeholder,Source URL not yet confirmed,Warning,Review or replace this source URL if it is important.
2026-05-20 05:18:44,Hines Newsroom,Failed,RSS parsing issue,Warning,Review or replace this source URL if it is important.
2026-05-20 05:18:44,Mill Creek Residential Newsroom,Placeholder,Source URL not yet confirmed,Warning,Review or replace this source URL if it is important.
2026-05-20 05:18:44,Trammell Crow Residential Newsroom,Placeholder,Source URL not yet confirmed,Warning,Review or replace this source URL if it is important.
2026-05-20 05:18:44,Toll Brothers Apartment Living Newsroom,Placeholder,Source URL not yet confirmed,Warning,Review or replace this source URL if it is important.
2026-05-20 05:18:44,Crescent Communities Newsroom,Placeholder,Source URL not yet confirmed,Warning,Review or replace this source URL if it is important.
2026-05-20 05:18:44,AvalonBay Newsroom,Placeholder,Source URL not yet confirmed,Warning,Review or replace this source URL if it is important.
2026-05-20 05:18:44,Essex Property Trust Newsroom,Placeholder,Source URL not yet confirmed,Warning,Review or replace this source URL if it is important.
2026-05-20 05:18:44,Camden Property Trust Newsroom,Placeholder,Source URL not yet confirmed,Warning,Review or replace this source URL if it is important.
2026-05-20 05:18:44,UDR Newsroom,Placeholder,Source URL not yet confirmed,Warning,Review or replace this source URL if it is important.
2026-05-20 05:18:44,MAA Newsroom,Placeholder,Source URL not yet confirmed,Warning,Review or replace this source URL if it is important.
2026-05-20 05:18:44,Equity Residential Newsroom,Placeholder,Source URL not yet confirmed,Warning,Review or replace this source URL if it is important.
2026-05-20 05:18:44,Brookfield Real Estate,Placeholder,Source URL not yet confirmed,Warning,Review or replace this source URL if it is important.
2026-05-20 05:18:44,LA Business Journal,Placeholder,Source URL not yet confirmed,Warning,Review or replace this source URL if it is important.
2026-05-20 05:18:44,Los Angeles City Planning,Placeholder,Source URL not yet confirmed,Warning,Review or replace this source URL if it is important.
2026-05-20 05:18:44,California HCD,Placeholder,Source URL not yet confirmed,Warning,Review or replace this source URL if it is important.
2026-05-20 05:18:44,California YIMBY,Failed,RSS parsing issue,Warning,Review or replace this source URL if it is important.
2026-05-20 05:18:44,Urbanize California,Placeholder,Source URL not yet confirmed,Warning,Review or replace this source URL if it is important.
2026-05-20 05:18:44,CRE Daily,Placeholder,Source URL not yet confirmed,Warning,Review or replace this source URL if it is important.
2026-05-20 05:18:44,Institutional Property Advisors,Placeholder,Source URL not yet confirmed,Warning,Review or replace this source URL if it is important.
2026-05-20 05:18:44,JLL Newsroom,Placeholder,Source URL not yet confirmed,Warning,Review or replace this source URL if it is important.
2026-05-20 05:18:44,CBRE Newsroom,Placeholder,Source URL not yet confirmed,Warning,Review or replace this source URL if it is important.
2026-05-20 05:18:44,Cushman & Wakefield Newsroom,Placeholder,Source URL not yet confirmed,Warning,Review or replace this source URL if it is important.
2026-05-20 05:18:44,Marcus & Millichap Newsroom,Placeholder,Source URL not yet confirmed,Warning,Review or replace this source URL if it is important.
2026-05-20 05:18:44,Dallas Business Journal,Placeholder,Source URL not yet confirmed,Warning,Review or replace this source URL if it is important.
2026-05-20 05:18:44,Austin Business Journal,Placeholder,Source URL not yet confirmed,Warning,Review or replace this source URL if it is important.
2026-05-20 05:18:44,South Florida Business Journal,Placeholder,Source URL not yet confirmed,Warning,Review or replace this source URL if it is important.
2026-05-20 05:18:44,Phoenix Business Journal,Placeholder,Source URL not yet confirmed,Warning,Review or replace this source URL if it is important.
2026-05-20 05:18:44,Atlanta Business Chronicle,Placeholder,Source URL not yet confirmed,Warning,Review or replace this source URL if it is important.
2026-05-20 05:18:44,Charlotte Business Journal,Placeholder,Source URL not yet confirmed,Warning,Review or replace this source URL if it is important.
2026-05-20 05:18:44,Los Angeles Business Journal,Placeholder,Source URL not yet confirmed,Warning,Review or replace this source URL if it is important.
2026-05-20 05:18:44,San Francisco Business Times,Placeholder,Source URL not yet confirmed,Warning,Review or replace this source URL if it is important.
2026-05-20 05:18:44,Orange County Business Journal,Placeholder,Source URL not yet confirmed,Warning,Review or replace this source URL if it is important.
2026-05-20 05:18:44,Denver Business Journal,Placeholder,Source URL not yet confirmed,Warning,Review or replace this source URL if it is important.
2026-05-20 05:18:44,Nashville Business Journal,Placeholder,Source URL not yet confirmed,Warning,Review or replace this source URL if it is important.
2026-05-20 05:18:44,Greystar Source Expansion,Placeholder,Source URL not yet confirmed,Warning,Review or replace this source URL if it is important.
2026-05-20 05:18:44,Mill Creek Residential Source Expansion,Placeholder,Source URL not yet confirmed,Warning,Review or replace this source URL if it is important.
2026-05-20 05:18:44,Trammell Crow Residential Source Expansion,Placeholder,Source URL not yet confirmed,Warning,Review or replace this source URL if it is important.
2026-05-20 05:18:44,Lincoln Property Company Source Expansion,Placeholder,Source URL not yet confirmed,Warning,Review or replace this source URL if it is important.
2026-05-20 05:18:44,Fairfield Residential Source Expansion,Placeholder,Source URL not yet confirmed,Warning,Review or replace this source URL if it is important.
2026-05-20 05:18:44,Alliance Residential Source Expansion,Placeholder,Source URL not yet confirmed,Warning,Review or replace this source URL if it is important.
2026-05-20 05:18:44,Wood Partners Source Expansion,Placeholder,Source URL not yet confirmed,Warning,Review or replace this source URL if it is important.
2026-05-20 05:18:44,Hanover Company Source Expansion,Placeholder,Source URL not yet confirmed,Warning,Review or replace this source URL if it is important.
2026-05-20 05:18:44,Holland Partner Group Source Expansion,Placeholder,Source URL not yet confirmed,Warning,Review or replace this source URL if it is important.
2026-05-20 05:18:44,JPI Source Expansion,Placeholder,Source URL not yet confirmed,Warning,Review or replace this source URL if it is important.
2026-05-20 05:18:44,Kairoi Residential Source Expansion,Placeholder,Source URL not yet confirmed,Warning,Review or replace this source URL if it is important.
2026-05-20 05:18:44,AMLI Residential Source Expansion,Placeholder,Source URL not yet confirmed,Warning,Review or replace this source URL if it is important.
2026-05-20 05:18:44,Quarterra Source Expansion,Placeholder,Source URL not yet confirmed,Warning,Review or replace this source URL if it is important.
2026-05-20 05:18:44,Toll Brothers Apartment Living Source Expansion,Placeholder,Source URL not yet confirmed,Warning,Review or replace this source URL if it is important.
2026-05-20 05:18:44,AvalonBay Source Expansion,Placeholder,Source URL not yet confirmed,Warning,Review or replace this source URL if it is important.
2026-05-20 05:18:44,Camden Property Trust Source Expansion,Placeholder,Source URL not yet confirmed,Warning,Review or replace this source URL if it is important.
2026-05-20 05:18:44,MAA Source Expansion,Placeholder,Source URL not yet confirmed,Warning,Review or replace this source URL if it is important.
2026-05-20 05:18:44,UDR Source Expansion,Placeholder,Source URL not yet confirmed,Warning,Review or replace this source URL if it is important.
2026-05-20 05:18:44,Equity Residential Source Expansion,Placeholder,Source URL not yet confirmed,Warning,Review or replace this source URL if it is important.
2026-05-20 05:18:44,Essex Property Trust Source Expansion,Placeholder,Source URL not yet confirmed,Warning,Review or replace this source URL if it is important.
2026-05-20 05:18:44,Brookfield Real Estate Source Expansion,Placeholder,Source URL not yet confirmed,Warning,Review or replace this source URL if it is important.
2026-05-20 05:18:44,Kennedy Wilson Source Expansion,Placeholder,Source URL not yet confirmed,Warning,Review or replace this source URL if it is important.
2026-05-20 05:18:44,Hines Source Expansion,Failed,RSS parsing issue,Warning,Review or replace this source URL if it is important.
2026-05-20 05:18:44,GID Source Expansion,Placeholder,Source URL not yet confirmed,Warning,Review or replace this source URL if it is important.
2026-05-20 05:18:44,Waterton Source Expansion,Placeholder,Source URL not yet confirmed,Warning,Review or replace this source URL if it is important.
2026-05-20 05:18:44,Carmel Partners Source Expansion,Placeholder,Source URL not yet confirmed,Warning,Review or replace this source URL if it is important.
2026-05-20 05:18:44,CIM Group Source Expansion,Placeholder,Source URL not yet confirmed,Warning,Review or replace this source URL if it is important.
2026-05-20 05:18:44,LivCor Source Expansion,Placeholder,Source URL not yet confirmed,Warning,Review or replace this source URL if it is important.
2026-05-20 05:18:44,BGO Source Expansion,Placeholder,Source URL not yet confirmed,Warning,Review or replace this source URL if it is important.
2026-05-20 05:18:44,Harbor Group International Source Expansion,Placeholder,Source URL not yet confirmed,Warning,Review or replace this source URL if it is important.
2026-05-20 05:18:44,Starwood Capital Source Expansion,Placeholder,Source URL not yet confirmed,Warning,Review or replace this source URL if it is important.
2026-05-20 05:18:44,PGIM Real Estate Source Expansion,Placeholder,Source URL not yet confirmed,Warning,Review or replace this source URL if it is important.
2026-05-20 05:18:44,Nuveen Real Estate Source Expansion,Placeholder,Source URL not yet confirmed,Warning,Review or replace this source URL if it is important.
2026-05-20 05:18:44,KKR Real Estate Source Expansion,Placeholder,Source URL not yet confirmed,Warning,Review or replace this source URL if it is important.
2026-05-20 05:18:44,Carlyle Real Estate Source Expansion,Placeholder,Source URL not yet confirmed,Warning,Review or replace this source URL if it is important.
2026-05-20 05:18:44,Apollo Real Estate Source Expansion,Placeholder,Source URL not yet confirmed,Warning,Review or replace this source URL if it is important.
2026-05-20 05:18:44,Invitation Homes Source Expansion,Placeholder,Source URL not yet confirmed,Warning,Review or replace this source URL if it is important.
2026-05-20 05:18:44,American Homes 4 Rent Source Expansion,Placeholder,Source URL not yet confirmed,Warning,Review or replace this source URL if it is important.
2026-05-20 05:18:44,Progress Residential Source Expansion,Placeholder,Source URL not yet confirmed,Warning,Review or replace this source URL if it is important.
2026-05-20 05:18:44,Tricon Residential Source Expansion,Placeholder,Source URL not yet confirmed,Warning,Review or replace this source URL if it is important.
2026-05-20 05:18:44,Pretium Source Expansion,Placeholder,Source URL not yet confirmed,Warning,Review or replace this source URL if it is important.
2026-05-20 05:18:44,NexMetro Communities Source Expansion,Placeholder,Source URL not yet confirmed,Warning,Review or replace this source URL if it is important.
2026-05-20 05:18:44,Christopher Todd Communities Source Expansion,Placeholder,Source URL not yet confirmed,Warning,Review or replace this source URL if it is important.
2026-05-20 05:18:44,BB Living Source Expansion,Placeholder,Source URL not yet confirmed,Warning,Review or replace this source URL if it is important.
2026-05-20 05:18:44,AHV Communities Source Expansion,Placeholder,Source URL not yet confirmed,Warning,Review or replace this source URL if it is important.
2026-05-20 05:18:44,Quinn Residences Source Expansion,Placeholder,Source URL not yet confirmed,Warning,Review or replace this source URL if it is important.
2026-05-20 05:18:44,Core Spaces Source Expansion,Placeholder,Source URL not yet confirmed,Warning,Review or replace this source URL if it is important.
2026-05-20 05:18:44,Landmark Properties Source Expansion,Placeholder,Source URL not yet confirmed,Warning,Review or replace this source URL if it is important.
2026-05-20 05:18:44,The Dinerstein Companies Source Expansion,Placeholder,Source URL not yet confirmed,Warning,Review or replace this source URL if it is important.
2026-05-20 05:18:44,LV Collective Source Expansion,Placeholder,Source URL not yet confirmed,Warning,Review or replace this source URL if it is important.
2026-05-20 05:18:44,CA Ventures Source Expansion,Placeholder,Source URL not yet confirmed,Warning,Review or replace this source URL if it is important.
2026-05-20 05:18:44,Gilbane Development Source Expansion,Placeholder,Source URL not yet confirmed,Warning,Review or replace this source URL if it is important.
2026-05-20 05:18:44,Harrison Street Source Expansion,Placeholder,Source URL not yet confirmed,Warning,Review or replace this source URL if it is important.
2026-05-20 05:18:44,Scion Group Source Expansion,Placeholder,Source URL not yet confirmed,Warning,Review or replace this source URL if it is important.
2026-05-20 05:18:44,American Campus Communities Source Expansion,Placeholder,Source URL not yet confirmed,Warning,Review or replace this source URL if it is important.
2026-05-20 05:18:44,Welltower Source Expansion,Placeholder,Source URL not yet confirmed,Warning,Review or replace this source URL if it is important.
2026-05-20 05:18:44,Ventas Source Expansion,Placeholder,Source URL not yet confirmed,Warning,Review or replace this source URL if it is important.
2026-05-20 05:18:44,Brookdale Source Expansion,Placeholder,Source URL not yet confirmed,Warning,Review or replace this source URL if it is important.
2026-05-20 05:18:44,Atria Senior Living Source Expansion,Placeholder,Source URL not yet confirmed,Warning,Review or replace this source URL if it is important.
2026-05-20 05:18:44,Sunrise Senior Living Source Expansion,Placeholder,Source URL not yet confirmed,Warning,Review or replace this source URL if it is important.
2026-05-20 05:18:44,Erickson Senior Living Source Expansion,Placeholder,Source URL not yet confirmed,Warning,Review or replace this source URL if it is important.
2026-05-20 05:18:44,Discovery Senior Living Source Expansion,Placeholder,Source URL not yet confirmed,Warning,Review or replace this source URL if it is important.
2026-05-20 05:18:44,Bridge Investment Group Source Expansion,Placeholder,Source URL not yet confirmed,Warning,Review or replace this source URL if it is important.
2026-05-20 05:18:44,Avenue Development Source Expansion,Placeholder,Source URL not yet confirmed,Warning,Review or replace this source URL if it is important.
2026-05-20 05:18:44,Sparrow Partners Source Expansion,Placeholder,Source URL not yet confirmed,Warning,Review or replace this source URL if it is important.
2026-05-20 05:18:44,Greystone Source Expansion,Placeholder,Source URL not yet confirmed,Warning,Review or replace this source URL if it is important.
2026-05-20 05:18:44,Berkadia Source Expansion,Failed,RSS parsing issue,Warning,Review or replace this source URL if it is important.
2026-05-20 05:18:44,Walker & Dunlop Source Expansion,Failed,RSS parsing issue,Warning,Review or replace this source URL if it is important.
2026-05-20 05:18:44,CBRE Capital Markets Source Expansion,Placeholder,Source URL not yet confirmed,Warning,Review or replace this source URL if it is important.
2026-05-20 05:18:44,JLL Capital Markets Source Expansion,Placeholder,Source URL not yet confirmed,Warning,Review or replace this source URL if it is important.
2026-05-20 05:18:44,Cushman & Wakefield Source Expansion,Placeholder,Source URL not yet confirmed,Warning,Review or replace this source URL if it is important.
2026-05-20 05:18:44,Newmark Source Expansion,Placeholder,Source URL not yet confirmed,Warning,Review or replace this source URL if it is important.
2026-05-20 05:18:44,Eastdil Secured Source Expansion,Placeholder,Source URL not yet confirmed,Warning,Review or replace this source URL if it is important.
2026-05-20 05:18:44,Northmarq Source Expansion,Placeholder,Source URL not yet confirmed,Warning,Review or replace this source URL if it is important.
2026-05-20 05:18:44,Marcus & Millichap Capital Corporation Source Expansion,Placeholder,Source URL not yet confirmed,Warning,Review or replace this source URL if it is important.
2026-05-20 05:18:44,Freddie Mac Multifamily Source Expansion,Placeholder,Source URL not yet confirmed,Warning,Review or replace this source URL if it is important.
2026-05-20 05:18:44,Fannie Mae Multifamily Source Expansion,Placeholder,Source URL not yet confirmed,Warning,Review or replace this source URL if it is important.
2026-05-20 23:01:54,Multi-Housing News,Failed,RSS parsing issue,Warning,Review or replace this source URL if it is important.
2026-05-20 23:01:54,GlobeSt,Failed,RSS parsing issue,Warning,Review or replace this source URL if it is important.
2026-05-20 23:01:54,The Real Deal,Failed,RSS parsing issue,Warning,Review or replace this source URL if it is important.
2026-05-20 23:01:54,PERE,Placeholder,Source URL not yet confirmed,Warning,Review or replace this source URL if it is important.
2026-05-20 23:01:54,Urban Land Institute,Failed,RSS parsing issue,Warning,Review or replace this source URL if it is important.
2026-05-20 23:01:54,NMHC News,Failed,RSS parsing issue,Warning,Review or replace this source URL if it is important.
2026-05-20 23:01:54,Freddie Mac Multifamily,Placeholder,Source URL not yet confirmed,Warning,Review or replace this source URL if it is important.
2026-05-20 23:01:54,Fannie Mae Multifamily,Placeholder,Source URL not yet confirmed,Warning,Review or replace this source URL if it is important.
2026-05-20 23:01:54,MBA Commercial / Multifamily,Placeholder,Source URL not yet confirmed,Warning,Review or replace this source URL if it is important.
2026-05-20 23:01:54,Walker & Dunlop Insights,Failed,RSS parsing issue,Warning,Review or replace this source URL if it is important.
2026-05-20 23:01:54,Berkadia Research,Failed,RSS parsing issue,Warning,Review or replace this source URL if it is important.
2026-05-20 23:01:54,CBRE Multifamily / Living Sector,Placeholder,Source URL not yet confirmed,Warning,Review or replace this source URL if it is important.
2026-05-20 23:01:54,JLL Living / Multifamily,Placeholder,Source URL not yet confirmed,Warning,Review or replace this source URL if it is important.
2026-05-20 23:01:54,Cushman & Wakefield Multifamily,Placeholder,Source URL not yet confirmed,Warning,Review or replace this source URL if it is important.
2026-05-20 23:01:54,Marcus & Millichap Research,Placeholder,Source URL not yet confirmed,Warning,Review or replace this source URL if it is important.
2026-05-20 23:01:54,Greystar Newsroom,Placeholder,Source URL not yet confirmed,Warning,Review or replace this source URL if it is important.
2026-05-20 23:01:54,Kennedy Wilson Newsroom,Placeholder,Source URL not yet confirmed,Warning,Review or replace this source URL if it is important.
2026-05-20 23:01:54,Related Companies Newsroom,Placeholder,Source URL not yet confirmed,Warning,Review or replace this source URL if it is important.
2026-05-20 23:01:54,Related California Newsroom,Placeholder,Source URL not yet confirmed,Warning,Review or replace this source URL if it is important.
2026-05-20 23:01:54,Hines Newsroom,Failed,RSS parsing issue,Warning,Review or replace this source URL if it is important.
2026-05-20 23:01:54,Mill Creek Residential Newsroom,Placeholder,Source URL not yet confirmed,Warning,Review or replace this source URL if it is important.
2026-05-20 23:01:54,Trammell Crow Residential Newsroom,Placeholder,Source URL not yet confirmed,Warning,Review or replace this source URL if it is important.
2026-05-20 23:01:54,Toll Brothers Apartment Living Newsroom,Placeholder,Source URL not yet confirmed,Warning,Review or replace this source URL if it is important.
2026-05-20 23:01:54,Crescent Communities Newsroom,Placeholder,Source URL not yet confirmed,Warning,Review or replace this source URL if it is important.
2026-05-20 23:01:54,AvalonBay Newsroom,Placeholder,Source URL not yet confirmed,Warning,Review or replace this source URL if it is important.
2026-05-20 23:01:54,Essex Property Trust Newsroom,Placeholder,Source URL not yet confirmed,Warning,Review or replace this source URL if it is important.
2026-05-20 23:01:54,Camden Property Trust Newsroom,Placeholder,Source URL not yet confirmed,Warning,Review or replace this source URL if it is important.
2026-05-20 23:01:54,UDR Newsroom,Placeholder,Source URL not yet confirmed,Warning,Review or replace this source URL if it is important.
2026-05-20 23:01:54,MAA Newsroom,Placeholder,Source URL not yet confirmed,Warning,Review or replace this source URL if it is important.
2026-05-20 23:01:54,Equity Residential Newsroom,Placeholder,Source URL not yet confirmed,Warning,Review or replace this source URL if it is important.
2026-05-20 23:01:54,Brookfield Real Estate,Placeholder,Source URL not yet confirmed,Warning,Review or replace this source URL if it is important.
2026-05-20 23:01:54,LA Business Journal,Placeholder,Source URL not yet confirmed,Warning,Review or replace this source URL if it is important.
2026-05-20 23:01:54,Los Angeles City Planning,Placeholder,Source URL not yet confirmed,Warning,Review or replace this source URL if it is important.
2026-05-20 23:01:54,California HCD,Placeholder,Source URL not yet confirmed,Warning,Review or replace this source URL if it is important.
2026-05-20 23:01:54,California YIMBY,Failed,RSS parsing issue,Warning,Review or replace this source URL if it is important.
2026-05-20 23:01:54,Urbanize California,Placeholder,Source URL not yet confirmed,Warning,Review or replace this source URL if it is important.
2026-05-20 23:01:54,CRE Daily,Placeholder,Source URL not yet confirmed,Warning,Review or replace this source URL if it is important.
2026-05-20 23:01:54,Institutional Property Advisors,Placeholder,Source URL not yet confirmed,Warning,Review or replace this source URL if it is important.
2026-05-20 23:01:54,JLL Newsroom,Placeholder,Source URL not yet confirmed,Warning,Review or replace this source URL if it is important.
2026-05-20 23:01:54,CBRE Newsroom,Placeholder,Source URL not yet confirmed,Warning,Review or replace this source URL if it is important.
2026-05-20 23:01:54,Cushman & Wakefield Newsroom,Placeholder,Source URL not yet confirmed,Warning,Review or replace this source URL if it is important.
2026-05-20 23:01:54,Marcus & Millichap Newsroom,Placeholder,Source URL not yet confirmed,Warning,Review or replace this source URL if it is important.
2026-05-20 23:01:54,Dallas Business Journal,Placeholder,Source URL not yet confirmed,Warning,Review or replace this source URL if it is important.
2026-05-20 23:01:54,Austin Business Journal,Placeholder,Source URL not yet confirmed,Warning,Review or replace this source URL if it is important.
2026-05-20 23:01:54,South Florida Business Journal,Placeholder,Source URL not yet confirmed,Warning,Review or replace this source URL if it is important.
2026-05-20 23:01:54,Phoenix Business Journal,Placeholder,Source URL not yet confirmed,Warning,Review or replace this source URL if it is important.
2026-05-20 23:01:54,Atlanta Business Chronicle,Placeholder,Source URL not yet confirmed,Warning,Review or replace this source URL if it is important.
2026-05-20 23:01:54,Charlotte Business Journal,Placeholder,Source URL not yet confirmed,Warning,Review or replace this source URL if it is important.
2026-05-20 23:01:54,Los Angeles Business Journal,Placeholder,Source URL not yet confirmed,Warning,Review or replace this source URL if it is important.
2026-05-20 23:01:54,San Francisco Business Times,Placeholder,Source URL not yet confirmed,Warning,Review or replace this source URL if it is important.
2026-05-20 23:01:54,Orange County Business Journal,Placeholder,Source URL not yet confirmed,Warning,Review or replace this source URL if it is important.
2026-05-20 23:01:54,Denver Business Journal,Placeholder,Source URL not yet confirmed,Warning,Review or replace this source URL if it is important.
2026-05-20 23:01:54,Nashville Business Journal,Placeholder,Source URL not yet confirmed,Warning,Review or replace this source URL if it is important.
2026-05-20 23:01:54,Greystar Source Expansion,Placeholder,Source URL not yet confirmed,Warning,Review or replace this source URL if it is important.
2026-05-20 23:01:54,Mill Creek Residential Source Expansion,Placeholder,Source URL not yet confirmed,Warning,Review or replace this source URL if it is important.
2026-05-20 23:01:54,Trammell Crow Residential Source Expansion,Placeholder,Source URL not yet confirmed,Warning,Review or replace this source URL if it is important.
2026-05-20 23:01:54,Lincoln Property Company Source Expansion,Placeholder,Source URL not yet confirmed,Warning,Review or replace this source URL if it is important.
2026-05-20 23:01:54,Fairfield Residential Source Expansion,Placeholder,Source URL not yet confirmed,Warning,Review or replace this source URL if it is important.
2026-05-20 23:01:54,Alliance Residential Source Expansion,Placeholder,Source URL not yet confirmed,Warning,Review or replace this source URL if it is important.
2026-05-20 23:01:54,Wood Partners Source Expansion,Placeholder,Source URL not yet confirmed,Warning,Review or replace this source URL if it is important.
2026-05-20 23:01:54,Hanover Company Source Expansion,Placeholder,Source URL not yet confirmed,Warning,Review or replace this source URL if it is important.
2026-05-20 23:01:54,Holland Partner Group Source Expansion,Placeholder,Source URL not yet confirmed,Warning,Review or replace this source URL if it is important.
2026-05-20 23:01:54,JPI Source Expansion,Placeholder,Source URL not yet confirmed,Warning,Review or replace this source URL if it is important.
2026-05-20 23:01:54,Kairoi Residential Source Expansion,Placeholder,Source URL not yet confirmed,Warning,Review or replace this source URL if it is important.
2026-05-20 23:01:54,AMLI Residential Source Expansion,Placeholder,Source URL not yet confirmed,Warning,Review or replace this source URL if it is important.
2026-05-20 23:01:54,Quarterra Source Expansion,Placeholder,Source URL not yet confirmed,Warning,Review or replace this source URL if it is important.
2026-05-20 23:01:54,Toll Brothers Apartment Living Source Expansion,Placeholder,Source URL not yet confirmed,Warning,Review or replace this source URL if it is important.
2026-05-20 23:01:54,AvalonBay Source Expansion,Placeholder,Source URL not yet confirmed,Warning,Review or replace this source URL if it is important.
2026-05-20 23:01:54,Camden Property Trust Source Expansion,Placeholder,Source URL not yet confirmed,Warning,Review or replace this source URL if it is important.
2026-05-20 23:01:54,MAA Source Expansion,Placeholder,Source URL not yet confirmed,Warning,Review or replace this source URL if it is important.
2026-05-20 23:01:54,UDR Source Expansion,Placeholder,Source URL not yet confirmed,Warning,Review or replace this source URL if it is important.
2026-05-20 23:01:54,Equity Residential Source Expansion,Placeholder,Source URL not yet confirmed,Warning,Review or replace this source URL if it is important.
2026-05-20 23:01:54,Essex Property Trust Source Expansion,Placeholder,Source URL not yet confirmed,Warning,Review or replace this source URL if it is important.
2026-05-20 23:01:54,Brookfield Real Estate Source Expansion,Placeholder,Source URL not yet confirmed,Warning,Review or replace this source URL if it is important.
2026-05-20 23:01:54,Kennedy Wilson Source Expansion,Placeholder,Source URL not yet confirmed,Warning,Review or replace this source URL if it is important.
2026-05-20 23:01:54,Hines Source Expansion,Failed,RSS parsing issue,Warning,Review or replace this source URL if it is important.
2026-05-20 23:01:54,GID Source Expansion,Placeholder,Source URL not yet confirmed,Warning,Review or replace this source URL if it is important.
2026-05-20 23:01:54,Waterton Source Expansion,Placeholder,Source URL not yet confirmed,Warning,Review or replace this source URL if it is important.
2026-05-20 23:01:54,Carmel Partners Source Expansion,Placeholder,Source URL not yet confirmed,Warning,Review or replace this source URL if it is important.
2026-05-20 23:01:54,CIM Group Source Expansion,Placeholder,Source URL not yet confirmed,Warning,Review or replace this source URL if it is important.
2026-05-20 23:01:54,LivCor Source Expansion,Placeholder,Source URL not yet confirmed,Warning,Review or replace this source URL if it is important.
2026-05-20 23:01:54,BGO Source Expansion,Placeholder,Source URL not yet confirmed,Warning,Review or replace this source URL if it is important.
2026-05-20 23:01:54,Harbor Group International Source Expansion,Placeholder,Source URL not yet confirmed,Warning,Review or replace this source URL if it is important.
2026-05-20 23:01:54,Starwood Capital Source Expansion,Placeholder,Source URL not yet confirmed,Warning,Review or replace this source URL if it is important.
2026-05-20 23:01:54,PGIM Real Estate Source Expansion,Placeholder,Source URL not yet confirmed,Warning,Review or replace this source URL if it is important.
2026-05-20 23:01:54,Nuveen Real Estate Source Expansion,Placeholder,Source URL not yet confirmed,Warning,Review or replace this source URL if it is important.
2026-05-20 23:01:54,KKR Real Estate Source Expansion,Placeholder,Source URL not yet confirmed,Warning,Review or replace this source URL if it is important.
2026-05-20 23:01:54,Carlyle Real Estate Source Expansion,Placeholder,Source URL not yet confirmed,Warning,Review or replace this source URL if it is important.
2026-05-20 23:01:54,Apollo Real Estate Source Expansion,Placeholder,Source URL not yet confirmed,Warning,Review or replace this source URL if it is important.
2026-05-20 23:01:54,Invitation Homes Source Expansion,Placeholder,Source URL not yet confirmed,Warning,Review or replace this source URL if it is important.
2026-05-20 23:01:54,American Homes 4 Rent Source Expansion,Placeholder,Source URL not yet confirmed,Warning,Review or replace this source URL if it is important.
2026-05-20 23:01:54,Progress Residential Source Expansion,Placeholder,Source URL not yet confirmed,Warning,Review or replace this source URL if it is important.
2026-05-20 23:01:54,Tricon Residential Source Expansion,Placeholder,Source URL not yet confirmed,Warning,Review or replace this source URL if it is important.
2026-05-20 23:01:54,Pretium Source Expansion,Placeholder,Source URL not yet confirmed,Warning,Review or replace this source URL if it is important.
2026-05-20 23:01:54,NexMetro Communities Source Expansion,Placeholder,Source URL not yet confirmed,Warning,Review or replace this source URL if it is important.
2026-05-20 23:01:54,Christopher Todd Communities Source Expansion,Placeholder,Source URL not yet confirmed,Warning,Review or replace this source URL if it is important.
2026-05-20 23:01:54,BB Living Source Expansion,Placeholder,Source URL not yet confirmed,Warning,Review or replace this source URL if it is important.
2026-05-20 23:01:54,AHV Communities Source Expansion,Placeholder,Source URL not yet confirmed,Warning,Review or replace this source URL if it is important.
2026-05-20 23:01:54,Quinn Residences Source Expansion,Placeholder,Source URL not yet confirmed,Warning,Review or replace this source URL if it is important.
2026-05-20 23:01:54,Core Spaces Source Expansion,Placeholder,Source URL not yet confirmed,Warning,Review or replace this source URL if it is important.
2026-05-20 23:01:54,Landmark Properties Source Expansion,Placeholder,Source URL not yet confirmed,Warning,Review or replace this source URL if it is important.
2026-05-20 23:01:54,The Dinerstein Companies Source Expansion,Placeholder,Source URL not yet confirmed,Warning,Review or replace this source URL if it is important.
2026-05-20 23:01:54,LV Collective Source Expansion,Placeholder,Source URL not yet confirmed,Warning,Review or replace this source URL if it is important.
2026-05-20 23:01:54,CA Ventures Source Expansion,Placeholder,Source URL not yet confirmed,Warning,Review or replace this source URL if it is important.
2026-05-20 23:01:54,Gilbane Development Source Expansion,Placeholder,Source URL not yet confirmed,Warning,Review or replace this source URL if it is important.
2026-05-20 23:01:54,Harrison Street Source Expansion,Placeholder,Source URL not yet confirmed,Warning,Review or replace this source URL if it is important.
2026-05-20 23:01:54,Scion Group Source Expansion,Placeholder,Source URL not yet confirmed,Warning,Review or replace this source URL if it is important.
2026-05-20 23:01:54,American Campus Communities Source Expansion,Placeholder,Source URL not yet confirmed,Warning,Review or replace this source URL if it is important.
2026-05-20 23:01:54,Welltower Source Expansion,Placeholder,Source URL not yet confirmed,Warning,Review or replace this source URL if it is important.
2026-05-20 23:01:54,Ventas Source Expansion,Placeholder,Source URL not yet confirmed,Warning,Review or replace this source URL if it is important.
2026-05-20 23:01:54,Brookdale Source Expansion,Placeholder,Source URL not yet confirmed,Warning,Review or replace this source URL if it is important.
2026-05-20 23:01:54,Atria Senior Living Source Expansion,Placeholder,Source URL not yet confirmed,Warning,Review or replace this source URL if it is important.
2026-05-20 23:01:54,Sunrise Senior Living Source Expansion,Placeholder,Source URL not yet confirmed,Warning,Review or replace this source URL if it is important.
2026-05-20 23:01:54,Erickson Senior Living Source Expansion,Placeholder,Source URL not yet confirmed,Warning,Review or replace this source URL if it is important.
2026-05-20 23:01:54,Discovery Senior Living Source Expansion,Placeholder,Source URL not yet confirmed,Warning,Review or replace this source URL if it is important.
2026-05-20 23:01:54,Bridge Investment Group Source Expansion,Placeholder,Source URL not yet confirmed,Warning,Review or replace this source URL if it is important.
2026-05-20 23:01:54,Avenue Development Source Expansion,Placeholder,Source URL not yet confirmed,Warning,Review or replace this source URL if it is important.
2026-05-20 23:01:54,Sparrow Partners Source Expansion,Placeholder,Source URL not yet confirmed,Warning,Review or replace this source URL if it is important.
2026-05-20 23:01:54,Greystone Source Expansion,Placeholder,Source URL not yet confirmed,Warning,Review or replace this source URL if it is important.
2026-05-20 23:01:54,Berkadia Source Expansion,Failed,RSS parsing issue,Warning,Review or replace this source URL if it is important.
2026-05-20 23:01:54,Walker & Dunlop Source Expansion,Failed,RSS parsing issue,Warning,Review or replace this source URL if it is important.
2026-05-20 23:01:54,CBRE Capital Markets Source Expansion,Placeholder,Source URL not yet confirmed,Warning,Review or replace this source URL if it is important.
2026-05-20 23:01:54,JLL Capital Markets Source Expansion,Placeholder,Source URL not yet confirmed,Warning,Review or replace this source URL if it is important.
2026-05-20 23:01:54,Cushman & Wakefield Source Expansion,Placeholder,Source URL not yet confirmed,Warning,Review or replace this source URL if it is important.
2026-05-20 23:01:54,Newmark Source Expansion,Placeholder,Source URL not yet confirmed,Warning,Review or replace this source URL if it is important.
2026-05-20 23:01:54,Eastdil Secured Source Expansion,Placeholder,Source URL not yet confirmed,Warning,Review or replace this source URL if it is important.
2026-05-20 23:01:54,Northmarq Source Expansion,Placeholder,Source URL not yet confirmed,Warning,Review or replace this source URL if it is important.
2026-05-20 23:01:54,Marcus & Millichap Capital Corporation Source Expansion,Placeholder,Source URL not yet confirmed,Warning,Review or replace this source URL if it is important.
2026-05-20 23:01:54,Freddie Mac Multifamily Source Expansion,Placeholder,Source URL not yet confirmed,Warning,Review or replace this source URL if it is important.
2026-05-20 23:01:54,Fannie Mae Multifamily Source Expansion,Placeholder,Source URL not yet confirmed,Warning,Review or replace this source URL if it is important.
2026-05-21 23:01:48,Multi-Housing News,Failed,RSS parsing issue,Warning,Review or replace this source URL if it is important.
2026-05-21 23:01:48,GlobeSt,Failed,RSS parsing issue,Warning,Review or replace this source URL if it is important.
2026-05-21 23:01:48,The Real Deal,Failed,RSS parsing issue,Warning,Review or replace this source URL if it is important.
2026-05-21 23:01:48,PERE,Placeholder,Source URL not yet confirmed,Warning,Review or replace this source URL if it is important.
2026-05-21 23:01:48,Urban Land Institute,Failed,RSS parsing issue,Warning,Review or replace this source URL if it is important.
2026-05-21 23:01:48,NMHC News,Failed,RSS parsing issue,Warning,Review or replace this source URL if it is important.
2026-05-21 23:01:48,Freddie Mac Multifamily,Placeholder,Source URL not yet confirmed,Warning,Review or replace this source URL if it is important.
2026-05-21 23:01:48,Fannie Mae Multifamily,Placeholder,Source URL not yet confirmed,Warning,Review or replace this source URL if it is important.
2026-05-21 23:01:48,MBA Commercial / Multifamily,Placeholder,Source URL not yet confirmed,Warning,Review or replace this source URL if it is important.
2026-05-21 23:01:48,Walker & Dunlop Insights,Failed,RSS parsing issue,Warning,Review or replace this source URL if it is important.
2026-05-21 23:01:48,Berkadia Research,Failed,RSS parsing issue,Warning,Review or replace this source URL if it is important.
2026-05-21 23:01:48,CBRE Multifamily / Living Sector,Placeholder,Source URL not yet confirmed,Warning,Review or replace this source URL if it is important.
2026-05-21 23:01:48,JLL Living / Multifamily,Placeholder,Source URL not yet confirmed,Warning,Review or replace this source URL if it is important.
2026-05-21 23:01:48,Cushman & Wakefield Multifamily,Placeholder,Source URL not yet confirmed,Warning,Review or replace this source URL if it is important.
2026-05-21 23:01:48,Marcus & Millichap Research,Placeholder,Source URL not yet confirmed,Warning,Review or replace this source URL if it is important.
2026-05-21 23:01:48,Greystar Newsroom,Placeholder,Source URL not yet confirmed,Warning,Review or replace this source URL if it is important.
2026-05-21 23:01:48,Kennedy Wilson Newsroom,Placeholder,Source URL not yet confirmed,Warning,Review or replace this source URL if it is important.
2026-05-21 23:01:48,Related Companies Newsroom,Placeholder,Source URL not yet confirmed,Warning,Review or replace this source URL if it is important.
2026-05-21 23:01:48,Related California Newsroom,Placeholder,Source URL not yet confirmed,Warning,Review or replace this source URL if it is important.
2026-05-21 23:01:48,Hines Newsroom,Failed,RSS parsing issue,Warning,Review or replace this source URL if it is important.
2026-05-21 23:01:48,Mill Creek Residential Newsroom,Placeholder,Source URL not yet confirmed,Warning,Review or replace this source URL if it is important.
2026-05-21 23:01:48,Trammell Crow Residential Newsroom,Placeholder,Source URL not yet confirmed,Warning,Review or replace this source URL if it is important.
2026-05-21 23:01:48,Toll Brothers Apartment Living Newsroom,Placeholder,Source URL not yet confirmed,Warning,Review or replace this source URL if it is important.
2026-05-21 23:01:48,Crescent Communities Newsroom,Placeholder,Source URL not yet confirmed,Warning,Review or replace this source URL if it is important.
2026-05-21 23:01:48,AvalonBay Newsroom,Placeholder,Source URL not yet confirmed,Warning,Review or replace this source URL if it is important.
2026-05-21 23:01:48,Essex Property Trust Newsroom,Placeholder,Source URL not yet confirmed,Warning,Review or replace this source URL if it is important.
2026-05-21 23:01:48,Camden Property Trust Newsroom,Placeholder,Source URL not yet confirmed,Warning,Review or replace this source URL if it is important.
2026-05-21 23:01:48,UDR Newsroom,Placeholder,Source URL not yet confirmed,Warning,Review or replace this source URL if it is important.
2026-05-21 23:01:48,MAA Newsroom,Placeholder,Source URL not yet confirmed,Warning,Review or replace this source URL if it is important.
2026-05-21 23:01:48,Equity Residential Newsroom,Placeholder,Source URL not yet confirmed,Warning,Review or replace this source URL if it is important.
2026-05-21 23:01:48,Brookfield Real Estate,Placeholder,Source URL not yet confirmed,Warning,Review or replace this source URL if it is important.
2026-05-21 23:01:48,LA Business Journal,Placeholder,Source URL not yet confirmed,Warning,Review or replace this source URL if it is important.
2026-05-21 23:01:48,Los Angeles City Planning,Placeholder,Source URL not yet confirmed,Warning,Review or replace this source URL if it is important.
2026-05-21 23:01:48,California HCD,Placeholder,Source URL not yet confirmed,Warning,Review or replace this source URL if it is important.
2026-05-21 23:01:48,California YIMBY,Failed,RSS parsing issue,Warning,Review or replace this source URL if it is important.
2026-05-21 23:01:48,Urbanize California,Placeholder,Source URL not yet confirmed,Warning,Review or replace this source URL if it is important.
2026-05-21 23:01:48,CRE Daily,Placeholder,Source URL not yet confirmed,Warning,Review or replace this source URL if it is important.
2026-05-21 23:01:48,Institutional Property Advisors,Placeholder,Source URL not yet confirmed,Warning,Review or replace this source URL if it is important.
2026-05-21 23:01:48,JLL Newsroom,Placeholder,Source URL not yet confirmed,Warning,Review or replace this source URL if it is important.
2026-05-21 23:01:48,CBRE Newsroom,Placeholder,Source URL not yet confirmed,Warning,Review or replace this source URL if it is important.
2026-05-21 23:01:48,Cushman & Wakefield Newsroom,Placeholder,Source URL not yet confirmed,Warning,Review or replace this source URL if it is important.
2026-05-21 23:01:48,Marcus & Millichap Newsroom,Placeholder,Source URL not yet confirmed,Warning,Review or replace this source URL if it is important.
2026-05-21 23:01:48,Dallas Business Journal,Placeholder,Source URL not yet confirmed,Warning,Review or replace this source URL if it is important.
2026-05-21 23:01:48,Austin Business Journal,Placeholder,Source URL not yet confirmed,Warning,Review or replace this source URL if it is important.
2026-05-21 23:01:48,South Florida Business Journal,Placeholder,Source URL not yet confirmed,Warning,Review or replace this source URL if it is important.
2026-05-21 23:01:48,Phoenix Business Journal,Placeholder,Source URL not yet confirmed,Warning,Review or replace this source URL if it is important.
2026-05-21 23:01:48,Atlanta Business Chronicle,Placeholder,Source URL not yet confirmed,Warning,Review or replace this source URL if it is important.
2026-05-21 23:01:48,Charlotte Business Journal,Placeholder,Source URL not yet confirmed,Warning,Review or replace this source URL if it is important.
2026-05-21 23:01:48,Los Angeles Business Journal,Placeholder,Source URL not yet confirmed,Warning,Review or replace this source URL if it is important.
2026-05-21 23:01:48,San Francisco Business Times,Placeholder,Source URL not yet confirmed,Warning,Review or replace this source URL if it is important.
2026-05-21 23:01:48,Orange County Business Journal,Placeholder,Source URL not yet confirmed,Warning,Review or replace this source URL if it is important.
2026-05-21 23:01:48,Denver Business Journal,Placeholder,Source URL not yet confirmed,Warning,Review or replace this source URL if it is important.
2026-05-21 23:01:48,Nashville Business Journal,Placeholder,Source URL not yet confirmed,Warning,Review or replace this source URL if it is important.
2026-05-21 23:01:48,Greystar Source Expansion,Placeholder,Source URL not yet confirmed,Warning,Review or replace this source URL if it is important.
2026-05-21 23:01:48,Mill Creek Residential Source Expansion,Placeholder,Source URL not yet confirmed,Warning,Review or replace this source URL if it is important.
2026-05-21 23:01:48,Trammell Crow Residential Source Expansion,Placeholder,Source URL not yet confirmed,Warning,Review or replace this source URL if it is important.
2026-05-21 23:01:48,Lincoln Property Company Source Expansion,Placeholder,Source URL not yet confirmed,Warning,Review or replace this source URL if it is important.
2026-05-21 23:01:48,Fairfield Residential Source Expansion,Placeholder,Source URL not yet confirmed,Warning,Review or replace this source URL if it is important.
2026-05-21 23:01:48,Alliance Residential Source Expansion,Placeholder,Source URL not yet confirmed,Warning,Review or replace this source URL if it is important.
2026-05-21 23:01:48,Wood Partners Source Expansion,Placeholder,Source URL not yet confirmed,Warning,Review or replace this source URL if it is important.
2026-05-21 23:01:48,Hanover Company Source Expansion,Placeholder,Source URL not yet confirmed,Warning,Review or replace this source URL if it is important.
2026-05-21 23:01:48,Holland Partner Group Source Expansion,Placeholder,Source URL not yet confirmed,Warning,Review or replace this source URL if it is important.
2026-05-21 23:01:48,JPI Source Expansion,Placeholder,Source URL not yet confirmed,Warning,Review or replace this source URL if it is important.
2026-05-21 23:01:48,Kairoi Residential Source Expansion,Placeholder,Source URL not yet confirmed,Warning,Review or replace this source URL if it is important.
2026-05-21 23:01:48,AMLI Residential Source Expansion,Placeholder,Source URL not yet confirmed,Warning,Review or replace this source URL if it is important.
2026-05-21 23:01:48,Quarterra Source Expansion,Placeholder,Source URL not yet confirmed,Warning,Review or replace this source URL if it is important.
2026-05-21 23:01:48,Toll Brothers Apartment Living Source Expansion,Placeholder,Source URL not yet confirmed,Warning,Review or replace this source URL if it is important.
2026-05-21 23:01:48,AvalonBay Source Expansion,Placeholder,Source URL not yet confirmed,Warning,Review or replace this source URL if it is important.
2026-05-21 23:01:48,Camden Property Trust Source Expansion,Placeholder,Source URL not yet confirmed,Warning,Review or replace this source URL if it is important.
2026-05-21 23:01:48,MAA Source Expansion,Placeholder,Source URL not yet confirmed,Warning,Review or replace this source URL if it is important.
2026-05-21 23:01:48,UDR Source Expansion,Placeholder,Source URL not yet confirmed,Warning,Review or replace this source URL if it is important.
2026-05-21 23:01:48,Equity Residential Source Expansion,Placeholder,Source URL not yet confirmed,Warning,Review or replace this source URL if it is important.
2026-05-21 23:01:48,Essex Property Trust Source Expansion,Placeholder,Source URL not yet confirmed,Warning,Review or replace this source URL if it is important.
2026-05-21 23:01:48,Brookfield Real Estate Source Expansion,Placeholder,Source URL not yet confirmed,Warning,Review or replace this source URL if it is important.
2026-05-21 23:01:48,Kennedy Wilson Source Expansion,Placeholder,Source URL not yet confirmed,Warning,Review or replace this source URL if it is important.
2026-05-21 23:01:48,Hines Source Expansion,Failed,RSS parsing issue,Warning,Review or replace this source URL if it is important.
2026-05-21 23:01:48,GID Source Expansion,Placeholder,Source URL not yet confirmed,Warning,Review or replace this source URL if it is important.
2026-05-21 23:01:48,Waterton Source Expansion,Placeholder,Source URL not yet confirmed,Warning,Review or replace this source URL if it is important.
2026-05-21 23:01:48,Carmel Partners Source Expansion,Placeholder,Source URL not yet confirmed,Warning,Review or replace this source URL if it is important.
2026-05-21 23:01:48,CIM Group Source Expansion,Placeholder,Source URL not yet confirmed,Warning,Review or replace this source URL if it is important.
2026-05-21 23:01:48,LivCor Source Expansion,Placeholder,Source URL not yet confirmed,Warning,Review or replace this source URL if it is important.
2026-05-21 23:01:48,BGO Source Expansion,Placeholder,Source URL not yet confirmed,Warning,Review or replace this source URL if it is important.
2026-05-21 23:01:48,Harbor Group International Source Expansion,Placeholder,Source URL not yet confirmed,Warning,Review or replace this source URL if it is important.
2026-05-21 23:01:48,Starwood Capital Source Expansion,Placeholder,Source URL not yet confirmed,Warning,Review or replace this source URL if it is important.
2026-05-21 23:01:48,PGIM Real Estate Source Expansion,Placeholder,Source URL not yet confirmed,Warning,Review or replace this source URL if it is important.
2026-05-21 23:01:48,Nuveen Real Estate Source Expansion,Placeholder,Source URL not yet confirmed,Warning,Review or replace this source URL if it is important.
2026-05-21 23:01:48,KKR Real Estate Source Expansion,Placeholder,Source URL not yet confirmed,Warning,Review or replace this source URL if it is important.
2026-05-21 23:01:48,Carlyle Real Estate Source Expansion,Placeholder,Source URL not yet confirmed,Warning,Review or replace this source URL if it is important.
2026-05-21 23:01:48,Apollo Real Estate Source Expansion,Placeholder,Source URL not yet confirmed,Warning,Review or replace this source URL if it is important.
2026-05-21 23:01:48,Invitation Homes Source Expansion,Placeholder,Source URL not yet confirmed,Warning,Review or replace this source URL if it is important.
2026-05-21 23:01:48,American Homes 4 Rent Source Expansion,Placeholder,Source URL not yet confirmed,Warning,Review or replace this source URL if it is important.
2026-05-21 23:01:48,Progress Residential Source Expansion,Placeholder,Source URL not yet confirmed,Warning,Review or replace this source URL if it is important.
2026-05-21 23:01:48,Tricon Residential Source Expansion,Placeholder,Source URL not yet confirmed,Warning,Review or replace this source URL if it is important.
2026-05-21 23:01:48,Pretium Source Expansion,Placeholder,Source URL not yet confirmed,Warning,Review or replace this source URL if it is important.
2026-05-21 23:01:48,NexMetro Communities Source Expansion,Placeholder,Source URL not yet confirmed,Warning,Review or replace this source URL if it is important.
2026-05-21 23:01:48,Christopher Todd Communities Source Expansion,Placeholder,Source URL not yet confirmed,Warning,Review or replace this source URL if it is important.
2026-05-21 23:01:48,BB Living Source Expansion,Placeholder,Source URL not yet confirmed,Warning,Review or replace this source URL if it is important.
2026-05-21 23:01:48,AHV Communities Source Expansion,Placeholder,Source URL not yet confirmed,Warning,Review or replace this source URL if it is important.
2026-05-21 23:01:48,Quinn Residences Source Expansion,Placeholder,Source URL not yet confirmed,Warning,Review or replace this source URL if it is important.
2026-05-21 23:01:48,Core Spaces Source Expansion,Placeholder,Source URL not yet confirmed,Warning,Review or replace this source URL if it is important.
2026-05-21 23:01:48,Landmark Properties Source Expansion,Placeholder,Source URL not yet confirmed,Warning,Review or replace this source URL if it is important.
2026-05-21 23:01:48,The Dinerstein Companies Source Expansion,Placeholder,Source URL not yet confirmed,Warning,Review or replace this source URL if it is important.
2026-05-21 23:01:48,LV Collective Source Expansion,Placeholder,Source URL not yet confirmed,Warning,Review or replace this source URL if it is important.
2026-05-21 23:01:48,CA Ventures Source Expansion,Placeholder,Source URL not yet confirmed,Warning,Review or replace this source URL if it is important.
2026-05-21 23:01:48,Gilbane Development Source Expansion,Placeholder,Source URL not yet confirmed,Warning,Review or replace this source URL if it is important.
2026-05-21 23:01:48,Harrison Street Source Expansion,Placeholder,Source URL not yet confirmed,Warning,Review or replace this source URL if it is important.
2026-05-21 23:01:48,Scion Group Source Expansion,Placeholder,Source URL not yet confirmed,Warning,Review or replace this source URL if it is important.
2026-05-21 23:01:48,American Campus Communities Source Expansion,Placeholder,Source URL not yet confirmed,Warning,Review or replace this source URL if it is important.
2026-05-21 23:01:48,Welltower Source Expansion,Placeholder,Source URL not yet confirmed,Warning,Review or replace this source URL if it is important.
2026-05-21 23:01:48,Ventas Source Expansion,Placeholder,Source URL not yet confirmed,Warning,Review or replace this source URL if it is important.
2026-05-21 23:01:48,Brookdale Source Expansion,Placeholder,Source URL not yet confirmed,Warning,Review or replace this source URL if it is important.
2026-05-21 23:01:48,Atria Senior Living Source Expansion,Placeholder,Source URL not yet confirmed,Warning,Review or replace this source URL if it is important.
2026-05-21 23:01:48,Sunrise Senior Living Source Expansion,Placeholder,Source URL not yet confirmed,Warning,Review or replace this source URL if it is important.
2026-05-21 23:01:48,Erickson Senior Living Source Expansion,Placeholder,Source URL not yet confirmed,Warning,Review or replace this source URL if it is important.
2026-05-21 23:01:48,Discovery Senior Living Source Expansion,Placeholder,Source URL not yet confirmed,Warning,Review or replace this source URL if it is important.
2026-05-21 23:01:48,Bridge Investment Group Source Expansion,Placeholder,Source URL not yet confirmed,Warning,Review or replace this source URL if it is important.
2026-05-21 23:01:48,Avenue Development Source Expansion,Placeholder,Source URL not yet confirmed,Warning,Review or replace this source URL if it is important.
2026-05-21 23:01:48,Sparrow Partners Source Expansion,Placeholder,Source URL not yet confirmed,Warning,Review or replace this source URL if it is important.
2026-05-21 23:01:48,Greystone Source Expansion,Placeholder,Source URL not yet confirmed,Warning,Review or replace this source URL if it is important.
2026-05-21 23:01:48,Berkadia Source Expansion,Failed,RSS parsing issue,Warning,Review or replace this source URL if it is important.
2026-05-21 23:01:48,Walker & Dunlop Source Expansion,Failed,RSS parsing issue,Warning,Review or replace this source URL if it is important.
2026-05-21 23:01:48,CBRE Capital Markets Source Expansion,Placeholder,Source URL not yet confirmed,Warning,Review or replace this source URL if it is important.
2026-05-21 23:01:48,JLL Capital Markets Source Expansion,Placeholder,Source URL not yet confirmed,Warning,Review or replace this source URL if it is important.
2026-05-21 23:01:48,Cushman & Wakefield Source Expansion,Placeholder,Source URL not yet confirmed,Warning,Review or replace this source URL if it is important.
2026-05-21 23:01:48,Newmark Source Expansion,Placeholder,Source URL not yet confirmed,Warning,Review or replace this source URL if it is important.
2026-05-21 23:01:48,Eastdil Secured Source Expansion,Placeholder,Source URL not yet confirmed,Warning,Review or replace this source URL if it is important.
2026-05-21 23:01:48,Northmarq Source Expansion,Placeholder,Source URL not yet confirmed,Warning,Review or replace this source URL if it is important.
2026-05-21 23:01:48,Marcus & Millichap Capital Corporation Source Expansion,Placeholder,Source URL not yet confirmed,Warning,Review or replace this source URL if it is important.
2026-05-21 23:01:48,Freddie Mac Multifamily Source Expansion,Placeholder,Source URL not yet confirmed,Warning,Review or replace this source URL if it is important.
2026-05-21 23:01:48,Fannie Mae Multifamily Source Expansion,Placeholder,Source URL not yet confirmed,Warning,Review or replace this source URL if it is important.
2026-05-22 23:01:55,Multi-Housing News,Failed,RSS parsing issue,Warning,Review or replace this source URL if it is important.
2026-05-22 23:01:55,GlobeSt,Failed,RSS parsing issue,Warning,Review or replace this source URL if it is important.
2026-05-22 23:01:55,The Real Deal,Failed,RSS parsing issue,Warning,Review or replace this source URL if it is important.
2026-05-22 23:01:55,PERE,Placeholder,Source URL not yet confirmed,Warning,Review or replace this source URL if it is important.
2026-05-22 23:01:55,Urban Land Institute,Failed,RSS parsing issue,Warning,Review or replace this source URL if it is important.
2026-05-22 23:01:55,NMHC News,Failed,RSS parsing issue,Warning,Review or replace this source URL if it is important.
2026-05-22 23:01:55,Freddie Mac Multifamily,Placeholder,Source URL not yet confirmed,Warning,Review or replace this source URL if it is important.
2026-05-22 23:01:55,Fannie Mae Multifamily,Placeholder,Source URL not yet confirmed,Warning,Review or replace this source URL if it is important.
2026-05-22 23:01:55,MBA Commercial / Multifamily,Placeholder,Source URL not yet confirmed,Warning,Review or replace this source URL if it is important.
2026-05-22 23:01:55,Walker & Dunlop Insights,Failed,RSS parsing issue,Warning,Review or replace this source URL if it is important.
2026-05-22 23:01:55,Berkadia Research,Failed,RSS parsing issue,Warning,Review or replace this source URL if it is important.
2026-05-22 23:01:55,CBRE Multifamily / Living Sector,Placeholder,Source URL not yet confirmed,Warning,Review or replace this source URL if it is important.
2026-05-22 23:01:55,JLL Living / Multifamily,Placeholder,Source URL not yet confirmed,Warning,Review or replace this source URL if it is important.
2026-05-22 23:01:55,Cushman & Wakefield Multifamily,Placeholder,Source URL not yet confirmed,Warning,Review or replace this source URL if it is important.
2026-05-22 23:01:55,Marcus & Millichap Research,Placeholder,Source URL not yet confirmed,Warning,Review or replace this source URL if it is important.
2026-05-22 23:01:55,Greystar Newsroom,Placeholder,Source URL not yet confirmed,Warning,Review or replace this source URL if it is important.
2026-05-22 23:01:55,Kennedy Wilson Newsroom,Placeholder,Source URL not yet confirmed,Warning,Review or replace this source URL if it is important.
2026-05-22 23:01:55,Related Companies Newsroom,Placeholder,Source URL not yet confirmed,Warning,Review or replace this source URL if it is important.
2026-05-22 23:01:55,Related California Newsroom,Placeholder,Source URL not yet confirmed,Warning,Review or replace this source URL if it is important.
2026-05-22 23:01:55,Hines Newsroom,Failed,RSS parsing issue,Warning,Review or replace this source URL if it is important.
2026-05-22 23:01:55,Mill Creek Residential Newsroom,Placeholder,Source URL not yet confirmed,Warning,Review or replace this source URL if it is important.
2026-05-22 23:01:55,Trammell Crow Residential Newsroom,Placeholder,Source URL not yet confirmed,Warning,Review or replace this source URL if it is important.
2026-05-22 23:01:55,Toll Brothers Apartment Living Newsroom,Placeholder,Source URL not yet confirmed,Warning,Review or replace this source URL if it is important.
2026-05-22 23:01:55,Crescent Communities Newsroom,Placeholder,Source URL not yet confirmed,Warning,Review or replace this source URL if it is important.
2026-05-22 23:01:55,AvalonBay Newsroom,Placeholder,Source URL not yet confirmed,Warning,Review or replace this source URL if it is important.
2026-05-22 23:01:55,Essex Property Trust Newsroom,Placeholder,Source URL not yet confirmed,Warning,Review or replace this source URL if it is important.
2026-05-22 23:01:55,Camden Property Trust Newsroom,Placeholder,Source URL not yet confirmed,Warning,Review or replace this source URL if it is important.
2026-05-22 23:01:55,UDR Newsroom,Placeholder,Source URL not yet confirmed,Warning,Review or replace this source URL if it is important.
2026-05-22 23:01:55,MAA Newsroom,Placeholder,Source URL not yet confirmed,Warning,Review or replace this source URL if it is important.
2026-05-22 23:01:55,Equity Residential Newsroom,Placeholder,Source URL not yet confirmed,Warning,Review or replace this source URL if it is important.
2026-05-22 23:01:55,Brookfield Real Estate,Placeholder,Source URL not yet confirmed,Warning,Review or replace this source URL if it is important.
2026-05-22 23:01:55,LA Business Journal,Placeholder,Source URL not yet confirmed,Warning,Review or replace this source URL if it is important.
2026-05-22 23:01:55,Los Angeles City Planning,Placeholder,Source URL not yet confirmed,Warning,Review or replace this source URL if it is important.
2026-05-22 23:01:55,California HCD,Placeholder,Source URL not yet confirmed,Warning,Review or replace this source URL if it is important.
2026-05-22 23:01:55,California YIMBY,Failed,RSS parsing issue,Warning,Review or replace this source URL if it is important.
2026-05-22 23:01:55,Urbanize California,Placeholder,Source URL not yet confirmed,Warning,Review or replace this source URL if it is important.
2026-05-22 23:01:55,CRE Daily,Placeholder,Source URL not yet confirmed,Warning,Review or replace this source URL if it is important.
2026-05-22 23:01:55,Institutional Property Advisors,Placeholder,Source URL not yet confirmed,Warning,Review or replace this source URL if it is important.
2026-05-22 23:01:55,JLL Newsroom,Placeholder,Source URL not yet confirmed,Warning,Review or replace this source URL if it is important.
2026-05-22 23:01:55,CBRE Newsroom,Placeholder,Source URL not yet confirmed,Warning,Review or replace this source URL if it is important.
2026-05-22 23:01:55,Cushman & Wakefield Newsroom,Placeholder,Source URL not yet confirmed,Warning,Review or replace this source URL if it is important.
2026-05-22 23:01:55,Marcus & Millichap Newsroom,Placeholder,Source URL not yet confirmed,Warning,Review or replace this source URL if it is important.
2026-05-22 23:01:55,Dallas Business Journal,Placeholder,Source URL not yet confirmed,Warning,Review or replace this source URL if it is important.
2026-05-22 23:01:55,Austin Business Journal,Placeholder,Source URL not yet confirmed,Warning,Review or replace this source URL if it is important.
2026-05-22 23:01:55,South Florida Business Journal,Placeholder,Source URL not yet confirmed,Warning,Review or replace this source URL if it is important.
2026-05-22 23:01:55,Phoenix Business Journal,Placeholder,Source URL not yet confirmed,Warning,Review or replace this source URL if it is important.
2026-05-22 23:01:55,Atlanta Business Chronicle,Placeholder,Source URL not yet confirmed,Warning,Review or replace this source URL if it is important.
2026-05-22 23:01:55,Charlotte Business Journal,Placeholder,Source URL not yet confirmed,Warning,Review or replace this source URL if it is important.
2026-05-22 23:01:55,Los Angeles Business Journal,Placeholder,Source URL not yet confirmed,Warning,Review or replace this source URL if it is important.
2026-05-22 23:01:55,San Francisco Business Times,Placeholder,Source URL not yet confirmed,Warning,Review or replace this source URL if it is important.
2026-05-22 23:01:55,Orange County Business Journal,Placeholder,Source URL not yet confirmed,Warning,Review or replace this source URL if it is important.
2026-05-22 23:01:55,Denver Business Journal,Placeholder,Source URL not yet confirmed,Warning,Review or replace this source URL if it is important.
2026-05-22 23:01:55,Nashville Business Journal,Placeholder,Source URL not yet confirmed,Warning,Review or replace this source URL if it is important.
2026-05-22 23:01:55,Greystar Source Expansion,Placeholder,Source URL not yet confirmed,Warning,Review or replace this source URL if it is important.
2026-05-22 23:01:55,Mill Creek Residential Source Expansion,Placeholder,Source URL not yet confirmed,Warning,Review or replace this source URL if it is important.
2026-05-22 23:01:55,Trammell Crow Residential Source Expansion,Placeholder,Source URL not yet confirmed,Warning,Review or replace this source URL if it is important.
2026-05-22 23:01:55,Lincoln Property Company Source Expansion,Placeholder,Source URL not yet confirmed,Warning,Review or replace this source URL if it is important.
2026-05-22 23:01:55,Fairfield Residential Source Expansion,Placeholder,Source URL not yet confirmed,Warning,Review or replace this source URL if it is important.
2026-05-22 23:01:55,Alliance Residential Source Expansion,Placeholder,Source URL not yet confirmed,Warning,Review or replace this source URL if it is important.
2026-05-22 23:01:55,Wood Partners Source Expansion,Placeholder,Source URL not yet confirmed,Warning,Review or replace this source URL if it is important.
2026-05-22 23:01:55,Hanover Company Source Expansion,Placeholder,Source URL not yet confirmed,Warning,Review or replace this source URL if it is important.
2026-05-22 23:01:55,Holland Partner Group Source Expansion,Placeholder,Source URL not yet confirmed,Warning,Review or replace this source URL if it is important.
2026-05-22 23:01:55,JPI Source Expansion,Placeholder,Source URL not yet confirmed,Warning,Review or replace this source URL if it is important.
2026-05-22 23:01:55,Kairoi Residential Source Expansion,Placeholder,Source URL not yet confirmed,Warning,Review or replace this source URL if it is important.
2026-05-22 23:01:55,AMLI Residential Source Expansion,Placeholder,Source URL not yet confirmed,Warning,Review or replace this source URL if it is important.
2026-05-22 23:01:55,Quarterra Source Expansion,Placeholder,Source URL not yet confirmed,Warning,Review or replace this source URL if it is important.
2026-05-22 23:01:55,Toll Brothers Apartment Living Source Expansion,Placeholder,Source URL not yet confirmed,Warning,Review or replace this source URL if it is important.
2026-05-22 23:01:55,AvalonBay Source Expansion,Placeholder,Source URL not yet confirmed,Warning,Review or replace this source URL if it is important.
2026-05-22 23:01:55,Camden Property Trust Source Expansion,Placeholder,Source URL not yet confirmed,Warning,Review or replace this source URL if it is important.
2026-05-22 23:01:55,MAA Source Expansion,Placeholder,Source URL not yet confirmed,Warning,Review or replace this source URL if it is important.
2026-05-22 23:01:55,UDR Source Expansion,Placeholder,Source URL not yet confirmed,Warning,Review or replace this source URL if it is important.
2026-05-22 23:01:55,Equity Residential Source Expansion,Placeholder,Source URL not yet confirmed,Warning,Review or replace this source URL if it is important.
2026-05-22 23:01:55,Essex Property Trust Source Expansion,Placeholder,Source URL not yet confirmed,Warning,Review or replace this source URL if it is important.
2026-05-22 23:01:55,Brookfield Real Estate Source Expansion,Placeholder,Source URL not yet confirmed,Warning,Review or replace this source URL if it is important.
2026-05-22 23:01:55,Kennedy Wilson Source Expansion,Placeholder,Source URL not yet confirmed,Warning,Review or replace this source URL if it is important.
2026-05-22 23:01:55,Hines Source Expansion,Failed,RSS parsing issue,Warning,Review or replace this source URL if it is important.
2026-05-22 23:01:55,GID Source Expansion,Placeholder,Source URL not yet confirmed,Warning,Review or replace this source URL if it is important.
2026-05-22 23:01:55,Waterton Source Expansion,Placeholder,Source URL not yet confirmed,Warning,Review or replace this source URL if it is important.
2026-05-22 23:01:55,Carmel Partners Source Expansion,Placeholder,Source URL not yet confirmed,Warning,Review or replace this source URL if it is important.
2026-05-22 23:01:55,CIM Group Source Expansion,Placeholder,Source URL not yet confirmed,Warning,Review or replace this source URL if it is important.
2026-05-22 23:01:55,LivCor Source Expansion,Placeholder,Source URL not yet confirmed,Warning,Review or replace this source URL if it is important.
2026-05-22 23:01:55,BGO Source Expansion,Placeholder,Source URL not yet confirmed,Warning,Review or replace this source URL if it is important.
2026-05-22 23:01:55,Harbor Group International Source Expansion,Placeholder,Source URL not yet confirmed,Warning,Review or replace this source URL if it is important.
2026-05-22 23:01:55,Starwood Capital Source Expansion,Placeholder,Source URL not yet confirmed,Warning,Review or replace this source URL if it is important.
2026-05-22 23:01:55,PGIM Real Estate Source Expansion,Placeholder,Source URL not yet confirmed,Warning,Review or replace this source URL if it is important.
2026-05-22 23:01:55,Nuveen Real Estate Source Expansion,Placeholder,Source URL not yet confirmed,Warning,Review or replace this source URL if it is important.
2026-05-22 23:01:55,KKR Real Estate Source Expansion,Placeholder,Source URL not yet confirmed,Warning,Review or replace this source URL if it is important.
2026-05-22 23:01:55,Carlyle Real Estate Source Expansion,Placeholder,Source URL not yet confirmed,Warning,Review or replace this source URL if it is important.
2026-05-22 23:01:55,Apollo Real Estate Source Expansion,Placeholder,Source URL not yet confirmed,Warning,Review or replace this source URL if it is important.
2026-05-22 23:01:55,Invitation Homes Source Expansion,Placeholder,Source URL not yet confirmed,Warning,Review or replace this source URL if it is important.
2026-05-22 23:01:55,American Homes 4 Rent Source Expansion,Placeholder,Source URL not yet confirmed,Warning,Review or replace this source URL if it is important.
2026-05-22 23:01:55,Progress Residential Source Expansion,Placeholder,Source URL not yet confirmed,Warning,Review or replace this source URL if it is important.
2026-05-22 23:01:55,Tricon Residential Source Expansion,Placeholder,Source URL not yet confirmed,Warning,Review or replace this source URL if it is important.
2026-05-22 23:01:55,Pretium Source Expansion,Placeholder,Source URL not yet confirmed,Warning,Review or replace this source URL if it is important.
2026-05-22 23:01:55,NexMetro Communities Source Expansion,Placeholder,Source URL not yet confirmed,Warning,Review or replace this source URL if it is important.
2026-05-22 23:01:55,Christopher Todd Communities Source Expansion,Placeholder,Source URL not yet confirmed,Warning,Review or replace this source URL if it is important.
2026-05-22 23:01:55,BB Living Source Expansion,Placeholder,Source URL not yet confirmed,Warning,Review or replace this source URL if it is important.
2026-05-22 23:01:55,AHV Communities Source Expansion,Placeholder,Source URL not yet confirmed,Warning,Review or replace this source URL if it is important.
2026-05-22 23:01:55,Quinn Residences Source Expansion,Placeholder,Source URL not yet confirmed,Warning,Review or replace this source URL if it is important.
2026-05-22 23:01:55,Core Spaces Source Expansion,Placeholder,Source URL not yet confirmed,Warning,Review or replace this source URL if it is important.
2026-05-22 23:01:55,Landmark Properties Source Expansion,Placeholder,Source URL not yet confirmed,Warning,Review or replace this source URL if it is important.
2026-05-22 23:01:55,The Dinerstein Companies Source Expansion,Placeholder,Source URL not yet confirmed,Warning,Review or replace this source URL if it is important.
2026-05-22 23:01:55,LV Collective Source Expansion,Placeholder,Source URL not yet confirmed,Warning,Review or replace this source URL if it is important.
2026-05-22 23:01:55,CA Ventures Source Expansion,Placeholder,Source URL not yet confirmed,Warning,Review or replace this source URL if it is important.
2026-05-22 23:01:55,Gilbane Development Source Expansion,Placeholder,Source URL not yet confirmed,Warning,Review or replace this source URL if it is important.
2026-05-22 23:01:55,Harrison Street Source Expansion,Placeholder,Source URL not yet confirmed,Warning,Review or replace this source URL if it is important.
2026-05-22 23:01:55,Scion Group Source Expansion,Placeholder,Source URL not yet confirmed,Warning,Review or replace this source URL if it is important.
2026-05-22 23:01:55,American Campus Communities Source Expansion,Placeholder,Source URL not yet confirmed,Warning,Review or replace this source URL if it is important.
2026-05-22 23:01:55,Welltower Source Expansion,Placeholder,Source URL not yet confirmed,Warning,Review or replace this source URL if it is important.
2026-05-22 23:01:55,Ventas Source Expansion,Placeholder,Source URL not yet confirmed,Warning,Review or replace this source URL if it is important.
2026-05-22 23:01:55,Brookdale Source Expansion,Placeholder,Source URL not yet confirmed,Warning,Review or replace this source URL if it is important.
2026-05-22 23:01:55,Atria Senior Living Source Expansion,Placeholder,Source URL not yet confirmed,Warning,Review or replace this source URL if it is important.
2026-05-22 23:01:55,Sunrise Senior Living Source Expansion,Placeholder,Source URL not yet confirmed,Warning,Review or replace this source URL if it is important.
2026-05-22 23:01:55,Erickson Senior Living Source Expansion,Placeholder,Source URL not yet confirmed,Warning,Review or replace this source URL if it is important.
2026-05-22 23:01:55,Discovery Senior Living Source Expansion,Placeholder,Source URL not yet confirmed,Warning,Review or replace this source URL if it is important.
2026-05-22 23:01:55,Bridge Investment Group Source Expansion,Placeholder,Source URL not yet confirmed,Warning,Review or replace this source URL if it is important.
2026-05-22 23:01:55,Avenue Development Source Expansion,Placeholder,Source URL not yet confirmed,Warning,Review or replace this source URL if it is important.
2026-05-22 23:01:55,Sparrow Partners Source Expansion,Placeholder,Source URL not yet confirmed,Warning,Review or replace this source URL if it is important.
2026-05-22 23:01:55,Greystone Source Expansion,Placeholder,Source URL not yet confirmed,Warning,Review or replace this source URL if it is important.
2026-05-22 23:01:55,Berkadia Source Expansion,Failed,RSS parsing issue,Warning,Review or replace this source URL if it is important.
2026-05-22 23:01:55,Walker & Dunlop Source Expansion,Failed,RSS parsing issue,Warning,Review or replace this source URL if it is important.
2026-05-22 23:01:55,CBRE Capital Markets Source Expansion,Placeholder,Source URL not yet confirmed,Warning,Review or replace this source URL if it is important.
2026-05-22 23:01:55,JLL Capital Markets Source Expansion,Placeholder,Source URL not yet confirmed,Warning,Review or replace this source URL if it is important.
2026-05-22 23:01:55,Cushman & Wakefield Source Expansion,Placeholder,Source URL not yet confirmed,Warning,Review or replace this source URL if it is important.
2026-05-22 23:01:55,Newmark Source Expansion,Placeholder,Source URL not yet confirmed,Warning,Review or replace this source URL if it is important.
2026-05-22 23:01:55,Eastdil Secured Source Expansion,Placeholder,Source URL not yet confirmed,Warning,Review or replace this source URL if it is important.
2026-05-22 23:01:55,Northmarq Source Expansion,Placeholder,Source URL not yet confirmed,Warning,Review or replace this source URL if it is important.
2026-05-22 23:01:55,Marcus & Millichap Capital Corporation Source Expansion,Placeholder,Source URL not yet confirmed,Warning,Review or replace this source URL if it is important.
2026-05-22 23:01:55,Freddie Mac Multifamily Source Expansion,Placeholder,Source URL not yet confirmed,Warning,Review or replace this source URL if it is important.
2026-05-22 23:01:55,Fannie Mae Multifamily Source Expansion,Placeholder,Source URL not yet confirmed,Warning,Review or replace this source URL if it is important.
